﻿"DateTime","Spotify Streams","Change"
"2023-05-01 00:00:00",20903593,21260
"2023-04-30 00:00:00",20882333,0
"2023-04-29 00:00:00",20882333,24700
"2023-04-28 00:00:00",20857633,39237
"2023-04-27 00:00:00",20818396,15105
"2023-04-26 00:00:00",20803291,13537
"2023-04-25 00:00:00",20789754,13537
"2023-04-24 00:00:00",20776217,0
"2023-04-23 00:00:00",20776217,14679
"2023-04-22 00:00:00",20761538,32539
"2023-04-21 00:00:00",20728999,15865
"2023-04-20 00:00:00",20713134,15393
"2023-04-19 00:00:00",20697741,14989
"2023-04-18 00:00:00",20682752,13227
"2023-04-17 00:00:00",20669525,14803
"2023-04-16 00:00:00",20654722,16532
"2023-04-15 00:00:00",20638190,16464
"2023-04-14 00:00:00",20621726,15799
"2023-04-13 00:00:00",20605927,15847
"2023-04-12 00:00:00",20590080,0
"2023-04-11 00:00:00",20590080,27008
"2023-04-10 00:00:00",20563072,14627
"2023-04-09 00:00:00",20548445,15738
"2023-04-08 00:00:00",20532707,17311
"2023-04-07 00:00:00",20515396,16925
"2023-04-06 00:00:00",20498471,16889
"2023-04-05 00:00:00",20481582,16666
"2023-04-04 00:00:00",20464916,0
"2023-04-03 00:00:00",20464916,28831
"2023-04-02 00:00:00",20436085,16632
"2023-04-01 00:00:00",20419453,16604
"2023-03-31 00:00:00",20402849,16445
"2023-03-30 00:00:00",20386404,15681
"2023-03-29 00:00:00",20370723,15385
"2023-03-28 00:00:00",20355338,13482
"2023-03-27 00:00:00",20341856,14679
"2023-03-26 00:00:00",20327177,16247
"2023-03-25 00:00:00",20310930,15974
"2023-03-24 00:00:00",20294956,15868
"2023-03-23 00:00:00",20279088,0
"2023-03-22 00:00:00",20279088,31584
"2023-03-21 00:00:00",20247504,13556
"2023-03-20 00:00:00",20233948,14784
"2023-03-19 00:00:00",20219164,16264
"2023-03-18 00:00:00",20202900,16797
"2023-03-17 00:00:00",20186103,16434
"2023-03-16 00:00:00",20169669,16014
"2023-03-15 00:00:00",20153655,16065
"2023-03-14 00:00:00",20137590,14260
"2023-03-13 00:00:00",20123330,15567
"2023-03-12 00:00:00",20107763,0
"2023-03-11 00:00:00",20107763,33702
"2023-03-10 00:00:00",20074061,16692
"2023-03-09 00:00:00",20057369,16841
"2023-03-08 00:00:00",20040528,16071
"2023-03-07 00:00:00",20024457,13802
"2023-03-06 00:00:00",20010655,15446
"2023-03-05 00:00:00",19995209,0
"2023-03-04 00:00:00",19995209,34096
"2023-03-03 00:00:00",19961113,0
"2023-03-02 00:00:00",19961113,34568
"2023-03-01 00:00:00",19926545,16146
"2023-02-28 00:00:00",19910399,0
"2023-02-27 00:00:00",19910399,30204
"2023-02-26 00:00:00",19880195,17853
"2023-02-25 00:00:00",19862342,18102
"2023-02-24 00:00:00",19844240,18299
"2023-02-23 00:00:00",19825941,18089
"2023-02-22 00:00:00",19807852,16856
"2023-02-21 00:00:00",19790996,15402
"2023-02-20 00:00:00",19775594,17206
"2023-02-19 00:00:00",19758388,18801
"2023-02-18 00:00:00",19739587,18612
"2023-02-17 00:00:00",19720975,19204
"2023-02-16 00:00:00",19701771,19144
"2023-02-15 00:00:00",19682627,17852
"2023-02-14 00:00:00",19664775,15712
"2023-02-13 00:00:00",19649063,17878
"2023-02-12 00:00:00",19631185,20011
"2023-02-11 00:00:00",19611174,20085
"2023-02-10 00:00:00",19591089,19975
"2023-02-09 00:00:00",19571114,20123
"2023-02-08 00:00:00",19550991,19600
"2023-02-07 00:00:00",19531391,0
"2023-02-06 00:00:00",19531391,33446
"2023-02-05 00:00:00",19497945,0
"2023-02-04 00:00:00",19497945,19447
"2023-02-03 00:00:00",19478498,18689
"2023-02-02 00:00:00",19459809,36826
"2023-02-01 00:00:00",19422983,17277
"2023-01-31 00:00:00",19405706,15261
"2023-01-30 00:00:00",19390445,17407
"2023-01-29 00:00:00",19373038,19736
"2023-01-28 00:00:00",19353302,19129
"2023-01-27 00:00:00",19334173,19794
"2023-01-26 00:00:00",19314379,19749
"2023-01-25 00:00:00",19294630,18731
"2023-01-24 00:00:00",19275899,16029
"2023-01-23 00:00:00",19259870,18336
"2023-01-22 00:00:00",19241534,20608
"2023-01-21 00:00:00",19220926,20501
"2023-01-20 00:00:00",19200425,20244
"2023-01-19 00:00:00",19180181,19862
"2023-01-18 00:00:00",19160319,18517
"2023-01-17 00:00:00",19141802,0
"2023-01-16 00:00:00",19141802,34973
"2023-01-15 00:00:00",19106829,20974
"2023-01-14 00:00:00",19085855,20577
"2023-01-13 00:00:00",19065278,21090
"2023-01-12 00:00:00",19044188,20857
"2023-01-11 00:00:00",19023331,20613
"2023-01-10 00:00:00",19002718,17863
"2023-01-09 00:00:00",18984855,19665
"2023-01-08 00:00:00",18965190,20991
"2023-01-07 00:00:00",18944199,20528
"2023-01-06 00:00:00",18923671,21386
"2023-01-05 00:00:00",18902285,20456
"2023-01-04 00:00:00",18881829,18654
"2023-01-03 00:00:00",18863175,16777
"2023-01-02 00:00:00",18846398,20566
"2023-01-01 00:00:00",18825832,21105
"2022-12-31 00:00:00",18804727,21217
"2022-12-30 00:00:00",18783510,20602
"2022-12-29 00:00:00",18762908,19786
"2022-12-28 00:00:00",18743122,16790
"2022-12-27 00:00:00",18726332,13309
"2022-12-26 00:00:00",18713023,17515
"2022-12-25 00:00:00",18695508,20284
"2022-12-24 00:00:00",18675224,21962
"2022-12-23 00:00:00",18653262,21993
"2022-12-22 00:00:00",18631269,22331
"2022-12-21 00:00:00",18608938,21465
"2022-12-20 00:00:00",18587473,19273
"2022-12-19 00:00:00",18568200,0
"2022-12-18 00:00:00",18568200,45255
"2022-12-17 00:00:00",18522945,23728
"2022-12-16 00:00:00",18499217,23301
"2022-12-15 00:00:00",18475916,23119
"2022-12-14 00:00:00",18452797,21111
"2022-12-13 00:00:00",18431686,18201
"2022-12-12 00:00:00",18413485,20368
"2022-12-11 00:00:00",18393117,22913
"2022-12-10 00:00:00",18370204,24211
"2022-12-09 00:00:00",18345993,24294
"2022-12-08 00:00:00",18321699,23772
"2022-12-07 00:00:00",18297927,23654
"2022-12-06 00:00:00",18274273,27767
"2022-12-05 00:00:00",18246506,27767
"2022-12-04 00:00:00",18218739,27767
"2022-12-03 00:00:00",18190972,27767
"2022-12-02 00:00:00",18163205,27767
"2022-12-01 00:00:00",18135438,22424
"2022-11-30 00:00:00",18113014,21399
"2022-11-29 00:00:00",18091615,18403
"2022-11-28 00:00:00",18073212,19729
"2022-11-27 00:00:00",18053483,19898
"2022-11-26 00:00:00",18033585,20655
"2022-11-25 00:00:00",18012930,23424
"2022-11-24 00:00:00",17989506,23509
"2022-11-23 00:00:00",17965997,22825
"2022-11-22 00:00:00",17943172,19857
"2022-11-21 00:00:00",17923315,23475
"2022-11-20 00:00:00",17899840,26463
"2022-11-19 00:00:00",17873377,26209
"2022-11-18 00:00:00",17847168,26640
"2022-11-17 00:00:00",17820528,25885
"2022-11-16 00:00:00",17794643,24553
"2022-11-15 00:00:00",17770090,20334
"2022-11-14 00:00:00",17749756,24185
"2022-11-13 00:00:00",17725571,27279
"2022-11-12 00:00:00",17698292,28050
"2022-11-11 00:00:00",17670242,26669
"2022-11-10 00:00:00",17643573,26841
"2022-11-09 00:00:00",17616732,25923
"2022-11-08 00:00:00",17590809,21846
"2022-11-07 00:00:00",17568963,23772
"2022-11-06 00:00:00",17545191,27864
"2022-11-05 00:00:00",17517327,31604
"2022-11-04 00:00:00",17485723,29447
"2022-11-03 00:00:00",17456276,27475
"2022-11-02 00:00:00",17428801,27858
"2022-11-01 00:00:00",17400943,24099
"2022-10-31 00:00:00",17376844,25964
"2022-10-30 00:00:00",17350880,28890
"2022-10-29 00:00:00",17321990,29137
"2022-10-28 00:00:00",17292853,27672
"2022-10-27 00:00:00",17265181,28096
"2022-10-26 00:00:00",17237085,27189
"2022-10-25 00:00:00",17209896,23045
"2022-10-24 00:00:00",17186851,26634
"2022-10-23 00:00:00",17160217,29788
"2022-10-22 00:00:00",17130429,30292
"2022-10-21 00:00:00",17100137,29256
"2022-10-20 00:00:00",17070881,30195
"2022-10-19 00:00:00",17040686,27741
"2022-10-18 00:00:00",17012945,24385
"2022-10-17 00:00:00",16988560,27035
"2022-10-16 00:00:00",16961525,30828
"2022-10-15 00:00:00",16930697,30325
"2022-10-14 00:00:00",16900372,30381
"2022-10-13 00:00:00",16869991,32230
"2022-10-12 00:00:00",16837761,30934
"2022-10-11 00:00:00",16806827,26369
"2022-10-10 00:00:00",16780458,30443
"2022-10-09 00:00:00",16750015,35649
"2022-10-08 00:00:00",16714366,34998
"2022-10-07 00:00:00",16679368,35816
"2022-10-06 00:00:00",16643552,33672
"2022-10-05 00:00:00",16609880,32145
"2022-10-04 00:00:00",16577735,27558
"2022-10-03 00:00:00",16550177,31865
"2022-10-02 00:00:00",16518312,36477
"2022-10-01 00:00:00",16481835,36209
"2022-09-30 00:00:00",16445626,35989
"2022-09-29 00:00:00",16409637,35862
"2022-09-28 00:00:00",16373775,34928
"2022-09-27 00:00:00",16338847,29922
"2022-09-26 00:00:00",16308925,34326
"2022-09-25 00:00:00",16274599,38164
"2022-09-24 00:00:00",16236435,37805
"2022-09-23 00:00:00",16198630,38106
"2022-09-22 00:00:00",16160524,38578
"2022-09-21 00:00:00",16121946,34750
"2022-09-20 00:00:00",16087196,30555
"2022-09-19 00:00:00",16056641,36044
"2022-09-18 00:00:00",16020597,39250
"2022-09-17 00:00:00",15981347,38113
"2022-09-16 00:00:00",15943234,38194
"2022-09-15 00:00:00",15905040,38096
"2022-09-14 00:00:00",15866944,36839
"2022-09-13 00:00:00",15830105,31519
"2022-09-12 00:00:00",15798586,35115
"2022-09-11 00:00:00",15763471,38841
"2022-09-10 00:00:00",15724630,39908
"2022-09-09 00:00:00",15684722,39235
"2022-09-08 00:00:00",15645487,74742
"2022-09-07 00:00:00",15570745,0
"2022-09-06 00:00:00",15570745,31488
"2022-09-05 00:00:00",15539257,35269
"2022-09-04 00:00:00",15503988,40260
"2022-09-03 00:00:00",15463728,39482
"2022-09-02 00:00:00",15424246,39084
"2022-09-01 00:00:00",15385162,39213
"2022-08-31 00:00:00",15345949,37962
"2022-08-30 00:00:00",15307987,32788
"2022-08-29 00:00:00",15275199,35957
"2022-08-28 00:00:00",15239242,39710
"2022-08-27 00:00:00",15199532,41379
"2022-08-26 00:00:00",15158153,39753
"2022-08-25 00:00:00",15118400,40198
"2022-08-24 00:00:00",15078202,38882
"2022-08-23 00:00:00",15039320,0
"2022-08-22 00:00:00",15039320,56137
"2022-08-21 00:00:00",14983183,56137
"2022-08-20 00:00:00",14927046,41285
"2022-08-19 00:00:00",14885761,41285
"2022-08-18 00:00:00",14844476,41007
"2022-08-17 00:00:00",14803469,40269
"2022-08-16 00:00:00",14763200,36973
"2022-08-15 00:00:00",14726227,42064
"2022-08-14 00:00:00",14684163,48012
"2022-08-13 00:00:00",14636151,47408
"2022-08-12 00:00:00",14588743,46864
"2022-08-11 00:00:00",14541879,43595
"2022-08-10 00:00:00",14498284,43242
"2022-08-09 00:00:00",14455042,39706
"2022-08-08 00:00:00",14415336,45393
"2022-08-07 00:00:00",14369943,48111
"2022-08-06 00:00:00",14321832,48558
"2022-08-05 00:00:00",14273274,48390
"2022-08-04 00:00:00",14224884,48810
"2022-08-03 00:00:00",14176074,47250
"2022-08-02 00:00:00",14128824,43720
"2022-08-01 00:00:00",14085104,48598
"2022-07-31 00:00:00",14036506,54359
"2022-07-30 00:00:00",13982147,54666
"2022-07-29 00:00:00",13927481,53490
"2022-07-28 00:00:00",13873991,54554
"2022-07-27 00:00:00",13819437,53334
"2022-07-26 00:00:00",13766103,46771
"2022-07-25 00:00:00",13719332,51336
"2022-07-24 00:00:00",13667996,56084
"2022-07-23 00:00:00",13611912,57646
"2022-07-22 00:00:00",13554266,58270
"2022-07-21 00:00:00",13495996,57563
"2022-07-20 00:00:00",13438433,56228
"2022-07-19 00:00:00",13382205,50355
"2022-07-18 00:00:00",13331850,56273
"2022-07-17 00:00:00",13275577,59610
"2022-07-16 00:00:00",13215967,60351
"2022-07-15 00:00:00",13155616,62681
"2022-07-14 00:00:00",13092935,127982
"2022-07-13 00:00:00",12964953,0
"2022-07-12 00:00:00",12964953,57916
"2022-07-11 00:00:00",12907037,63856
"2022-07-10 00:00:00",12843181,67949
"2022-07-09 00:00:00",12775232,70209
"2022-07-08 00:00:00",12705023,69273
"2022-07-07 00:00:00",12635750,68249
"2022-07-06 00:00:00",12567501,66374
"2022-07-05 00:00:00",12501127,61630
"2022-07-04 00:00:00",12439497,69406
"2022-07-03 00:00:00",12370091,73955
"2022-07-02 00:00:00",12296136,76295
"2022-07-01 00:00:00",12219841,76322
"2022-06-30 00:00:00",12143519,77966
"2022-06-29 00:00:00",12065553,75585
"2022-06-28 00:00:00",11989968,68723
"2022-06-27 00:00:00",11921245,77629
"2022-06-26 00:00:00",11843616,84845
"2022-06-25 00:00:00",11758771,87249
"2022-06-24 00:00:00",11671522,88664
"2022-06-23 00:00:00",11582858,89725
"2022-06-22 00:00:00",11493133,88839
"2022-06-21 00:00:00",11404294,80240
"2022-06-20 00:00:00",11324054,94123
"2022-06-19 00:00:00",11229931,103294
"2022-06-18 00:00:00",11126637,97530
"2022-06-17 00:00:00",11029107,100578
"2022-06-16 00:00:00",10928529,103580
"2022-06-15 00:00:00",10824949,102050
"2022-06-14 00:00:00",10722899,92697
"2022-06-13 00:00:00",10630202,107066
"2022-06-12 00:00:00",10523136,117293
"2022-06-11 00:00:00",10405843,114777
"2022-06-10 00:00:00",10291066,115165
"2022-06-09 00:00:00",10175901,116968
"2022-06-08 00:00:00",10058933,113154
"2022-06-07 00:00:00",9945779,103724
"2022-06-06 00:00:00",9842055,120089
"2022-06-05 00:00:00",9721966,130946
"2022-06-04 00:00:00",9591020,135333
"2022-06-03 00:00:00",9455687,135522
"2022-06-02 00:00:00",9320165,134895
"2022-06-01 00:00:00",9185270,129319
"2022-05-31 00:00:00",9055951,121538
"2022-05-30 00:00:00",8934413,139070
"2022-05-29 00:00:00",8795343,0
"2022-05-28 00:00:00",8795343,317617
"2022-05-27 00:00:00",8477726,167024
"2022-05-26 00:00:00",8310702,176015
"2022-05-25 00:00:00",8134687,175545
"2022-05-24 00:00:00",7959142,160124
"2022-05-23 00:00:00",7799018,188740
"2022-05-22 00:00:00",7610278,218290
"2022-05-21 00:00:00",7391988,231286
"2022-05-20 00:00:00",7160702,246515
"2022-05-19 00:00:00",6914187,265887
"2022-05-18 00:00:00",6648300,278030
"2022-05-17 00:00:00",6370270,257734
"2022-05-16 00:00:00",6112536,314013
"2022-05-15 00:00:00",5798523,389002
"2022-05-14 00:00:00",5409521,460799
"2022-05-13 00:00:00",4948722,509583
"2022-05-12 00:00:00",4439139,593221
"2022-05-11 00:00:00",3845918,655869
"2022-05-10 00:00:00",3190049,641296
"2022-05-09 00:00:00",2548753,971415
"2022-05-08 00:00:00",1577338,0