﻿"DateTime","Spotify Streams","Change"
"2023-05-14 00:00:00",5736605,9696
"2023-05-13 00:00:00",5726909,9878
"2023-05-12 00:00:00",5717031,9878
"2023-05-11 00:00:00",5707153,9635
"2023-05-10 00:00:00",5697518,9757
"2023-05-09 00:00:00",5687761,0
"2023-05-08 00:00:00",5687761,18365
"2023-05-07 00:00:00",5669396,10042
"2023-05-06 00:00:00",5659354,0
"2023-05-05 00:00:00",5659354,20888
"2023-05-04 00:00:00",5638466,10408
"2023-05-03 00:00:00",5628058,10588
"2023-05-02 00:00:00",5617470,10236
"2023-05-01 00:00:00",5607234,10236
"2023-04-30 00:00:00",5596997,10236
"2023-04-29 00:00:00",5586761,10505
"2023-04-28 00:00:00",5576256,10505
"2023-04-27 00:00:00",5565751,10350
"2023-04-26 00:00:00",5555401,9972
"2023-04-25 00:00:00",5545430,9972
"2023-04-24 00:00:00",5535458,10122
"2023-04-23 00:00:00",5525336,10706
"2023-04-22 00:00:00",5514630,10901
"2023-04-21 00:00:00",5503729,10901
"2023-04-20 00:00:00",5492829,10901
"2023-04-19 00:00:00",5481928,10968
"2023-04-18 00:00:00",5470960,9451
"2023-04-17 00:00:00",5461509,10184
"2023-04-16 00:00:00",5451325,10974
"2023-04-15 00:00:00",5440351,11053
"2023-04-14 00:00:00",5429298,11107
"2023-04-13 00:00:00",5418191,11335
"2023-04-12 00:00:00",5406856,11183
"2023-04-11 00:00:00",5395673,10096
"2023-04-10 00:00:00",5385577,11470
"2023-04-09 00:00:00",5374107,11745
"2023-04-08 00:00:00",5362362,12434
"2023-04-07 00:00:00",5349928,12468
"2023-04-06 00:00:00",5337460,11972
"2023-04-05 00:00:00",5325488,12258
"2023-04-04 00:00:00",5313230,11045
"2023-04-03 00:00:00",5302185,11833
"2023-04-02 00:00:00",5290352,12425
"2023-04-01 00:00:00",5277927,12129
"2023-03-31 00:00:00",5265798,11414
"2023-03-30 00:00:00",5254384,11310
"2023-03-29 00:00:00",5243074,11365
"2023-03-28 00:00:00",5231709,10409
"2023-03-27 00:00:00",5221300,11085
"2023-03-26 00:00:00",5210215,11540
"2023-03-25 00:00:00",5198675,11412
"2023-03-24 00:00:00",5187263,11670
"2023-03-23 00:00:00",5175593,12160
"2023-03-22 00:00:00",5163433,12403
"2023-03-21 00:00:00",5151030,11372
"2023-03-20 00:00:00",5139658,11613
"2023-03-19 00:00:00",5128045,12152
"2023-03-18 00:00:00",5115893,12056
"2023-03-17 00:00:00",5103837,11701
"2023-03-16 00:00:00",5092136,12134
"2023-03-15 00:00:00",5080002,12191
"2023-03-14 00:00:00",5067811,0
"2023-03-13 00:00:00",5067811,11428
"2023-03-12 00:00:00",5056383,23280
"2023-03-11 00:00:00",5033103,11861
"2023-03-10 00:00:00",5021242,11389
"2023-03-09 00:00:00",5009853,11241
"2023-03-08 00:00:00",4998612,11182
"2023-03-07 00:00:00",4987430,10374
"2023-03-06 00:00:00",4977056,10983
"2023-03-05 00:00:00",4966073,11649
"2023-03-04 00:00:00",4954424,11790
"2023-03-03 00:00:00",4942634,11930
"2023-03-02 00:00:00",4930704,12295
"2023-03-01 00:00:00",4918409,11607
"2023-02-28 00:00:00",4906802,10435
"2023-02-27 00:00:00",4896367,10817
"2023-02-26 00:00:00",4885550,11572
"2023-02-25 00:00:00",4873978,11727
"2023-02-24 00:00:00",4862251,11718
"2023-02-23 00:00:00",4850533,11932
"2023-02-22 00:00:00",4838601,11415
"2023-02-21 00:00:00",4827186,10323
"2023-02-20 00:00:00",4816863,10858
"2023-02-19 00:00:00",4806005,11562
"2023-02-18 00:00:00",4794443,11747
"2023-02-17 00:00:00",4782696,11911
"2023-02-16 00:00:00",4770785,12002
"2023-02-15 00:00:00",4758783,11098
"2023-02-14 00:00:00",4747685,10914
"2023-02-13 00:00:00",4736771,11206
"2023-02-12 00:00:00",4725565,12376
"2023-02-11 00:00:00",4713189,12689
"2023-02-10 00:00:00",4700500,12112
"2023-02-09 00:00:00",4688388,12080
"2023-02-08 00:00:00",4676308,12399
"2023-02-07 00:00:00",4663909,11280
"2023-02-06 00:00:00",4652629,11804
"2023-02-05 00:00:00",4640825,12820
"2023-02-04 00:00:00",4628005,12922
"2023-02-03 00:00:00",4615083,0
"2023-02-02 00:00:00",4615083,26523
"2023-02-01 00:00:00",4588560,13082
"2023-01-31 00:00:00",4575478,11625
"2023-01-30 00:00:00",4563853,12558
"2023-01-29 00:00:00",4551295,13924
"2023-01-28 00:00:00",4537371,0
"2023-01-27 00:00:00",4537371,27731
"2023-01-26 00:00:00",4509640,13980
"2023-01-25 00:00:00",4495660,14008
"2023-01-24 00:00:00",4481652,13212
"2023-01-23 00:00:00",4468440,13359
"2023-01-22 00:00:00",4455081,14294
"2023-01-21 00:00:00",4440787,14918
"2023-01-20 00:00:00",4425869,14925
"2023-01-19 00:00:00",4410944,15484
"2023-01-18 00:00:00",4395460,14567
"2023-01-17 00:00:00",4380893,13721
"2023-01-16 00:00:00",4367172,13028
"2023-01-15 00:00:00",4354144,15249
"2023-01-14 00:00:00",4338895,14455
"2023-01-13 00:00:00",4324440,15596
"2023-01-12 00:00:00",4308844,14754
"2023-01-11 00:00:00",4294090,14827
"2023-01-10 00:00:00",4279263,0
"2023-01-09 00:00:00",4279263,27019
"2023-01-08 00:00:00",4252244,14322
"2023-01-07 00:00:00",4237922,14913
"2023-01-06 00:00:00",4223009,14636
"2023-01-05 00:00:00",4208373,0
"2023-01-04 00:00:00",4208373,28747
"2023-01-03 00:00:00",4179626,0
"2023-01-02 00:00:00",4179626,26773
"2023-01-01 00:00:00",4152853,15046
"2022-12-31 00:00:00",4137807,15127
"2022-12-30 00:00:00",4122680,15570
"2022-12-29 00:00:00",4107110,15650
"2022-12-28 00:00:00",4091460,14205
"2022-12-27 00:00:00",4077255,12982
"2022-12-26 00:00:00",4064273,14505
"2022-12-25 00:00:00",4049768,15469
"2022-12-24 00:00:00",4034299,16132
"2022-12-23 00:00:00",4018167,15816
"2022-12-22 00:00:00",4002351,0
"2022-12-21 00:00:00",4002351,31711
"2022-12-20 00:00:00",3970640,13853
"2022-12-19 00:00:00",3956787,15132
"2022-12-18 00:00:00",3941655,16048
"2022-12-17 00:00:00",3925607,16105
"2022-12-16 00:00:00",3909502,15552
"2022-12-15 00:00:00",3893950,15901
"2022-12-14 00:00:00",3878049,16081
"2022-12-13 00:00:00",3861968,14538
"2022-12-12 00:00:00",3847430,14539
"2022-12-11 00:00:00",3832891,15575
"2022-12-10 00:00:00",3817316,16840
"2022-12-09 00:00:00",3800476,17057
"2022-12-08 00:00:00",3783419,16635
"2022-12-07 00:00:00",3766784,16786
"2022-12-06 00:00:00",3749998,16360
"2022-12-05 00:00:00",3733638,16360
"2022-12-04 00:00:00",3717277,16360
"2022-12-03 00:00:00",3700917,16360
"2022-12-02 00:00:00",3684556,16360
"2022-12-01 00:00:00",3668196,16651
"2022-11-30 00:00:00",3651545,16874
"2022-11-29 00:00:00",3634671,14872
"2022-11-28 00:00:00",3619799,15248
"2022-11-27 00:00:00",3604551,15107
"2022-11-26 00:00:00",3589444,16601
"2022-11-25 00:00:00",3572843,18790
"2022-11-24 00:00:00",3554053,19392
"2022-11-23 00:00:00",3534661,18735
"2022-11-22 00:00:00",3515926,17142
"2022-11-21 00:00:00",3498784,18148
"2022-11-20 00:00:00",3480636,18712
"2022-11-19 00:00:00",3461924,19243
"2022-11-18 00:00:00",3442681,18904
"2022-11-17 00:00:00",3423777,18884
"2022-11-16 00:00:00",3404893,18898
"2022-11-15 00:00:00",3385995,17235
"2022-11-14 00:00:00",3368760,18893
"2022-11-13 00:00:00",3349867,19917
"2022-11-12 00:00:00",3329950,19459
"2022-11-11 00:00:00",3310491,19091
"2022-11-10 00:00:00",3291400,18664
"2022-11-09 00:00:00",3272736,18585
"2022-11-08 00:00:00",3254151,16764
"2022-11-07 00:00:00",3237387,17677
"2022-11-06 00:00:00",3219710,18471
"2022-11-05 00:00:00",3201239,19686
"2022-11-04 00:00:00",3181553,18898
"2022-11-03 00:00:00",3162655,17590
"2022-11-02 00:00:00",3145065,18136
"2022-11-01 00:00:00",3126929,16332
"2022-10-31 00:00:00",3110597,17788
"2022-10-30 00:00:00",3092809,19498
"2022-10-29 00:00:00",3073311,19787
"2022-10-28 00:00:00",3053524,20442
"2022-10-27 00:00:00",3033082,20731
"2022-10-26 00:00:00",3012351,20840
"2022-10-25 00:00:00",2991511,18430
"2022-10-24 00:00:00",2973081,19425
"2022-10-23 00:00:00",2953656,21369
"2022-10-22 00:00:00",2932287,21258
"2022-10-21 00:00:00",2911029,20689
"2022-10-20 00:00:00",2890340,21890
"2022-10-19 00:00:00",2868450,21355
"2022-10-18 00:00:00",2847095,19305
"2022-10-17 00:00:00",2827790,19926
"2022-10-16 00:00:00",2807864,22423
"2022-10-15 00:00:00",2785441,23674
"2022-10-14 00:00:00",2761767,23078
"2022-10-13 00:00:00",2738689,24076
"2022-10-12 00:00:00",2714613,23629
"2022-10-11 00:00:00",2690984,21301
"2022-10-10 00:00:00",2669683,23065
"2022-10-09 00:00:00",2646618,24581
"2022-10-08 00:00:00",2622037,26173
"2022-10-07 00:00:00",2595864,26495
"2022-10-06 00:00:00",2569369,26612
"2022-10-05 00:00:00",2542757,25954
"2022-10-04 00:00:00",2516803,22105
"2022-10-03 00:00:00",2494698,24371
"2022-10-02 00:00:00",2470327,24795
"2022-10-01 00:00:00",2445532,24835
"2022-09-30 00:00:00",2420697,25136
"2022-09-29 00:00:00",2395561,25017
"2022-09-28 00:00:00",2370544,25871
"2022-09-27 00:00:00",2344673,23976
"2022-09-26 00:00:00",2320697,24997
"2022-09-25 00:00:00",2295700,27506
"2022-09-24 00:00:00",2268194,28230
"2022-09-23 00:00:00",2239964,51836
"2022-09-22 00:00:00",2188128,0
"2022-09-21 00:00:00",2188128,25887
"2022-09-20 00:00:00",2162241,24684
"2022-09-19 00:00:00",2137557,26575
"2022-09-18 00:00:00",2110982,28433
"2022-09-17 00:00:00",2082549,29397
"2022-09-16 00:00:00",2053152,29466
"2022-09-15 00:00:00",2023686,29426
"2022-09-14 00:00:00",1994260,30249
"2022-09-13 00:00:00",1964011,27964
"2022-09-12 00:00:00",1936047,29706
"2022-09-11 00:00:00",1906341,31302
"2022-09-10 00:00:00",1875039,32231
"2022-09-09 00:00:00",1842808,32826
"2022-09-08 00:00:00",1809982,66207
"2022-09-07 00:00:00",1743775,0
"2022-09-06 00:00:00",1743775,31252
"2022-09-05 00:00:00",1712523,33940
"2022-09-04 00:00:00",1678583,37889
"2022-09-03 00:00:00",1640694,39194
"2022-09-02 00:00:00",1601500,40061
"2022-09-01 00:00:00",1561439,40963
"2022-08-31 00:00:00",1520476,42581
"2022-08-30 00:00:00",1477895,39593
"2022-08-29 00:00:00",1438302,41759
"2022-08-28 00:00:00",1396543,46837
"2022-08-27 00:00:00",1349706,50843
"2022-08-26 00:00:00",1298863,53619
"2022-08-25 00:00:00",1245244,56515
"2022-08-24 00:00:00",1188729,57967
"2022-08-23 00:00:00",1130762,63999
"2022-08-22 00:00:00",1066763,63999
"2022-08-21 00:00:00",1002765,63999
"2022-08-20 00:00:00",938766,80549
"2022-08-19 00:00:00",858217,88342
"2022-08-18 00:00:00",769875,99582
"2022-08-17 00:00:00",670293,118598
"2022-08-16 00:00:00",551695,123027
"2022-08-15 00:00:00",428668,166008
"2022-08-14 00:00:00",262660,0