﻿"DateTime","Spotify Streams","Change"
"2023-05-14 00:00:00",11925885,26039
"2023-05-13 00:00:00",11899846,22807
"2023-05-12 00:00:00",11877039,25615
"2023-05-11 00:00:00",11851424,0
"2023-05-10 00:00:00",11851424,23860
"2023-05-09 00:00:00",11827564,33508
"2023-05-08 00:00:00",11794056,33508
"2023-05-07 00:00:00",11760548,25435
"2023-05-06 00:00:00",11735113,26210
"2023-05-05 00:00:00",11708903,0
"2023-05-04 00:00:00",11708903,23829
"2023-05-03 00:00:00",11685074,22430
"2023-05-02 00:00:00",11662644,42387
"2023-05-01 00:00:00",11620257,0
"2023-04-30 00:00:00",11620257,37315
"2023-04-29 00:00:00",11582942,37315
"2023-04-28 00:00:00",11545627,24933
"2023-04-27 00:00:00",11520694,24933
"2023-04-26 00:00:00",11495761,22926
"2023-04-25 00:00:00",11472835,22926
"2023-04-24 00:00:00",11449909,27925
"2023-04-23 00:00:00",11421984,27946
"2023-04-22 00:00:00",11394038,23392
"2023-04-21 00:00:00",11370646,23392
"2023-04-20 00:00:00",11347254,22361
"2023-04-19 00:00:00",11324894,22361
"2023-04-18 00:00:00",11302533,21707
"2023-04-17 00:00:00",11280826,26148
"2023-04-16 00:00:00",11254678,26945
"2023-04-15 00:00:00",11227733,25516
"2023-04-14 00:00:00",11202217,25241
"2023-04-13 00:00:00",11176976,23447
"2023-04-12 00:00:00",11153529,22222
"2023-04-11 00:00:00",11131307,21330
"2023-04-10 00:00:00",11109977,25698
"2023-04-09 00:00:00",11084279,0
"2023-04-08 00:00:00",11084279,52111
"2023-04-07 00:00:00",11032168,25242
"2023-04-06 00:00:00",11006926,24573
"2023-04-05 00:00:00",10982353,23651
"2023-04-04 00:00:00",10958702,23320
"2023-04-03 00:00:00",10935382,27974
"2023-04-02 00:00:00",10907408,27953
"2023-04-01 00:00:00",10879455,27028
"2023-03-31 00:00:00",10852427,0
"2023-03-30 00:00:00",10852427,53158
"2023-03-29 00:00:00",10799269,0
"2023-03-28 00:00:00",10799269,25202
"2023-03-27 00:00:00",10774067,56541
"2023-03-26 00:00:00",10717526,31337
"2023-03-25 00:00:00",10686189,29784
"2023-03-24 00:00:00",10656405,29301
"2023-03-23 00:00:00",10627104,26972
"2023-03-22 00:00:00",10600132,26180
"2023-03-21 00:00:00",10573952,0
"2023-03-20 00:00:00",10573952,59710
"2023-03-19 00:00:00",10514242,0
"2023-03-18 00:00:00",10514242,74601
"2023-03-17 00:00:00",10439641,37600
"2023-03-16 00:00:00",10402041,34117
"2023-03-15 00:00:00",10367924,33728
"2023-03-14 00:00:00",10334196,0
"2023-03-13 00:00:00",10334196,69921
"2023-03-12 00:00:00",10264275,37096
"2023-03-11 00:00:00",10227179,38439
"2023-03-10 00:00:00",10188740,40851
"2023-03-09 00:00:00",10147889,39853
"2023-03-08 00:00:00",10108036,33950
"2023-03-07 00:00:00",10074086,32741
"2023-03-06 00:00:00",10041345,38018
"2023-03-05 00:00:00",10003327,39729
"2023-03-04 00:00:00",9963598,35892
"2023-03-03 00:00:00",9927706,36533
"2023-03-02 00:00:00",9891173,36867
"2023-03-01 00:00:00",9854306,35114
"2023-02-28 00:00:00",9819192,32362
"2023-02-27 00:00:00",9786830,0
"2023-02-26 00:00:00",9786830,80892
"2023-02-25 00:00:00",9705938,42625
"2023-02-24 00:00:00",9663313,37956
"2023-02-23 00:00:00",9625357,37188
"2023-02-22 00:00:00",9588169,38095
"2023-02-21 00:00:00",9550074,36610
"2023-02-20 00:00:00",9513464,45095
"2023-02-19 00:00:00",9468369,44592
"2023-02-18 00:00:00",9423777,40960
"2023-02-17 00:00:00",9382817,42453
"2023-02-16 00:00:00",9340364,44627
"2023-02-15 00:00:00",9295737,40161
"2023-02-14 00:00:00",9255576,42073
"2023-02-13 00:00:00",9213503,44582
"2023-02-12 00:00:00",9168921,49718
"2023-02-11 00:00:00",9119203,0
"2023-02-10 00:00:00",9119203,90814
"2023-02-09 00:00:00",9028389,54858
"2023-02-08 00:00:00",8973531,0
"2023-02-07 00:00:00",8973531,54293
"2023-02-06 00:00:00",8919238,23263
"2023-02-05 00:00:00",8895975,51442
"2023-02-04 00:00:00",8844533,25602
"2023-02-03 00:00:00",8818931,23062
"2023-02-02 00:00:00",8795869,21191
"2023-02-01 00:00:00",8774678,23105
"2023-01-31 00:00:00",8751573,19890
"2023-01-30 00:00:00",8731683,26213
"2023-01-29 00:00:00",8705470,26772
"2023-01-28 00:00:00",8678698,0
"2023-01-27 00:00:00",8678698,46894
"2023-01-26 00:00:00",8631804,19894
"2023-01-25 00:00:00",8611910,19471
"2023-01-24 00:00:00",8592439,19566
"2023-01-23 00:00:00",8572873,26516
"2023-01-22 00:00:00",8546357,27554
"2023-01-21 00:00:00",8518803,0
"2023-01-20 00:00:00",8518803,63159
"2023-01-19 00:00:00",8455644,24250
"2023-01-18 00:00:00",8431394,23414
"2023-01-17 00:00:00",8407980,23663
"2023-01-16 00:00:00",8384317,26510
"2023-01-15 00:00:00",8357807,28703
"2023-01-14 00:00:00",8329104,27375
"2023-01-13 00:00:00",8301729,27812
"2023-01-12 00:00:00",8273917,25416
"2023-01-11 00:00:00",8248501,23713
"2023-01-10 00:00:00",8224788,22847
"2023-01-09 00:00:00",8201941,26435
"2023-01-08 00:00:00",8175506,25695
"2023-01-07 00:00:00",8149811,24615
"2023-01-06 00:00:00",8125196,24411
"2023-01-05 00:00:00",8100785,23981
"2023-01-04 00:00:00",8076804,0
"2023-01-03 00:00:00",8076804,45495
"2023-01-02 00:00:00",8031309,27941
"2023-01-01 00:00:00",8003368,23908
"2022-12-31 00:00:00",7979460,22710
"2022-12-30 00:00:00",7956750,21594
"2022-12-29 00:00:00",7935156,20675
"2022-12-28 00:00:00",7914481,17949
"2022-12-27 00:00:00",7896532,13926
"2022-12-26 00:00:00",7882606,0
"2022-12-25 00:00:00",7882606,39830
"2022-12-24 00:00:00",7842776,22452
"2022-12-23 00:00:00",7820324,23553
"2022-12-22 00:00:00",7796771,23870
"2022-12-21 00:00:00",7772901,24886
"2022-12-20 00:00:00",7748015,20383
"2022-12-19 00:00:00",7727632,22117
"2022-12-18 00:00:00",7705515,22186
"2022-12-17 00:00:00",7683329,20836
"2022-12-16 00:00:00",7662493,20169
"2022-12-15 00:00:00",7642324,20018
"2022-12-14 00:00:00",7622306,19522
"2022-12-13 00:00:00",7602784,18915
"2022-12-12 00:00:00",7583869,22827
"2022-12-11 00:00:00",7561042,23846
"2022-12-10 00:00:00",7537196,22889
"2022-12-09 00:00:00",7514307,22171
"2022-12-08 00:00:00",7492136,21352
"2022-12-07 00:00:00",7470784,21489
"2022-12-06 00:00:00",7449295,24514
"2022-12-05 00:00:00",7424781,24514
"2022-12-04 00:00:00",7400266,24514
"2022-12-03 00:00:00",7375752,24514
"2022-12-02 00:00:00",7351238,24514
"2022-12-01 00:00:00",7326723,24514
"2022-11-30 00:00:00",7302209,22472
"2022-11-29 00:00:00",7279737,21190
"2022-11-28 00:00:00",7258547,24580
"2022-11-27 00:00:00",7233967,22885
"2022-11-26 00:00:00",7211082,23227
"2022-11-25 00:00:00",7187855,24367
"2022-11-24 00:00:00",7163488,23464
"2022-11-23 00:00:00",7140024,23026
"2022-11-22 00:00:00",7116998,25392
"2022-11-21 00:00:00",7091606,32007
"2022-11-20 00:00:00",7059599,29743
"2022-11-19 00:00:00",7029856,27055
"2022-11-18 00:00:00",7002801,26036
"2022-11-17 00:00:00",6976765,24407
"2022-11-16 00:00:00",6952358,23735
"2022-11-15 00:00:00",6928623,25472
"2022-11-14 00:00:00",6903151,30370
"2022-11-13 00:00:00",6872781,32016
"2022-11-12 00:00:00",6840765,31626
"2022-11-11 00:00:00",6809139,29134
"2022-11-10 00:00:00",6780005,29816
"2022-11-09 00:00:00",6750189,28206
"2022-11-08 00:00:00",6721983,26399
"2022-11-07 00:00:00",6695584,31893
"2022-11-06 00:00:00",6663691,31617
"2022-11-05 00:00:00",6632074,29623
"2022-11-04 00:00:00",6602451,28913
"2022-11-03 00:00:00",6573538,27437
"2022-11-02 00:00:00",6546101,28246
"2022-11-01 00:00:00",6517855,26853
"2022-10-31 00:00:00",6491002,33427
"2022-10-30 00:00:00",6457575,34987
"2022-10-29 00:00:00",6422588,31757
"2022-10-28 00:00:00",6390831,31914
"2022-10-27 00:00:00",6358917,31361
"2022-10-26 00:00:00",6327556,29411
"2022-10-25 00:00:00",6298145,30336
"2022-10-24 00:00:00",6267809,36467
"2022-10-23 00:00:00",6231342,35261
"2022-10-22 00:00:00",6196081,37130
"2022-10-21 00:00:00",6158951,34972
"2022-10-20 00:00:00",6123979,36360
"2022-10-19 00:00:00",6087619,35000
"2022-10-18 00:00:00",6052619,35808
"2022-10-17 00:00:00",6016811,39938
"2022-10-16 00:00:00",5976873,80844
"2022-10-15 00:00:00",5896029,37578
"2022-10-14 00:00:00",5858451,0
"2022-10-13 00:00:00",5858451,39735
"2022-10-12 00:00:00",5818716,35900
"2022-10-11 00:00:00",5782816,35810
"2022-10-10 00:00:00",5747006,43763
"2022-10-09 00:00:00",5703243,49184
"2022-10-08 00:00:00",5654059,41980
"2022-10-07 00:00:00",5612079,36792
"2022-10-06 00:00:00",5575287,36462
"2022-10-05 00:00:00",5538825,39566
"2022-10-04 00:00:00",5499259,38462
"2022-10-03 00:00:00",5460797,43385
"2022-10-02 00:00:00",5417412,48273
"2022-10-01 00:00:00",5369139,46420
"2022-09-30 00:00:00",5322719,41968
"2022-09-29 00:00:00",5280751,43408
"2022-09-28 00:00:00",5237343,40066
"2022-09-27 00:00:00",5197277,36387
"2022-09-26 00:00:00",5160890,43965
"2022-09-25 00:00:00",5116925,44474
"2022-09-24 00:00:00",5072451,39484
"2022-09-23 00:00:00",5032967,71476
"2022-09-22 00:00:00",4961491,0
"2022-09-21 00:00:00",4961491,33848
"2022-09-20 00:00:00",4927643,34248
"2022-09-19 00:00:00",4893395,39783
"2022-09-18 00:00:00",4853612,40547
"2022-09-17 00:00:00",4813065,38049
"2022-09-16 00:00:00",4775016,38333
"2022-09-15 00:00:00",4736683,36151
"2022-09-14 00:00:00",4700532,32398
"2022-09-13 00:00:00",4668134,31200
"2022-09-12 00:00:00",4636934,36930
"2022-09-11 00:00:00",4600004,37356
"2022-09-10 00:00:00",4562648,35788
"2022-09-09 00:00:00",4526860,36688
"2022-09-08 00:00:00",4490172,71873
"2022-09-07 00:00:00",4418299,0
"2022-09-06 00:00:00",4418299,35285
"2022-09-05 00:00:00",4383014,41928
"2022-09-04 00:00:00",4341086,44546
"2022-09-03 00:00:00",4296540,43073
"2022-09-02 00:00:00",4253467,43857
"2022-09-01 00:00:00",4209610,41883
"2022-08-31 00:00:00",4167727,41039
"2022-08-30 00:00:00",4126688,36182
"2022-08-29 00:00:00",4090506,42000
"2022-08-28 00:00:00",4048506,43366
"2022-08-27 00:00:00",4005140,41257
"2022-08-26 00:00:00",3963883,41634
"2022-08-25 00:00:00",3922249,40906
"2022-08-24 00:00:00",3881343,41502
"2022-08-23 00:00:00",3839841,46157
"2022-08-22 00:00:00",3793684,46157
"2022-08-21 00:00:00",3747528,46157
"2022-08-20 00:00:00",3701371,49680
"2022-08-19 00:00:00",3651691,49680
"2022-08-18 00:00:00",3602011,51260
"2022-08-17 00:00:00",3550751,49652
"2022-08-16 00:00:00",3501099,45981
"2022-08-15 00:00:00",3455118,54864
"2022-08-14 00:00:00",3400254,59749
"2022-08-13 00:00:00",3340505,58223
"2022-08-12 00:00:00",3282282,59846
"2022-08-11 00:00:00",3222436,60975
"2022-08-10 00:00:00",3161461,62858
"2022-08-09 00:00:00",3098603,60308
"2022-08-08 00:00:00",3038295,71813
"2022-08-07 00:00:00",2966482,78112
"2022-08-06 00:00:00",2888370,69849
"2022-08-05 00:00:00",2818521,70745
"2022-08-04 00:00:00",2747776,71439
"2022-08-03 00:00:00",2676337,70308
"2022-08-02 00:00:00",2606029,68506
"2022-08-01 00:00:00",2537523,82272
"2022-07-31 00:00:00",2455251,87505
"2022-07-30 00:00:00",2367746,94587
"2022-07-29 00:00:00",2273159,95957
"2022-07-28 00:00:00",2177202,95465
"2022-07-27 00:00:00",2081737,100907
"2022-07-26 00:00:00",1980830,96047
"2022-07-25 00:00:00",1884783,125826
"2022-07-24 00:00:00",1758957,157251
"2022-07-23 00:00:00",1601706,168717
"2022-07-22 00:00:00",1432989,186638
"2022-07-21 00:00:00",1246351,210805
"2022-07-20 00:00:00",1035546,233977
"2022-07-19 00:00:00",801569,229167
"2022-07-18 00:00:00",572402,247716
"2022-07-17 00:00:00",324686,320291
"2022-07-16 00:00:00",4395,0