﻿"DateTime","Spotify Streams","Change"
"2023-05-14 00:00:00",28307397,69461
"2023-05-13 00:00:00",28237936,67726
"2023-05-12 00:00:00",28170210,68011
"2023-05-11 00:00:00",28102199,67457
"2023-05-10 00:00:00",28034742,0
"2023-05-09 00:00:00",28034742,119443
"2023-05-08 00:00:00",27915299,59190
"2023-05-07 00:00:00",27856109,0
"2023-05-06 00:00:00",27856109,140406
"2023-05-05 00:00:00",27715703,68578
"2023-05-04 00:00:00",27647125,67512
"2023-05-03 00:00:00",27579613,31877
"2023-05-02 00:00:00",27547737,31877
"2023-05-01 00:00:00",27515860,90440
"2023-04-30 00:00:00",27425421,90440
"2023-04-29 00:00:00",27334981,71784
"2023-04-28 00:00:00",27263197,70731
"2023-04-27 00:00:00",27192466,70079
"2023-04-26 00:00:00",27122387,0
"2023-04-25 00:00:00",27122387,122148
"2023-04-24 00:00:00",27000239,0
"2023-04-23 00:00:00",27000239,130112
"2023-04-22 00:00:00",26870127,70793
"2023-04-21 00:00:00",26799334,0
"2023-04-20 00:00:00",26799334,140120
"2023-04-19 00:00:00",26659214,70167
"2023-04-18 00:00:00",26589047,55411
"2023-04-17 00:00:00",26533636,58549
"2023-04-16 00:00:00",26475087,0
"2023-04-15 00:00:00",26475087,138648
"2023-04-14 00:00:00",26336439,68182
"2023-04-13 00:00:00",26268257,68413
"2023-04-12 00:00:00",26199844,63085
"2023-04-11 00:00:00",26136759,53225
"2023-04-10 00:00:00",26083534,58719
"2023-04-09 00:00:00",26024815,62986
"2023-04-08 00:00:00",25961829,71102
"2023-04-07 00:00:00",25890727,68459
"2023-04-06 00:00:00",25822268,68409
"2023-04-05 00:00:00",25753859,68007
"2023-04-04 00:00:00",25685852,56475
"2023-04-03 00:00:00",25629377,61370
"2023-04-02 00:00:00",25568007,71572
"2023-04-01 00:00:00",25496435,71969
"2023-03-31 00:00:00",25424466,72119
"2023-03-30 00:00:00",25352347,72203
"2023-03-29 00:00:00",25280144,71657
"2023-03-28 00:00:00",25208487,60003
"2023-03-27 00:00:00",25148484,63829
"2023-03-26 00:00:00",25084655,0
"2023-03-25 00:00:00",25084655,148988
"2023-03-24 00:00:00",24935667,75216
"2023-03-23 00:00:00",24860451,75620
"2023-03-22 00:00:00",24784831,74167
"2023-03-21 00:00:00",24710664,59999
"2023-03-20 00:00:00",24650665,63746
"2023-03-19 00:00:00",24586919,74705
"2023-03-18 00:00:00",24512214,76906
"2023-03-17 00:00:00",24435308,76532
"2023-03-16 00:00:00",24358776,73034
"2023-03-15 00:00:00",24285742,71161
"2023-03-14 00:00:00",24214581,59951
"2023-03-13 00:00:00",24154630,64277
"2023-03-12 00:00:00",24090353,74335
"2023-03-11 00:00:00",24016018,0
"2023-03-10 00:00:00",24016018,152895
"2023-03-09 00:00:00",23863123,71710
"2023-03-08 00:00:00",23791413,66743
"2023-03-07 00:00:00",23724670,0
"2023-03-06 00:00:00",23724670,114590
"2023-03-05 00:00:00",23610080,70356
"2023-03-04 00:00:00",23539724,70584
"2023-03-03 00:00:00",23469140,70827
"2023-03-02 00:00:00",23398313,70352
"2023-03-01 00:00:00",23327961,68243
"2023-02-28 00:00:00",23259718,0
"2023-02-27 00:00:00",23259718,115790
"2023-02-26 00:00:00",23143928,70238
"2023-02-25 00:00:00",23073690,71285
"2023-02-24 00:00:00",23002405,72213
"2023-02-23 00:00:00",22930192,73536
"2023-02-22 00:00:00",22856656,64634
"2023-02-21 00:00:00",22792022,57302
"2023-02-20 00:00:00",22734720,62168
"2023-02-19 00:00:00",22672552,72456
"2023-02-18 00:00:00",22600096,72372
"2023-02-17 00:00:00",22527724,70955
"2023-02-16 00:00:00",22456769,0
"2023-02-15 00:00:00",22456769,134755
"2023-02-14 00:00:00",22322014,0
"2023-02-13 00:00:00",22322014,116210
"2023-02-12 00:00:00",22205804,73230
"2023-02-11 00:00:00",22132574,76132
"2023-02-10 00:00:00",22056442,78651
"2023-02-09 00:00:00",21977791,77424
"2023-02-08 00:00:00",21900367,76812
"2023-02-07 00:00:00",21823555,61906
"2023-02-06 00:00:00",21761649,67446
"2023-02-05 00:00:00",21694203,78780
"2023-02-04 00:00:00",21615423,75946
"2023-02-03 00:00:00",21539477,71539
"2023-02-02 00:00:00",21467938,71179
"2023-02-01 00:00:00",21396759,0
"2023-01-31 00:00:00",21396759,128523
"2023-01-30 00:00:00",21268236,64648
"2023-01-29 00:00:00",21203588,76046
"2023-01-28 00:00:00",21127542,74898
"2023-01-27 00:00:00",21052644,75814
"2023-01-26 00:00:00",20976830,77324
"2023-01-25 00:00:00",20899506,74545
"2023-01-24 00:00:00",20824961,60917
"2023-01-23 00:00:00",20764044,66940
"2023-01-22 00:00:00",20697104,79534
"2023-01-21 00:00:00",20617570,80437
"2023-01-20 00:00:00",20537133,82065
"2023-01-19 00:00:00",20455068,82533
"2023-01-18 00:00:00",20372535,71215
"2023-01-17 00:00:00",20301320,65348
"2023-01-16 00:00:00",20235972,68018
"2023-01-15 00:00:00",20167954,84100
"2023-01-14 00:00:00",20083854,83245
"2023-01-13 00:00:00",20000609,0
"2023-01-12 00:00:00",20000609,164563
"2023-01-11 00:00:00",19836046,81256
"2023-01-10 00:00:00",19754790,65132
"2023-01-09 00:00:00",19689658,70989
"2023-01-08 00:00:00",19618669,80538
"2023-01-07 00:00:00",19538131,80916
"2023-01-06 00:00:00",19457215,80154
"2023-01-05 00:00:00",19377061,78149
"2023-01-04 00:00:00",19298912,67461
"2023-01-03 00:00:00",19231451,61334
"2023-01-02 00:00:00",19170117,71050
"2023-01-01 00:00:00",19099067,76668
"2022-12-31 00:00:00",19022399,77475
"2022-12-30 00:00:00",18944924,77242
"2022-12-29 00:00:00",18867682,0
"2022-12-28 00:00:00",18867682,145447
"2022-12-27 00:00:00",18722235,58646
"2022-12-26 00:00:00",18663589,73514
"2022-12-25 00:00:00",18590075,80370
"2022-12-24 00:00:00",18509705,85673
"2022-12-23 00:00:00",18424032,88311
"2022-12-22 00:00:00",18335721,90906
"2022-12-21 00:00:00",18244815,89591
"2022-12-20 00:00:00",18155224,77164
"2022-12-19 00:00:00",18078060,0
"2022-12-18 00:00:00",18078060,188686
"2022-12-17 00:00:00",17889374,98502
"2022-12-16 00:00:00",17790872,98372
"2022-12-15 00:00:00",17692500,96666
"2022-12-14 00:00:00",17595834,88978
"2022-12-13 00:00:00",17506856,0
"2022-12-12 00:00:00",17506856,149334
"2022-12-11 00:00:00",17357522,92894
"2022-12-10 00:00:00",17264628,97356
"2022-12-09 00:00:00",17167272,93517
"2022-12-08 00:00:00",17073755,89316
"2022-12-07 00:00:00",16984439,88128
"2022-12-06 00:00:00",16896311,88128
"2022-12-05 00:00:00",16808183,88128
"2022-12-04 00:00:00",16720055,88128
"2022-12-03 00:00:00",16631926,88128
"2022-12-02 00:00:00",16543798,88128
"2022-12-01 00:00:00",16455670,85038
"2022-11-30 00:00:00",16370632,83620
"2022-11-29 00:00:00",16287012,67028
"2022-11-28 00:00:00",16219984,69934
"2022-11-27 00:00:00",16150050,71512
"2022-11-26 00:00:00",16078538,74259
"2022-11-25 00:00:00",16004279,83043
"2022-11-24 00:00:00",15921236,85057
"2022-11-23 00:00:00",15836179,81188
"2022-11-22 00:00:00",15754991,68928
"2022-11-21 00:00:00",15686063,75931
"2022-11-20 00:00:00",15610132,88427
"2022-11-19 00:00:00",15521705,88773
"2022-11-18 00:00:00",15432932,89709
"2022-11-17 00:00:00",15343223,88500
"2022-11-16 00:00:00",15254723,87496
"2022-11-15 00:00:00",15167227,71040
"2022-11-14 00:00:00",15096187,77897
"2022-11-13 00:00:00",15018290,85939
"2022-11-12 00:00:00",14932351,91526
"2022-11-11 00:00:00",14840825,91371
"2022-11-10 00:00:00",14749454,91125
"2022-11-09 00:00:00",14658329,88423
"2022-11-08 00:00:00",14569906,72126
"2022-11-07 00:00:00",14497780,78274
"2022-11-06 00:00:00",14419506,91549
"2022-11-05 00:00:00",14327957,94786
"2022-11-04 00:00:00",14233171,94690
"2022-11-03 00:00:00",14138481,92100
"2022-11-02 00:00:00",14046381,94104
"2022-11-01 00:00:00",13952277,76401
"2022-10-31 00:00:00",13875876,84837
"2022-10-30 00:00:00",13791039,99180
"2022-10-29 00:00:00",13691859,101152
"2022-10-28 00:00:00",13590707,99530
"2022-10-27 00:00:00",13491177,100011
"2022-10-26 00:00:00",13391166,97890
"2022-10-25 00:00:00",13293276,80022
"2022-10-24 00:00:00",13213254,89052
"2022-10-23 00:00:00",13124202,106723
"2022-10-22 00:00:00",13017479,107583
"2022-10-21 00:00:00",12909896,106843
"2022-10-20 00:00:00",12803053,105153
"2022-10-19 00:00:00",12697900,99991
"2022-10-18 00:00:00",12597909,82981
"2022-10-17 00:00:00",12514928,92551
"2022-10-16 00:00:00",12422377,107329
"2022-10-15 00:00:00",12315048,109265
"2022-10-14 00:00:00",12205783,106599
"2022-10-13 00:00:00",12099184,108175
"2022-10-12 00:00:00",11991009,102141
"2022-10-11 00:00:00",11888868,85621
"2022-10-10 00:00:00",11803247,92080
"2022-10-09 00:00:00",11711167,108768
"2022-10-08 00:00:00",11602399,103467
"2022-10-07 00:00:00",11498932,97356
"2022-10-06 00:00:00",11401576,98037
"2022-10-05 00:00:00",11303539,100301
"2022-10-04 00:00:00",11203238,87900
"2022-10-03 00:00:00",11115338,98500
"2022-10-02 00:00:00",11016838,113293
"2022-10-01 00:00:00",10903545,115694
"2022-09-30 00:00:00",10787851,113126
"2022-09-29 00:00:00",10674725,113180
"2022-09-28 00:00:00",10561545,110316
"2022-09-27 00:00:00",10451229,89351
"2022-09-26 00:00:00",10361878,99137
"2022-09-25 00:00:00",10262741,117349
"2022-09-24 00:00:00",10145392,118461
"2022-09-23 00:00:00",10026931,120638
"2022-09-22 00:00:00",9906293,121320
"2022-09-21 00:00:00",9784973,114351
"2022-09-20 00:00:00",9670622,94172
"2022-09-19 00:00:00",9576450,103202
"2022-09-18 00:00:00",9473248,123138
"2022-09-17 00:00:00",9350110,123359
"2022-09-16 00:00:00",9226751,121490
"2022-09-15 00:00:00",9105261,120981
"2022-09-14 00:00:00",8984280,117625
"2022-09-13 00:00:00",8866655,93762
"2022-09-12 00:00:00",8772893,105226
"2022-09-11 00:00:00",8667667,124392
"2022-09-10 00:00:00",8543275,123900
"2022-09-09 00:00:00",8419375,124128
"2022-09-08 00:00:00",8295247,227885
"2022-09-07 00:00:00",8067362,0
"2022-09-06 00:00:00",8067362,99693
"2022-09-05 00:00:00",7967669,111192
"2022-09-04 00:00:00",7856477,132020
"2022-09-03 00:00:00",7724457,135656
"2022-09-02 00:00:00",7588801,134019
"2022-09-01 00:00:00",7454782,131220
"2022-08-31 00:00:00",7323562,131044
"2022-08-30 00:00:00",7192518,109901
"2022-08-29 00:00:00",7082617,123001
"2022-08-28 00:00:00",6959616,145320
"2022-08-27 00:00:00",6814296,146025
"2022-08-26 00:00:00",6668271,148780
"2022-08-25 00:00:00",6519491,152281
"2022-08-24 00:00:00",6367210,153633
"2022-08-23 00:00:00",6213577,0
"2022-08-22 00:00:00",6213577,204674
"2022-08-21 00:00:00",6008903,204674
"2022-08-20 00:00:00",5804229,204674
"2022-08-19 00:00:00",5599555,204674
"2022-08-18 00:00:00",5394881,187537
"2022-08-17 00:00:00",5207344,184941
"2022-08-16 00:00:00",5022403,156352
"2022-08-15 00:00:00",4866051,172329
"2022-08-14 00:00:00",4693722,197009
"2022-08-13 00:00:00",4496713,210742
"2022-08-12 00:00:00",4285971,197418
"2022-08-11 00:00:00",4088553,200541
"2022-08-10 00:00:00",3888012,199703
"2022-08-09 00:00:00",3688309,194744
"2022-08-08 00:00:00",3493565,232108
"2022-08-07 00:00:00",3261457,247650
"2022-08-06 00:00:00",3013807,559839
"2022-08-05 00:00:00",2453968,492668
"2022-08-04 00:00:00",1961300,425273
"2022-08-03 00:00:00",1536027,334062
"2022-08-02 00:00:00",1201965,309108
"2022-08-01 00:00:00",892857,397815
"2022-07-31 00:00:00",495042,487271
"2022-07-30 00:00:00",7771,0