﻿"DateTime","Spotify Streams","Change"
"2023-05-15 00:00:00",331092,493
"2023-05-14 00:00:00",330599,567
"2023-05-13 00:00:00",330032,567
"2023-05-12 00:00:00",329465,576
"2023-05-11 00:00:00",328889,566
"2023-05-10 00:00:00",328323,528
"2023-05-09 00:00:00",327795,448
"2023-05-08 00:00:00",327347,686
"2023-05-07 00:00:00",326661,332
"2023-05-06 00:00:00",326329,332
"2023-05-05 00:00:00",325997,627
"2023-05-04 00:00:00",325370,1225
"2023-05-03 00:00:00",324145,575
"2023-05-02 00:00:00",323570,492
"2023-05-01 00:00:00",323078,567
"2023-04-30 00:00:00",322511,627
"2023-04-29 00:00:00",321884,690
"2023-04-28 00:00:00",321194,0
"2023-04-27 00:00:00",321194,1468
"2023-04-26 00:00:00",319726,664
"2023-04-25 00:00:00",319063,664
"2023-04-24 00:00:00",318399,631
"2023-04-23 00:00:00",317768,661
"2023-04-22 00:00:00",317107,686
"2023-04-21 00:00:00",316421,636
"2023-04-20 00:00:00",315786,636
"2023-04-19 00:00:00",315150,610
"2023-04-18 00:00:00",314540,0
"2023-04-17 00:00:00",314540,1277
"2023-04-16 00:00:00",313263,674
"2023-04-15 00:00:00",312589,648
"2023-04-14 00:00:00",311941,931
"2023-04-13 00:00:00",311010,691
"2023-04-12 00:00:00",310319,623
"2023-04-11 00:00:00",309696,491
"2023-04-10 00:00:00",309205,576
"2023-04-09 00:00:00",308629,626
"2023-04-08 00:00:00",308003,691
"2023-04-07 00:00:00",307312,0
"2023-04-06 00:00:00",307312,1292
"2023-04-05 00:00:00",306020,652
"2023-04-04 00:00:00",305368,574
"2023-04-03 00:00:00",304794,587
"2023-04-02 00:00:00",304207,638
"2023-04-01 00:00:00",303569,691
"2023-03-31 00:00:00",302878,672
"2023-03-30 00:00:00",302206,685
"2023-03-29 00:00:00",301521,679
"2023-03-28 00:00:00",300842,538
"2023-03-27 00:00:00",300304,716
"2023-03-26 00:00:00",299588,0
"2023-03-25 00:00:00",299588,1387
"2023-03-24 00:00:00",298201,679
"2023-03-23 00:00:00",297522,0
"2023-03-22 00:00:00",297522,1372
"2023-03-21 00:00:00",296150,605
"2023-03-20 00:00:00",295545,637
"2023-03-19 00:00:00",294908,762
"2023-03-18 00:00:00",294146,759
"2023-03-17 00:00:00",293387,754
"2023-03-16 00:00:00",292633,798
"2023-03-15 00:00:00",291835,717
"2023-03-14 00:00:00",291118,628
"2023-03-13 00:00:00",290490,657
"2023-03-12 00:00:00",289833,687
"2023-03-11 00:00:00",289146,0
"2023-03-10 00:00:00",289146,1455
"2023-03-09 00:00:00",287691,710
"2023-03-08 00:00:00",286981,668
"2023-03-07 00:00:00",286313,624
"2023-03-06 00:00:00",285689,625
"2023-03-05 00:00:00",285064,779
"2023-03-04 00:00:00",284285,755
"2023-03-03 00:00:00",283530,772
"2023-03-02 00:00:00",282758,766
"2023-03-01 00:00:00",281992,0
"2023-02-28 00:00:00",281992,1345
"2023-02-27 00:00:00",280647,733
"2023-02-26 00:00:00",279914,771
"2023-02-25 00:00:00",279143,879
"2023-02-24 00:00:00",278264,0
"2023-02-23 00:00:00",278264,1625
"2023-02-22 00:00:00",276639,787
"2023-02-21 00:00:00",275852,724
"2023-02-20 00:00:00",275128,0
"2023-02-19 00:00:00",275128,761
"2023-02-18 00:00:00",274367,883
"2023-02-17 00:00:00",273484,1651
"2023-02-16 00:00:00",271833,829
"2023-02-15 00:00:00",271004,720
"2023-02-14 00:00:00",270284,0
"2023-02-13 00:00:00",270284,1426
"2023-02-12 00:00:00",268858,0
"2023-02-11 00:00:00",268858,1777
"2023-02-10 00:00:00",267081,884
"2023-02-09 00:00:00",266197,854
"2023-02-08 00:00:00",265343,0
"2023-02-07 00:00:00",265343,1661
"2023-02-06 00:00:00",263682,817
"2023-02-05 00:00:00",262865,901
"2023-02-04 00:00:00",261964,932
"2023-02-03 00:00:00",261032,0
"2023-02-02 00:00:00",261032,1819
"2023-02-01 00:00:00",259213,810
"2023-01-31 00:00:00",258403,0
"2023-01-30 00:00:00",258403,1676
"2023-01-29 00:00:00",256727,931
"2023-01-28 00:00:00",255796,961
"2023-01-27 00:00:00",254835,937
"2023-01-26 00:00:00",253898,0
"2023-01-25 00:00:00",253898,1954
"2023-01-24 00:00:00",251944,802
"2023-01-23 00:00:00",251142,0
"2023-01-22 00:00:00",251142,1922
"2023-01-21 00:00:00",249220,1149
"2023-01-20 00:00:00",248071,1154
"2023-01-19 00:00:00",246917,1089
"2023-01-18 00:00:00",245828,960
"2023-01-17 00:00:00",244868,885
"2023-01-16 00:00:00",243983,885
"2023-01-15 00:00:00",243098,1047
"2023-01-14 00:00:00",242051,1008
"2023-01-13 00:00:00",241043,1137
"2023-01-12 00:00:00",239906,1073
"2023-01-11 00:00:00",238833,1096
"2023-01-10 00:00:00",237737,867
"2023-01-09 00:00:00",236870,1104
"2023-01-08 00:00:00",235766,1187
"2023-01-07 00:00:00",234579,1161
"2023-01-06 00:00:00",233418,1085
"2023-01-05 00:00:00",232333,1113
"2023-01-04 00:00:00",231220,967
"2023-01-03 00:00:00",230253,0
"2023-01-02 00:00:00",230253,1998
"2023-01-01 00:00:00",228255,1187
"2022-12-31 00:00:00",227068,1089
"2022-12-30 00:00:00",225979,1159
"2022-12-29 00:00:00",224820,1060
"2022-12-28 00:00:00",223760,998
"2022-12-27 00:00:00",222762,902
"2022-12-26 00:00:00",221860,1109
"2022-12-25 00:00:00",220751,1256
"2022-12-24 00:00:00",219495,1316
"2022-12-23 00:00:00",218179,1365
"2022-12-22 00:00:00",216814,1284
"2022-12-21 00:00:00",215530,1201
"2022-12-20 00:00:00",214329,1100
"2022-12-19 00:00:00",213229,1218
"2022-12-18 00:00:00",212011,1349
"2022-12-17 00:00:00",210662,1430
"2022-12-16 00:00:00",209232,1372
"2022-12-15 00:00:00",207860,1355
"2022-12-14 00:00:00",206505,1416
"2022-12-13 00:00:00",205089,1175
"2022-12-12 00:00:00",203914,1236
"2022-12-11 00:00:00",202678,1492
"2022-12-10 00:00:00",201186,1607
"2022-12-09 00:00:00",199579,1658
"2022-12-08 00:00:00",197921,1442
"2022-12-07 00:00:00",196479,1280
"2022-12-06 00:00:00",195199,1460
"2022-12-05 00:00:00",193739,1460
"2022-12-04 00:00:00",192279,1460
"2022-12-03 00:00:00",190820,1460
"2022-12-02 00:00:00",189360,1460
"2022-12-01 00:00:00",187900,1460
"2022-11-30 00:00:00",186440,1538
"2022-11-29 00:00:00",184902,1326
"2022-11-28 00:00:00",183576,1426
"2022-11-27 00:00:00",182150,1511
"2022-11-26 00:00:00",180639,1660
"2022-11-25 00:00:00",178979,1998
"2022-11-24 00:00:00",176981,1914
"2022-11-23 00:00:00",175067,1913
"2022-11-22 00:00:00",173154,1636
"2022-11-21 00:00:00",171518,1942
"2022-11-20 00:00:00",169576,2230
"2022-11-19 00:00:00",167346,2377
"2022-11-18 00:00:00",164969,2282
"2022-11-17 00:00:00",162687,2131
"2022-11-16 00:00:00",160556,2058
"2022-11-15 00:00:00",158498,1854
"2022-11-14 00:00:00",156644,1945
"2022-11-13 00:00:00",154699,2397
"2022-11-12 00:00:00",152302,2422
"2022-11-11 00:00:00",149880,2503
"2022-11-10 00:00:00",147377,2479
"2022-11-09 00:00:00",144898,2597
"2022-11-08 00:00:00",142301,2188
"2022-11-07 00:00:00",140113,2647
"2022-11-06 00:00:00",137466,3289
"2022-11-05 00:00:00",134177,3388
"2022-11-04 00:00:00",130789,3221
"2022-11-03 00:00:00",127568,3162
"2022-11-02 00:00:00",124406,3407
"2022-11-01 00:00:00",120999,2921
"2022-10-31 00:00:00",118078,3444
"2022-10-30 00:00:00",114634,4125
"2022-10-29 00:00:00",110509,4644
"2022-10-28 00:00:00",105865,4849
"2022-10-27 00:00:00",101016,4950
"2022-10-26 00:00:00",96066,5097
"2022-10-25 00:00:00",90969,0
"2022-10-24 00:00:00",90969,9756
"2022-10-23 00:00:00",81213,6840
"2022-10-22 00:00:00",74373,7147
"2022-10-21 00:00:00",67226,8188
"2022-10-20 00:00:00",59038,9797
"2022-10-19 00:00:00",49241,12802
"2022-10-18 00:00:00",36439,10845
"2022-10-17 00:00:00",25594,9862
"2022-10-16 00:00:00",15732,0