﻿"DateTime","Spotify Streams","Change"
"2023-05-14 00:00:00",1197835,1635
"2023-05-13 00:00:00",1196200,1656
"2023-05-12 00:00:00",1194544,1643
"2023-05-11 00:00:00",1192901,1657
"2023-05-10 00:00:00",1191244,1490
"2023-05-09 00:00:00",1189754,1380
"2023-05-08 00:00:00",1188374,1595
"2023-05-07 00:00:00",1186779,1716
"2023-05-06 00:00:00",1185064,1716
"2023-05-05 00:00:00",1183348,1641
"2023-05-04 00:00:00",1181707,1500
"2023-05-03 00:00:00",1180207,1450
"2023-05-02 00:00:00",1178757,1450
"2023-05-01 00:00:00",1177307,1442
"2023-04-30 00:00:00",1175865,1623
"2023-04-29 00:00:00",1174242,1511
"2023-04-28 00:00:00",1172731,1009
"2023-04-27 00:00:00",1171722,1009
"2023-04-26 00:00:00",1170713,1009
"2023-04-25 00:00:00",1169704,2749
"2023-04-24 00:00:00",1166955,0
"2023-04-23 00:00:00",1166955,3100
"2023-04-22 00:00:00",1163855,1641
"2023-04-21 00:00:00",1162214,1551
"2023-04-20 00:00:00",1160663,1551
"2023-04-19 00:00:00",1159112,1479
"2023-04-18 00:00:00",1157633,1479
"2023-04-17 00:00:00",1156154,1525
"2023-04-16 00:00:00",1154629,1697
"2023-04-15 00:00:00",1152932,1663
"2023-04-14 00:00:00",1151269,1709
"2023-04-13 00:00:00",1149560,1658
"2023-04-12 00:00:00",1147902,1606
"2023-04-11 00:00:00",1146296,1387
"2023-04-10 00:00:00",1144909,1628
"2023-04-09 00:00:00",1143281,1631
"2023-04-08 00:00:00",1141650,1841
"2023-04-07 00:00:00",1139809,1799
"2023-04-06 00:00:00",1138010,1805
"2023-04-05 00:00:00",1136205,1717
"2023-04-04 00:00:00",1134488,1451
"2023-04-03 00:00:00",1133037,1596
"2023-04-02 00:00:00",1131441,1792
"2023-04-01 00:00:00",1129649,1718
"2023-03-31 00:00:00",1127931,1830
"2023-03-30 00:00:00",1126101,1707
"2023-03-29 00:00:00",1124394,1619
"2023-03-28 00:00:00",1122775,1458
"2023-03-27 00:00:00",1121317,1655
"2023-03-26 00:00:00",1119662,1731
"2023-03-25 00:00:00",1117931,1779
"2023-03-24 00:00:00",1116152,1761
"2023-03-23 00:00:00",1114391,0
"2023-03-22 00:00:00",1114391,3225
"2023-03-21 00:00:00",1111166,1545
"2023-03-20 00:00:00",1109621,1731
"2023-03-19 00:00:00",1107890,1746
"2023-03-18 00:00:00",1106144,1681
"2023-03-17 00:00:00",1104463,1726
"2023-03-16 00:00:00",1102737,1652
"2023-03-15 00:00:00",1101085,1632
"2023-03-14 00:00:00",1099453,1509
"2023-03-13 00:00:00",1097944,1698
"2023-03-12 00:00:00",1096246,1735
"2023-03-11 00:00:00",1094511,1730
"2023-03-10 00:00:00",1092781,1635
"2023-03-09 00:00:00",1091146,1753
"2023-03-08 00:00:00",1089393,1663
"2023-03-07 00:00:00",1087730,1540
"2023-03-06 00:00:00",1086190,1652
"2023-03-05 00:00:00",1084538,1737
"2023-03-04 00:00:00",1082801,1858
"2023-03-03 00:00:00",1080943,0
"2023-03-02 00:00:00",1080943,1886
"2023-03-01 00:00:00",1079057,3787
"2023-02-28 00:00:00",1075270,1614
"2023-02-27 00:00:00",1073656,1702
"2023-02-26 00:00:00",1071954,1826
"2023-02-25 00:00:00",1070128,1847
"2023-02-24 00:00:00",1068281,1839
"2023-02-23 00:00:00",1066442,1889
"2023-02-22 00:00:00",1064553,0
"2023-02-21 00:00:00",1064553,3495
"2023-02-20 00:00:00",1061058,0
"2023-02-19 00:00:00",1061058,3881
"2023-02-18 00:00:00",1057177,2121
"2023-02-17 00:00:00",1055056,2048
"2023-02-16 00:00:00",1053008,1903
"2023-02-15 00:00:00",1051105,1769
"2023-02-14 00:00:00",1049336,1751
"2023-02-13 00:00:00",1047585,1908
"2023-02-12 00:00:00",1045677,2086
"2023-02-11 00:00:00",1043591,2027
"2023-02-10 00:00:00",1041564,2106
"2023-02-09 00:00:00",1039458,1971
"2023-02-08 00:00:00",1037487,2041
"2023-02-07 00:00:00",1035446,0
"2023-02-06 00:00:00",1035446,3961
"2023-02-05 00:00:00",1031485,2270
"2023-02-04 00:00:00",1029215,2061
"2023-02-03 00:00:00",1027154,2189
"2023-02-02 00:00:00",1024965,2225
"2023-02-01 00:00:00",1022740,0
"2023-01-31 00:00:00",1022740,3877
"2023-01-30 00:00:00",1018863,2264
"2023-01-29 00:00:00",1016599,2335
"2023-01-28 00:00:00",1014265,2335
"2023-01-27 00:00:00",1011930,2373
"2023-01-26 00:00:00",1009557,2246
"2023-01-25 00:00:00",1007311,2110
"2023-01-24 00:00:00",1005201,2092
"2023-01-23 00:00:00",1003109,2213
"2023-01-22 00:00:00",1000896,2456
"2023-01-21 00:00:00",998440,2530
"2023-01-20 00:00:00",995910,2504
"2023-01-19 00:00:00",993406,2467
"2023-01-18 00:00:00",990939,2389
"2023-01-17 00:00:00",988550,2138
"2023-01-16 00:00:00",986412,2383
"2023-01-15 00:00:00",984029,2654
"2023-01-14 00:00:00",981375,2653
"2023-01-13 00:00:00",978722,2553
"2023-01-12 00:00:00",976169,2531
"2023-01-11 00:00:00",973638,2667
"2023-01-10 00:00:00",970971,2350
"2023-01-09 00:00:00",968621,2626
"2023-01-08 00:00:00",965995,2763
"2023-01-07 00:00:00",963232,0
"2023-01-06 00:00:00",963232,5529
"2023-01-05 00:00:00",957703,2764
"2023-01-04 00:00:00",954939,2671
"2023-01-03 00:00:00",952268,2298
"2023-01-02 00:00:00",949970,2833
"2023-01-01 00:00:00",947137,3045
"2022-12-31 00:00:00",944092,3087
"2022-12-30 00:00:00",941005,3018
"2022-12-29 00:00:00",937987,3057
"2022-12-28 00:00:00",934930,2726
"2022-12-27 00:00:00",932204,2186
"2022-12-26 00:00:00",930018,2708
"2022-12-25 00:00:00",927310,2947
"2022-12-24 00:00:00",924363,3321
"2022-12-23 00:00:00",921042,3355
"2022-12-22 00:00:00",917687,2913
"2022-12-21 00:00:00",914774,2827
"2022-12-20 00:00:00",911947,2477
"2022-12-19 00:00:00",909470,2882
"2022-12-18 00:00:00",906588,3236
"2022-12-17 00:00:00",903352,3343
"2022-12-16 00:00:00",900009,3113
"2022-12-15 00:00:00",896896,3044
"2022-12-14 00:00:00",893852,3133
"2022-12-13 00:00:00",890719,2693
"2022-12-12 00:00:00",888026,2959
"2022-12-11 00:00:00",885067,3405
"2022-12-10 00:00:00",881662,3750
"2022-12-09 00:00:00",877912,3736
"2022-12-08 00:00:00",874176,3885
"2022-12-07 00:00:00",870291,3727
"2022-12-06 00:00:00",866564,4067
"2022-12-05 00:00:00",862497,4067
"2022-12-04 00:00:00",858430,4067
"2022-12-03 00:00:00",854363,4067
"2022-12-02 00:00:00",850296,4067
"2022-12-01 00:00:00",846229,4505
"2022-11-30 00:00:00",841724,4715
"2022-11-29 00:00:00",837009,3811
"2022-11-28 00:00:00",833198,4133
"2022-11-27 00:00:00",829065,3830
"2022-11-26 00:00:00",825235,4047
"2022-11-25 00:00:00",821188,4539
"2022-11-24 00:00:00",816649,4376
"2022-11-23 00:00:00",812273,4135
"2022-11-22 00:00:00",808138,3726
"2022-11-21 00:00:00",804412,4388
"2022-11-20 00:00:00",800024,4967
"2022-11-19 00:00:00",795057,4659
"2022-11-18 00:00:00",790398,4485
"2022-11-17 00:00:00",785913,4553
"2022-11-16 00:00:00",781360,4406
"2022-11-15 00:00:00",776954,3925
"2022-11-14 00:00:00",773029,4766
"2022-11-13 00:00:00",768263,5247
"2022-11-12 00:00:00",763016,5310
"2022-11-11 00:00:00",757706,5328
"2022-11-10 00:00:00",752378,5204
"2022-11-09 00:00:00",747174,0
"2022-11-08 00:00:00",747174,9386
"2022-11-07 00:00:00",737788,4930
"2022-11-06 00:00:00",732858,5670
"2022-11-05 00:00:00",727188,6278
"2022-11-04 00:00:00",720910,6259
"2022-11-03 00:00:00",714651,6148
"2022-11-02 00:00:00",708503,6109
"2022-11-01 00:00:00",702394,5299
"2022-10-31 00:00:00",697095,6365
"2022-10-30 00:00:00",690730,7633
"2022-10-29 00:00:00",683097,7735
"2022-10-28 00:00:00",675362,7667
"2022-10-27 00:00:00",667695,7523
"2022-10-26 00:00:00",660172,8085
"2022-10-25 00:00:00",652087,7521
"2022-10-24 00:00:00",644566,9722
"2022-10-23 00:00:00",634844,13099
"2022-10-22 00:00:00",621745,10961
"2022-10-21 00:00:00",610784,10758
"2022-10-20 00:00:00",600026,11300
"2022-10-19 00:00:00",588726,11261
"2022-10-18 00:00:00",577465,9686
"2022-10-17 00:00:00",567779,11958
"2022-10-16 00:00:00",555821,28518
"2022-10-15 00:00:00",527303,0
"2022-10-14 00:00:00",527303,13348
"2022-10-13 00:00:00",513955,13867
"2022-10-12 00:00:00",500088,13267
"2022-10-11 00:00:00",486821,12047
"2022-10-10 00:00:00",474774,15382
"2022-10-09 00:00:00",459392,21001
"2022-10-08 00:00:00",438391,18128
"2022-10-07 00:00:00",420263,18779
"2022-10-06 00:00:00",401484,19801
"2022-10-05 00:00:00",381683,19872
"2022-10-04 00:00:00",361811,17369
"2022-10-03 00:00:00",344442,23791
"2022-10-02 00:00:00",320651,34124
"2022-10-01 00:00:00",286527,32033
"2022-09-30 00:00:00",254494,35383
"2022-09-29 00:00:00",219111,27661
"2022-09-28 00:00:00",191450,31897
"2022-09-27 00:00:00",159553,30170
"2022-09-26 00:00:00",129383,48734
"2022-09-25 00:00:00",80649,0