﻿"DateTime","Spotify Streams","Change"
"2023-05-17 00:00:00",2410600,2291
"2023-05-16 00:00:00",2408310,2291
"2023-05-15 00:00:00",2406019,4026
"2023-05-14 00:00:00",2401993,9519
"2023-05-13 00:00:00",2392474,5078
"2023-05-12 00:00:00",2387396,5042
"2023-05-11 00:00:00",2382354,0
"2023-05-10 00:00:00",2382354,4770
"2023-05-09 00:00:00",2377584,4770
"2023-05-08 00:00:00",2372814,8923
"2023-05-07 00:00:00",2363891,5137
"2023-05-06 00:00:00",2358754,0
"2023-05-05 00:00:00",2358754,10707
"2023-05-04 00:00:00",2348047,5151
"2023-05-03 00:00:00",2342897,5151
"2023-05-02 00:00:00",2337746,0
"2023-05-01 00:00:00",2337746,7027
"2023-04-30 00:00:00",2330719,7027
"2023-04-29 00:00:00",2323693,7027
"2023-04-28 00:00:00",2316666,5443
"2023-04-27 00:00:00",2311223,5393
"2023-04-26 00:00:00",2305830,5294
"2023-04-25 00:00:00",2300536,0
"2023-04-24 00:00:00",2300536,9587
"2023-04-23 00:00:00",2290949,5578
"2023-04-22 00:00:00",2285371,5526
"2023-04-21 00:00:00",2279845,5526
"2023-04-20 00:00:00",2274320,5526
"2023-04-19 00:00:00",2268794,4915
"2023-04-18 00:00:00",2263879,4915
"2023-04-17 00:00:00",2258964,5069
"2023-04-16 00:00:00",2253895,5267
"2023-04-15 00:00:00",2248628,5632
"2023-04-14 00:00:00",2242996,5096
"2023-04-13 00:00:00",2237900,5347
"2023-04-12 00:00:00",2232553,5050
"2023-04-11 00:00:00",2227503,4460
"2023-04-10 00:00:00",2223043,5129
"2023-04-09 00:00:00",2217914,5775
"2023-04-08 00:00:00",2212139,6277
"2023-04-07 00:00:00",2205862,5990
"2023-04-06 00:00:00",2199872,6132
"2023-04-05 00:00:00",2193740,5586
"2023-04-04 00:00:00",2188154,4869
"2023-04-03 00:00:00",2183285,5208
"2023-04-02 00:00:00",2178077,5638
"2023-04-01 00:00:00",2172439,6118
"2023-03-31 00:00:00",2166321,5811
"2023-03-30 00:00:00",2160510,5549
"2023-03-29 00:00:00",2154961,5385
"2023-03-28 00:00:00",2149576,4918
"2023-03-27 00:00:00",2144658,5195
"2023-03-26 00:00:00",2139463,5583
"2023-03-25 00:00:00",2133880,6768
"2023-03-24 00:00:00",2127112,6218
"2023-03-23 00:00:00",2120894,6031
"2023-03-22 00:00:00",2114863,5881
"2023-03-21 00:00:00",2108982,5245
"2023-03-20 00:00:00",2103737,0
"2023-03-19 00:00:00",2103737,11763
"2023-03-18 00:00:00",2091974,6473
"2023-03-17 00:00:00",2085501,6377
"2023-03-16 00:00:00",2079124,6878
"2023-03-15 00:00:00",2072246,6519
"2023-03-14 00:00:00",2065727,5679
"2023-03-13 00:00:00",2060048,6270
"2023-03-12 00:00:00",2053778,0
"2023-03-11 00:00:00",2053778,13565
"2023-03-10 00:00:00",2040213,6705
"2023-03-09 00:00:00",2033508,6982
"2023-03-08 00:00:00",2026526,7080
"2023-03-07 00:00:00",2019446,0
"2023-03-06 00:00:00",2019446,12556
"2023-03-05 00:00:00",2006890,7455
"2023-03-04 00:00:00",1999435,7194
"2023-03-03 00:00:00",1992241,0
"2023-03-02 00:00:00",1992241,6601
"2023-03-01 00:00:00",1985640,12919
"2023-02-28 00:00:00",1972721,5174
"2023-02-27 00:00:00",1967547,5780
"2023-02-26 00:00:00",1961767,6795
"2023-02-25 00:00:00",1954972,7458
"2023-02-24 00:00:00",1947514,7817
"2023-02-23 00:00:00",1939697,14293
"2023-02-22 00:00:00",1925404,0
"2023-02-21 00:00:00",1925404,6185
"2023-02-20 00:00:00",1919219,6767
"2023-02-19 00:00:00",1912452,0
"2023-02-18 00:00:00",1912452,7829
"2023-02-17 00:00:00",1904623,16565
"2023-02-16 00:00:00",1888058,8126
"2023-02-15 00:00:00",1879932,7682
"2023-02-14 00:00:00",1872250,6526
"2023-02-13 00:00:00",1865724,6973
"2023-02-12 00:00:00",1858751,7451
"2023-02-11 00:00:00",1851300,8060
"2023-02-10 00:00:00",1843240,7581
"2023-02-09 00:00:00",1835659,7521
"2023-02-08 00:00:00",1828138,7392
"2023-02-07 00:00:00",1820746,6512
"2023-02-06 00:00:00",1814234,0
"2023-02-05 00:00:00",1814234,15209
"2023-02-04 00:00:00",1799025,8277
"2023-02-03 00:00:00",1790748,8132
"2023-02-02 00:00:00",1782616,8153
"2023-02-01 00:00:00",1774463,7973
"2023-01-31 00:00:00",1766490,7067
"2023-01-30 00:00:00",1759423,8548
"2023-01-29 00:00:00",1750875,8910
"2023-01-28 00:00:00",1741965,8910
"2023-01-27 00:00:00",1733055,9814
"2023-01-26 00:00:00",1723241,9691
"2023-01-25 00:00:00",1713550,0
"2023-01-24 00:00:00",1713550,17727
"2023-01-23 00:00:00",1695823,0
"2023-01-22 00:00:00",1695823,20953
"2023-01-21 00:00:00",1674870,0
"2023-01-20 00:00:00",1674870,48140
"2023-01-19 00:00:00",1626730,21148
"2023-01-18 00:00:00",1605582,19139
"2023-01-17 00:00:00",1586443,16674
"2023-01-16 00:00:00",1569769,17466
"2023-01-15 00:00:00",1552303,20629
"2023-01-14 00:00:00",1531674,23800
"2023-01-13 00:00:00",1507874,17451
"2023-01-12 00:00:00",1490423,10019
"2023-01-11 00:00:00",1480404,7752
"2023-01-10 00:00:00",1472652,6548
"2023-01-09 00:00:00",1466104,7157
"2023-01-08 00:00:00",1458947,7773
"2023-01-07 00:00:00",1451174,8326
"2023-01-06 00:00:00",1442848,8615
"2023-01-05 00:00:00",1434233,7885
"2023-01-04 00:00:00",1426348,7393
"2023-01-03 00:00:00",1418955,6416
"2023-01-02 00:00:00",1412539,7772
"2023-01-01 00:00:00",1404767,8525
"2022-12-31 00:00:00",1396242,8907
"2022-12-30 00:00:00",1387335,8682
"2022-12-29 00:00:00",1378653,8723
"2022-12-28 00:00:00",1369930,7909
"2022-12-27 00:00:00",1362021,7159
"2022-12-26 00:00:00",1354862,8852
"2022-12-25 00:00:00",1346010,10076
"2022-12-24 00:00:00",1335934,11183
"2022-12-23 00:00:00",1324751,11236
"2022-12-22 00:00:00",1313515,10849
"2022-12-21 00:00:00",1302666,10533
"2022-12-20 00:00:00",1292133,8974
"2022-12-19 00:00:00",1283159,11568
"2022-12-18 00:00:00",1271591,14206
"2022-12-17 00:00:00",1257385,13983
"2022-12-16 00:00:00",1243402,0
"2022-12-15 00:00:00",1243402,32552
"2022-12-14 00:00:00",1210850,15865
"2022-12-13 00:00:00",1194985,14130
"2022-12-12 00:00:00",1180855,16280
"2022-12-11 00:00:00",1164575,20740
"2022-12-10 00:00:00",1143835,22666
"2022-12-09 00:00:00",1121169,24708
"2022-12-08 00:00:00",1096461,22063
"2022-12-07 00:00:00",1074398,23045
"2022-12-06 00:00:00",1051353,23045
"2022-12-05 00:00:00",1028308,23045
"2022-12-04 00:00:00",1005263,23045
"2022-12-03 00:00:00",982217,23045
"2022-12-02 00:00:00",959172,23045
"2022-12-01 00:00:00",936127,30762
"2022-11-30 00:00:00",905365,31713
"2022-11-29 00:00:00",873652,27322
"2022-11-28 00:00:00",846330,42871
"2022-11-27 00:00:00",803459,101651
"2022-11-26 00:00:00",701808,130658
"2022-11-25 00:00:00",571150,115045
"2022-11-24 00:00:00",456105,86709
"2022-11-23 00:00:00",369396,75984
"2022-11-22 00:00:00",293412,85464
"2022-11-21 00:00:00",207948,85464
"2022-11-20 00:00:00",122484,0