﻿"DateTime","Spotify Streams","Change"
"2023-05-09 00:00:00",6247189,12929
"2023-05-08 00:00:00",6234260,6990
"2023-05-07 00:00:00",6227270,0
"2023-05-06 00:00:00",6227270,14616
"2023-05-05 00:00:00",6212654,7108
"2023-05-04 00:00:00",6205546,0
"2023-05-03 00:00:00",6205546,9569
"2023-05-02 00:00:00",6195977,9569
"2023-05-01 00:00:00",6186408,3416
"2023-04-30 00:00:00",6182992,3416
"2023-04-29 00:00:00",6179576,7177
"2023-04-28 00:00:00",6172400,7177
"2023-04-27 00:00:00",6165223,13844
"2023-04-26 00:00:00",6151379,6957
"2023-04-25 00:00:00",6144422,5727
"2023-04-24 00:00:00",6138695,6463
"2023-04-23 00:00:00",6132232,7152
"2023-04-22 00:00:00",6125080,7152
"2023-04-21 00:00:00",6117928,7152
"2023-04-20 00:00:00",6110776,7298
"2023-04-19 00:00:00",6103478,7111
"2023-04-18 00:00:00",6096367,0
"2023-04-17 00:00:00",6096367,12387
"2023-04-16 00:00:00",6083980,0
"2023-04-15 00:00:00",6083980,14884
"2023-04-14 00:00:00",6069096,7528
"2023-04-13 00:00:00",6061568,7353
"2023-04-12 00:00:00",6054215,0
"2023-04-11 00:00:00",6054215,13123
"2023-04-10 00:00:00",6041092,7416
"2023-04-09 00:00:00",6033676,7282
"2023-04-08 00:00:00",6026394,8105
"2023-04-07 00:00:00",6018289,7832
"2023-04-06 00:00:00",6010457,7639
"2023-04-05 00:00:00",6002818,7530
"2023-04-04 00:00:00",5995288,6372
"2023-04-03 00:00:00",5988916,7100
"2023-04-02 00:00:00",5981816,8075
"2023-04-01 00:00:00",5973741,8095
"2023-03-31 00:00:00",5965646,8023
"2023-03-30 00:00:00",5957623,8129
"2023-03-29 00:00:00",5949494,7876
"2023-03-28 00:00:00",5941618,6903
"2023-03-27 00:00:00",5934715,7545
"2023-03-26 00:00:00",5927170,8785
"2023-03-25 00:00:00",5918385,8711
"2023-03-24 00:00:00",5909674,8568
"2023-03-23 00:00:00",5901106,0
"2023-03-22 00:00:00",5901106,17001
"2023-03-21 00:00:00",5884105,6878
"2023-03-20 00:00:00",5877227,7980
"2023-03-19 00:00:00",5869247,8997
"2023-03-18 00:00:00",5860250,0
"2023-03-17 00:00:00",5860250,17816
"2023-03-16 00:00:00",5842434,0
"2023-03-15 00:00:00",5842434,17620
"2023-03-14 00:00:00",5824814,7159
"2023-03-13 00:00:00",5817655,0
"2023-03-12 00:00:00",5817655,18206
"2023-03-11 00:00:00",5799449,9642
"2023-03-10 00:00:00",5789807,9612
"2023-03-09 00:00:00",5780195,10085
"2023-03-08 00:00:00",5770110,9522
"2023-03-07 00:00:00",5760588,8015
"2023-03-06 00:00:00",5752573,9154
"2023-03-05 00:00:00",5743419,10105
"2023-03-04 00:00:00",5733314,9904
"2023-03-03 00:00:00",5723410,9812
"2023-03-02 00:00:00",5713598,0
"2023-03-01 00:00:00",5713598,10372
"2023-02-28 00:00:00",5703226,17934
"2023-02-27 00:00:00",5685292,9553
"2023-02-26 00:00:00",5675739,10549
"2023-02-25 00:00:00",5665190,10521
"2023-02-24 00:00:00",5654669,10194
"2023-02-23 00:00:00",5644475,9968
"2023-02-22 00:00:00",5634507,9871
"2023-02-21 00:00:00",5624636,8317
"2023-02-20 00:00:00",5616319,9038
"2023-02-19 00:00:00",5607281,9834
"2023-02-18 00:00:00",5597447,9835
"2023-02-17 00:00:00",5587612,0
"2023-02-16 00:00:00",5587612,19476
"2023-02-15 00:00:00",5568136,8927
"2023-02-14 00:00:00",5559209,7752
"2023-02-13 00:00:00",5551457,8995
"2023-02-12 00:00:00",5542462,9881
"2023-02-11 00:00:00",5532581,10093
"2023-02-10 00:00:00",5522488,9884
"2023-02-09 00:00:00",5512604,10078
"2023-02-08 00:00:00",5502526,9766
"2023-02-07 00:00:00",5492760,8198
"2023-02-06 00:00:00",5484562,8922
"2023-02-05 00:00:00",5475640,0
"2023-02-04 00:00:00",5475640,9239
"2023-02-03 00:00:00",5466401,9610
"2023-02-02 00:00:00",5456791,18364
"2023-02-01 00:00:00",5438427,9030
"2023-01-31 00:00:00",5429397,0
"2023-01-30 00:00:00",5429397,15714
"2023-01-29 00:00:00",5413683,9064
"2023-01-28 00:00:00",5404619,9228
"2023-01-27 00:00:00",5395391,8957
"2023-01-26 00:00:00",5386434,0
"2023-01-25 00:00:00",5386434,17692
"2023-01-24 00:00:00",5368742,7459
"2023-01-23 00:00:00",5361283,8293
"2023-01-22 00:00:00",5352990,0
"2023-01-21 00:00:00",5352990,18950
"2023-01-20 00:00:00",5334040,9779
"2023-01-19 00:00:00",5324261,9956
"2023-01-18 00:00:00",5314305,9819
"2023-01-17 00:00:00",5304486,8363
"2023-01-16 00:00:00",5296123,8878
"2023-01-15 00:00:00",5287245,9691
"2023-01-14 00:00:00",5277554,9461
"2023-01-13 00:00:00",5268093,9402
"2023-01-12 00:00:00",5258691,9286
"2023-01-11 00:00:00",5249405,9083
"2023-01-10 00:00:00",5240322,7897
"2023-01-09 00:00:00",5232425,8595
"2023-01-08 00:00:00",5223830,9173
"2023-01-07 00:00:00",5214657,9211
"2023-01-06 00:00:00",5205446,8921
"2023-01-05 00:00:00",5196525,8622
"2023-01-04 00:00:00",5187903,8207
"2023-01-03 00:00:00",5179696,6692
"2023-01-02 00:00:00",5173004,9011
"2023-01-01 00:00:00",5163993,9752
"2022-12-31 00:00:00",5154241,9968
"2022-12-30 00:00:00",5144273,9714
"2022-12-29 00:00:00",5134559,9569
"2022-12-28 00:00:00",5124990,8170
"2022-12-27 00:00:00",5116820,6806
"2022-12-26 00:00:00",5110014,9001
"2022-12-25 00:00:00",5101013,10268
"2022-12-24 00:00:00",5090745,10339
"2022-12-23 00:00:00",5080406,10734
"2022-12-22 00:00:00",5069672,10629
"2022-12-21 00:00:00",5059043,10256
"2022-12-20 00:00:00",5048787,8350
"2022-12-19 00:00:00",5040437,10097
"2022-12-18 00:00:00",5030340,11585
"2022-12-17 00:00:00",5018755,11708
"2022-12-16 00:00:00",5007047,11723
"2022-12-15 00:00:00",4995324,11920
"2022-12-14 00:00:00",4983404,11995
"2022-12-13 00:00:00",4971409,0
"2022-12-12 00:00:00",4971409,22005
"2022-12-11 00:00:00",4949404,13544
"2022-12-10 00:00:00",4935860,13839
"2022-12-09 00:00:00",4922021,13463
"2022-12-08 00:00:00",4908558,12762
"2022-12-07 00:00:00",4895796,11567
"2022-12-06 00:00:00",4884229,11904
"2022-12-05 00:00:00",4872325,11904
"2022-12-04 00:00:00",4860420,11904
"2022-12-03 00:00:00",4848516,11904
"2022-12-02 00:00:00",4836611,11904
"2022-12-01 00:00:00",4824707,0
"2022-11-30 00:00:00",4824707,23303
"2022-11-29 00:00:00",4801404,9830
"2022-11-28 00:00:00",4791574,10848
"2022-11-27 00:00:00",4780726,11302
"2022-11-26 00:00:00",4769424,11736
"2022-11-25 00:00:00",4757688,13016
"2022-11-24 00:00:00",4744672,13708
"2022-11-23 00:00:00",4730964,0
"2022-11-22 00:00:00",4730964,24755
"2022-11-21 00:00:00",4706209,13016
"2022-11-20 00:00:00",4693193,13963
"2022-11-19 00:00:00",4679230,13267
"2022-11-18 00:00:00",4665963,13025
"2022-11-17 00:00:00",4652938,12709
"2022-11-16 00:00:00",4640229,12443
"2022-11-15 00:00:00",4627786,10489
"2022-11-14 00:00:00",4617297,11610
"2022-11-13 00:00:00",4605687,12845
"2022-11-12 00:00:00",4592842,12894
"2022-11-11 00:00:00",4579948,13032
"2022-11-10 00:00:00",4566916,12876
"2022-11-09 00:00:00",4554040,12742
"2022-11-08 00:00:00",4541298,10803
"2022-11-07 00:00:00",4530495,12720
"2022-11-06 00:00:00",4517775,15439
"2022-11-05 00:00:00",4502336,14618
"2022-11-04 00:00:00",4487718,12459
"2022-11-03 00:00:00",4475259,12326
"2022-11-02 00:00:00",4462933,12622
"2022-11-01 00:00:00",4450311,11033
"2022-10-31 00:00:00",4439278,12874
"2022-10-30 00:00:00",4426404,14641
"2022-10-29 00:00:00",4411763,14641
"2022-10-28 00:00:00",4397122,14078
"2022-10-27 00:00:00",4383044,14091
"2022-10-26 00:00:00",4368953,13795
"2022-10-25 00:00:00",4355158,11587
"2022-10-24 00:00:00",4343571,13410
"2022-10-23 00:00:00",4330161,14695
"2022-10-22 00:00:00",4315466,14812
"2022-10-21 00:00:00",4300654,14225
"2022-10-20 00:00:00",4286429,14199
"2022-10-19 00:00:00",4272230,13528
"2022-10-18 00:00:00",4258702,11279
"2022-10-17 00:00:00",4247423,13597
"2022-10-16 00:00:00",4233826,14939
"2022-10-15 00:00:00",4218887,29361
"2022-10-14 00:00:00",4189526,0
"2022-10-13 00:00:00",4189526,14619
"2022-10-12 00:00:00",4174907,14326
"2022-10-11 00:00:00",4160581,12676
"2022-10-10 00:00:00",4147905,14369
"2022-10-09 00:00:00",4133536,15851
"2022-10-08 00:00:00",4117685,16656
"2022-10-07 00:00:00",4101029,16947
"2022-10-06 00:00:00",4084082,16505
"2022-10-05 00:00:00",4067577,15572
"2022-10-04 00:00:00",4052005,13034
"2022-10-03 00:00:00",4038971,15091
"2022-10-02 00:00:00",4023880,16671
"2022-10-01 00:00:00",4007209,16905
"2022-09-30 00:00:00",3990304,16175
"2022-09-29 00:00:00",3974129,16139
"2022-09-28 00:00:00",3957990,15910
"2022-09-27 00:00:00",3942080,13677
"2022-09-26 00:00:00",3928403,15996
"2022-09-25 00:00:00",3912407,17617
"2022-09-24 00:00:00",3894790,18108
"2022-09-23 00:00:00",3876682,18622
"2022-09-22 00:00:00",3858060,18975
"2022-09-21 00:00:00",3839085,17077
"2022-09-20 00:00:00",3822008,14946
"2022-09-19 00:00:00",3807062,17416
"2022-09-18 00:00:00",3789646,19311
"2022-09-17 00:00:00",3770335,19920
"2022-09-16 00:00:00",3750415,19477
"2022-09-15 00:00:00",3730938,19147
"2022-09-14 00:00:00",3711791,19145
"2022-09-13 00:00:00",3692646,16463
"2022-09-12 00:00:00",3676183,18376
"2022-09-11 00:00:00",3657807,20975
"2022-09-10 00:00:00",3636832,21306
"2022-09-09 00:00:00",3615526,19985
"2022-09-08 00:00:00",3595541,39522
"2022-09-07 00:00:00",3556019,0
"2022-09-06 00:00:00",3556019,17489
"2022-09-05 00:00:00",3538530,20349
"2022-09-04 00:00:00",3518181,22978
"2022-09-03 00:00:00",3495203,23238
"2022-09-02 00:00:00",3471965,22422
"2022-09-01 00:00:00",3449543,21974
"2022-08-31 00:00:00",3427569,20943
"2022-08-30 00:00:00",3406626,18819
"2022-08-29 00:00:00",3387807,21392
"2022-08-28 00:00:00",3366415,23679
"2022-08-27 00:00:00",3342736,24377
"2022-08-26 00:00:00",3318359,24389
"2022-08-25 00:00:00",3293970,23429
"2022-08-24 00:00:00",3270541,23070
"2022-08-23 00:00:00",3247471,0
"2022-08-22 00:00:00",3247471,34867
"2022-08-21 00:00:00",3212605,34867
"2022-08-20 00:00:00",3177738,24774
"2022-08-19 00:00:00",3152964,24774
"2022-08-18 00:00:00",3128190,25092
"2022-08-17 00:00:00",3103098,23292
"2022-08-16 00:00:00",3079806,20940
"2022-08-15 00:00:00",3058866,23982
"2022-08-14 00:00:00",3034884,26312
"2022-08-13 00:00:00",3008572,27190
"2022-08-12 00:00:00",2981382,27979
"2022-08-11 00:00:00",2953403,27981
"2022-08-10 00:00:00",2925422,27990
"2022-08-09 00:00:00",2897432,24341
"2022-08-08 00:00:00",2873091,27586
"2022-08-07 00:00:00",2845505,30780
"2022-08-06 00:00:00",2814725,31465
"2022-08-05 00:00:00",2783260,31900
"2022-08-04 00:00:00",2751360,32351
"2022-08-03 00:00:00",2719009,32484
"2022-08-02 00:00:00",2686525,29848
"2022-08-01 00:00:00",2656677,33824
"2022-07-31 00:00:00",2622853,37871
"2022-07-30 00:00:00",2584982,36041
"2022-07-29 00:00:00",2548941,35236
"2022-07-28 00:00:00",2513705,36085
"2022-07-27 00:00:00",2477620,36028
"2022-07-26 00:00:00",2441592,32150
"2022-07-25 00:00:00",2409442,37285
"2022-07-24 00:00:00",2372157,41815
"2022-07-23 00:00:00",2330342,41961
"2022-07-22 00:00:00",2288381,42755
"2022-07-21 00:00:00",2245626,43145
"2022-07-20 00:00:00",2202481,43695
"2022-07-19 00:00:00",2158786,40078
"2022-07-18 00:00:00",2118708,46081
"2022-07-17 00:00:00",2072627,50726
"2022-07-16 00:00:00",2021901,52616
"2022-07-15 00:00:00",1969285,54564
"2022-07-14 00:00:00",1914721,56838
"2022-07-13 00:00:00",1857883,57922
"2022-07-12 00:00:00",1799961,52258
"2022-07-11 00:00:00",1747703,60807
"2022-07-10 00:00:00",1686896,69689
"2022-07-09 00:00:00",1617207,65549
"2022-07-08 00:00:00",1551658,66837
"2022-07-07 00:00:00",1484821,70479
"2022-07-06 00:00:00",1414342,71251
"2022-07-05 00:00:00",1343091,65006
"2022-07-04 00:00:00",1278085,78075
"2022-07-03 00:00:00",1200010,95643
"2022-07-02 00:00:00",1104367,108761
"2022-07-01 00:00:00",995606,120573
"2022-06-30 00:00:00",875033,133539
"2022-06-29 00:00:00",741494,147113
"2022-06-28 00:00:00",594381,144072
"2022-06-27 00:00:00",450309,194277
"2022-06-26 00:00:00",256032,246982
"2022-06-25 00:00:00",9050,0