﻿"DateTime","Spotify Streams","Change"
"2023-05-17 00:00:00",3031261,18105
"2023-05-16 00:00:00",3013156,18105
"2023-05-15 00:00:00",2995051,18131
"2023-05-14 00:00:00",2976920,21073
"2023-05-13 00:00:00",2955847,20713
"2023-05-12 00:00:00",2935134,22989
"2023-05-11 00:00:00",2912145,23187
"2023-05-10 00:00:00",2888958,0
"2023-05-09 00:00:00",2888958,43481
"2023-05-08 00:00:00",2845477,21493
"2023-05-07 00:00:00",2823984,22431
"2023-05-06 00:00:00",2801553,23669
"2023-05-05 00:00:00",2777884,26213
"2023-05-04 00:00:00",2751671,26034
"2023-05-03 00:00:00",2725637,0
"2023-05-02 00:00:00",2725637,50834
"2023-05-01 00:00:00",2674803,22925
"2023-04-30 00:00:00",2651878,26032
"2023-04-29 00:00:00",2625846,24118
"2023-04-28 00:00:00",2601728,22719
"2023-04-27 00:00:00",2579009,21645
"2023-04-26 00:00:00",2557364,20764
"2023-04-25 00:00:00",2536600,16896
"2023-04-24 00:00:00",2519705,16896
"2023-04-23 00:00:00",2502809,20400
"2023-04-22 00:00:00",2482409,15318
"2023-04-21 00:00:00",2467091,14310
"2023-04-20 00:00:00",2452781,14350
"2023-04-19 00:00:00",2438431,14913
"2023-04-18 00:00:00",2423518,12422
"2023-04-17 00:00:00",2411096,12877
"2023-04-16 00:00:00",2398219,15467
"2023-04-15 00:00:00",2382752,15309
"2023-04-14 00:00:00",2367443,14681
"2023-04-13 00:00:00",2352762,13934
"2023-04-12 00:00:00",2338828,13137
"2023-04-11 00:00:00",2325691,11504
"2023-04-10 00:00:00",2314187,12782
"2023-04-09 00:00:00",2301405,12950
"2023-04-08 00:00:00",2288455,14047
"2023-04-07 00:00:00",2274408,13654
"2023-04-06 00:00:00",2260754,13943
"2023-04-05 00:00:00",2246811,0
"2023-04-04 00:00:00",2246811,14031
"2023-04-03 00:00:00",2232780,11913
"2023-04-02 00:00:00",2220867,29338
"2023-04-01 00:00:00",2191529,15106
"2023-03-31 00:00:00",2176423,13485
"2023-03-30 00:00:00",2162938,13665
"2023-03-29 00:00:00",2149273,13316
"2023-03-28 00:00:00",2135957,11116
"2023-03-27 00:00:00",2124841,11710
"2023-03-26 00:00:00",2113131,13708
"2023-03-25 00:00:00",2099423,13716
"2023-03-24 00:00:00",2085707,13603
"2023-03-23 00:00:00",2072104,0
"2023-03-22 00:00:00",2072104,27366
"2023-03-21 00:00:00",2044738,11678
"2023-03-20 00:00:00",2033060,12165
"2023-03-19 00:00:00",2020895,0
"2023-03-18 00:00:00",2020895,13698
"2023-03-17 00:00:00",2007197,14218
"2023-03-16 00:00:00",1992979,14263
"2023-03-15 00:00:00",1978716,13731
"2023-03-14 00:00:00",1964985,14619
"2023-03-13 00:00:00",1950366,25338
"2023-03-12 00:00:00",1925028,0
"2023-03-11 00:00:00",1925028,14873
"2023-03-10 00:00:00",1910155,31010
"2023-03-09 00:00:00",1879145,0
"2023-03-08 00:00:00",1879145,31824
"2023-03-07 00:00:00",1847321,0
"2023-03-06 00:00:00",1847321,27044
"2023-03-05 00:00:00",1820277,0
"2023-03-04 00:00:00",1820277,31762
"2023-03-03 00:00:00",1788515,0
"2023-03-02 00:00:00",1788515,15060
"2023-03-01 00:00:00",1773455,14892
"2023-02-28 00:00:00",1758563,14273
"2023-02-27 00:00:00",1744290,11328
"2023-02-26 00:00:00",1732962,25621
"2023-02-25 00:00:00",1707341,16743
"2023-02-24 00:00:00",1690598,0
"2023-02-23 00:00:00",1690598,34077
"2023-02-22 00:00:00",1656521,14730
"2023-02-21 00:00:00",1641791,13492
"2023-02-20 00:00:00",1628299,14612
"2023-02-19 00:00:00",1613687,18373
"2023-02-18 00:00:00",1595314,19151
"2023-02-17 00:00:00",1576163,20357
"2023-02-16 00:00:00",1555806,20876
"2023-02-15 00:00:00",1534930,18797
"2023-02-14 00:00:00",1516133,15253
"2023-02-13 00:00:00",1500880,16686
"2023-02-12 00:00:00",1484194,20697
"2023-02-11 00:00:00",1463497,20938
"2023-02-10 00:00:00",1442559,20638
"2023-02-09 00:00:00",1421921,20686
"2023-02-08 00:00:00",1401235,20647
"2023-02-07 00:00:00",1380588,15328
"2023-02-06 00:00:00",1365260,16335
"2023-02-05 00:00:00",1348925,18541
"2023-02-04 00:00:00",1330384,17890
"2023-02-03 00:00:00",1312494,17284
"2023-02-02 00:00:00",1295210,17503
"2023-02-01 00:00:00",1277707,17894
"2023-01-31 00:00:00",1259813,14134
"2023-01-30 00:00:00",1245679,15454
"2023-01-29 00:00:00",1230225,9263
"2023-01-28 00:00:00",1220962,9263
"2023-01-27 00:00:00",1211699,37529
"2023-01-26 00:00:00",1174170,18052
"2023-01-25 00:00:00",1156118,16952
"2023-01-24 00:00:00",1139166,12836
"2023-01-23 00:00:00",1126330,0
"2023-01-22 00:00:00",1126330,31084
"2023-01-21 00:00:00",1095246,17650
"2023-01-20 00:00:00",1077596,0
"2023-01-19 00:00:00",1077596,35085
"2023-01-18 00:00:00",1042511,0
"2023-01-17 00:00:00",1042511,27021
"2023-01-16 00:00:00",1015490,13738
"2023-01-15 00:00:00",1001752,17277
"2023-01-14 00:00:00",984475,17905
"2023-01-13 00:00:00",966570,0
"2023-01-12 00:00:00",966570,17771
"2023-01-11 00:00:00",948799,16741
"2023-01-10 00:00:00",932058,16413
"2023-01-09 00:00:00",915645,26933
"2023-01-08 00:00:00",888712,15809
"2023-01-07 00:00:00",872903,15394
"2023-01-06 00:00:00",857509,0
"2023-01-05 00:00:00",857509,27903
"2023-01-04 00:00:00",829606,0
"2023-01-03 00:00:00",829606,12291
"2023-01-02 00:00:00",817315,24040
"2023-01-01 00:00:00",793275,13030
"2022-12-31 00:00:00",780245,12415
"2022-12-30 00:00:00",767830,12774
"2022-12-29 00:00:00",755056,13280
"2022-12-28 00:00:00",741776,12202
"2022-12-27 00:00:00",729574,11611
"2022-12-26 00:00:00",717963,12117
"2022-12-25 00:00:00",705846,13650
"2022-12-24 00:00:00",692196,0
"2022-12-23 00:00:00",692196,15499
"2022-12-22 00:00:00",676697,15735
"2022-12-21 00:00:00",660962,15587
"2022-12-20 00:00:00",645375,28496
"2022-12-19 00:00:00",616879,14453
"2022-12-18 00:00:00",602426,0
"2022-12-17 00:00:00",602426,17521
"2022-12-16 00:00:00",584905,18680
"2022-12-15 00:00:00",566225,17466
"2022-12-14 00:00:00",548759,18059
"2022-12-13 00:00:00",530700,18864
"2022-12-12 00:00:00",511836,28101
"2022-12-11 00:00:00",483735,17845
"2022-12-10 00:00:00",465890,18922
"2022-12-09 00:00:00",446968,18560
"2022-12-08 00:00:00",428408,18876
"2022-12-07 00:00:00",409532,19041
"2022-12-06 00:00:00",390491,16960
"2022-12-05 00:00:00",373531,16960
"2022-12-04 00:00:00",356571,16960
"2022-12-03 00:00:00",339612,16960
"2022-12-02 00:00:00",322652,16960
"2022-12-01 00:00:00",305692,16960
"2022-11-30 00:00:00",288732,59438
"2022-11-29 00:00:00",229294,0
"2022-11-28 00:00:00",229294,23304
"2022-11-27 00:00:00",205990,27499
"2022-11-26 00:00:00",178491,32481
"2022-11-25 00:00:00",146010,0