﻿"DateTime","Spotify Streams","Change"
"2023-05-15 00:00:00",544676,722
"2023-05-14 00:00:00",543954,802
"2023-05-13 00:00:00",543153,802
"2023-05-12 00:00:00",542351,765
"2023-05-11 00:00:00",541587,765
"2023-05-10 00:00:00",540822,786
"2023-05-09 00:00:00",540036,729
"2023-05-08 00:00:00",539307,0
"2023-05-07 00:00:00",539307,1337
"2023-05-06 00:00:00",537971,1337
"2023-05-05 00:00:00",536634,937
"2023-05-04 00:00:00",535697,0
"2023-05-03 00:00:00",535697,1566
"2023-05-02 00:00:00",534131,0
"2023-05-01 00:00:00",534131,642
"2023-04-30 00:00:00",533489,1630
"2023-04-29 00:00:00",531859,805
"2023-04-28 00:00:00",531054,0
"2023-04-27 00:00:00",531054,1697
"2023-04-26 00:00:00",529357,698
"2023-04-25 00:00:00",528659,667
"2023-04-24 00:00:00",527992,0
"2023-04-23 00:00:00",527992,1203
"2023-04-22 00:00:00",526789,1203
"2023-04-21 00:00:00",525586,848
"2023-04-20 00:00:00",524738,848
"2023-04-19 00:00:00",523890,816
"2023-04-18 00:00:00",523074,698
"2023-04-17 00:00:00",522376,897
"2023-04-16 00:00:00",521479,891
"2023-04-15 00:00:00",520588,842
"2023-04-14 00:00:00",519746,873
"2023-04-13 00:00:00",518873,826
"2023-04-12 00:00:00",518047,814
"2023-04-11 00:00:00",517233,616
"2023-04-10 00:00:00",516617,799
"2023-04-09 00:00:00",515818,867
"2023-04-08 00:00:00",514951,859
"2023-04-07 00:00:00",514092,893
"2023-04-06 00:00:00",513199,906
"2023-04-05 00:00:00",512293,0
"2023-04-04 00:00:00",512293,1596
"2023-04-03 00:00:00",510697,854
"2023-04-02 00:00:00",509843,926
"2023-04-01 00:00:00",508917,0
"2023-03-31 00:00:00",508917,1828
"2023-03-30 00:00:00",507089,891
"2023-03-29 00:00:00",506198,932
"2023-03-28 00:00:00",505266,844
"2023-03-27 00:00:00",504422,916
"2023-03-26 00:00:00",503506,1027
"2023-03-25 00:00:00",502479,1043
"2023-03-24 00:00:00",501436,1049
"2023-03-23 00:00:00",500387,1088
"2023-03-22 00:00:00",499299,1062
"2023-03-21 00:00:00",498237,0
"2023-03-20 00:00:00",498237,1868
"2023-03-19 00:00:00",496369,1112
"2023-03-18 00:00:00",495257,1146
"2023-03-17 00:00:00",494111,1110
"2023-03-16 00:00:00",493001,1222
"2023-03-15 00:00:00",491779,1056
"2023-03-14 00:00:00",490723,0
"2023-03-13 00:00:00",490723,2125
"2023-03-12 00:00:00",488598,0
"2023-03-11 00:00:00",488598,2440
"2023-03-10 00:00:00",486158,1123
"2023-03-09 00:00:00",485035,1182
"2023-03-08 00:00:00",483853,1034
"2023-03-07 00:00:00",482819,976
"2023-03-06 00:00:00",481843,1068
"2023-03-05 00:00:00",480775,1153
"2023-03-04 00:00:00",479622,1204
"2023-03-03 00:00:00",478418,0
"2023-03-02 00:00:00",478418,2290
"2023-03-01 00:00:00",476128,1074
"2023-02-28 00:00:00",475054,849
"2023-02-27 00:00:00",474205,0
"2023-02-26 00:00:00",474205,2140
"2023-02-25 00:00:00",472065,1043
"2023-02-24 00:00:00",471022,986
"2023-02-23 00:00:00",470036,1028
"2023-02-22 00:00:00",469008,1037
"2023-02-21 00:00:00",467971,0
"2023-02-20 00:00:00",467971,2066
"2023-02-19 00:00:00",465905,1177
"2023-02-18 00:00:00",464728,0
"2023-02-17 00:00:00",464728,2350
"2023-02-16 00:00:00",462378,1203
"2023-02-15 00:00:00",461175,994
"2023-02-14 00:00:00",460181,979
"2023-02-13 00:00:00",459202,1137
"2023-02-12 00:00:00",458065,1198
"2023-02-11 00:00:00",456867,0
"2023-02-10 00:00:00",456867,2307
"2023-02-09 00:00:00",454560,1137
"2023-02-08 00:00:00",453423,0
"2023-02-07 00:00:00",453423,2192
"2023-02-06 00:00:00",451231,1139
"2023-02-05 00:00:00",450092,1213
"2023-02-04 00:00:00",448879,1380
"2023-02-03 00:00:00",447499,1192
"2023-02-02 00:00:00",446307,1244
"2023-02-01 00:00:00",445063,1261
"2023-01-31 00:00:00",443802,1110
"2023-01-30 00:00:00",442692,1287
"2023-01-29 00:00:00",441405,637
"2023-01-28 00:00:00",440768,637
"2023-01-27 00:00:00",440131,2356
"2023-01-26 00:00:00",437775,0
"2023-01-25 00:00:00",437775,2473
"2023-01-24 00:00:00",435302,1025
"2023-01-23 00:00:00",434277,1131
"2023-01-22 00:00:00",433146,1271
"2023-01-21 00:00:00",431875,1258
"2023-01-20 00:00:00",430617,1328
"2023-01-19 00:00:00",429289,1300
"2023-01-18 00:00:00",427989,1263
"2023-01-17 00:00:00",426726,1094
"2023-01-16 00:00:00",425632,1110
"2023-01-15 00:00:00",424522,1351
"2023-01-14 00:00:00",423171,1329
"2023-01-13 00:00:00",421842,1310
"2023-01-12 00:00:00",420532,1348
"2023-01-11 00:00:00",419184,1342
"2023-01-10 00:00:00",417842,1100
"2023-01-09 00:00:00",416742,1177
"2023-01-08 00:00:00",415565,1302
"2023-01-07 00:00:00",414263,1365
"2023-01-06 00:00:00",412898,1265
"2023-01-05 00:00:00",411633,1246
"2023-01-04 00:00:00",410387,1119
"2023-01-03 00:00:00",409268,1081
"2023-01-02 00:00:00",408187,1266
"2023-01-01 00:00:00",406921,1319
"2022-12-31 00:00:00",405602,0
"2022-12-30 00:00:00",405602,2544
"2022-12-29 00:00:00",403058,1141
"2022-12-28 00:00:00",401917,1087
"2022-12-27 00:00:00",400830,971
"2022-12-26 00:00:00",399859,1149
"2022-12-25 00:00:00",398710,1263
"2022-12-24 00:00:00",397447,1358
"2022-12-23 00:00:00",396089,1392
"2022-12-22 00:00:00",394697,1272
"2022-12-21 00:00:00",393425,1199
"2022-12-20 00:00:00",392226,1134
"2022-12-19 00:00:00",391092,1326
"2022-12-18 00:00:00",389766,1343
"2022-12-17 00:00:00",388423,1386
"2022-12-16 00:00:00",387037,1442
"2022-12-15 00:00:00",385595,1329
"2022-12-14 00:00:00",384266,1382
"2022-12-13 00:00:00",382884,1156
"2022-12-12 00:00:00",381728,1379
"2022-12-11 00:00:00",380349,1469
"2022-12-10 00:00:00",378880,1560
"2022-12-09 00:00:00",377320,1562
"2022-12-08 00:00:00",375758,1526
"2022-12-07 00:00:00",374232,1523
"2022-12-06 00:00:00",372709,1500
"2022-12-05 00:00:00",371209,1500
"2022-12-04 00:00:00",369709,1500
"2022-12-03 00:00:00",368209,1500
"2022-12-02 00:00:00",366709,1500
"2022-12-01 00:00:00",365209,1584
"2022-11-30 00:00:00",363625,1592
"2022-11-29 00:00:00",362033,1272
"2022-11-28 00:00:00",360761,1504
"2022-11-27 00:00:00",359257,1505
"2022-11-26 00:00:00",357752,1596
"2022-11-25 00:00:00",356156,1732
"2022-11-24 00:00:00",354424,1688
"2022-11-23 00:00:00",352736,1707
"2022-11-22 00:00:00",351029,1500
"2022-11-21 00:00:00",349529,1768
"2022-11-20 00:00:00",347761,1827
"2022-11-19 00:00:00",345934,2001
"2022-11-18 00:00:00",343933,1775
"2022-11-17 00:00:00",342158,1893
"2022-11-16 00:00:00",340265,1815
"2022-11-15 00:00:00",338450,1528
"2022-11-14 00:00:00",336922,1833
"2022-11-13 00:00:00",335089,2010
"2022-11-12 00:00:00",333079,2044
"2022-11-11 00:00:00",331035,2038
"2022-11-10 00:00:00",328997,2041
"2022-11-09 00:00:00",326956,1933
"2022-11-08 00:00:00",325023,1650
"2022-11-07 00:00:00",323373,1894
"2022-11-06 00:00:00",321479,2097
"2022-11-05 00:00:00",319382,2329
"2022-11-04 00:00:00",317053,2404
"2022-11-03 00:00:00",314649,2505
"2022-11-02 00:00:00",312144,2212
"2022-11-01 00:00:00",309932,2181
"2022-10-31 00:00:00",307751,2461
"2022-10-30 00:00:00",305290,2982
"2022-10-29 00:00:00",302308,2823
"2022-10-28 00:00:00",299485,2695
"2022-10-27 00:00:00",296790,2942
"2022-10-26 00:00:00",293848,2712
"2022-10-25 00:00:00",291136,2514
"2022-10-24 00:00:00",288622,2958
"2022-10-23 00:00:00",285664,3066
"2022-10-22 00:00:00",282598,3257
"2022-10-21 00:00:00",279341,3192
"2022-10-20 00:00:00",276149,3312
"2022-10-19 00:00:00",272837,3044
"2022-10-18 00:00:00",269793,2841
"2022-10-17 00:00:00",266952,3301
"2022-10-16 00:00:00",263651,3957
"2022-10-15 00:00:00",259694,9213
"2022-10-14 00:00:00",250481,0
"2022-10-13 00:00:00",250481,4592
"2022-10-12 00:00:00",245889,3962
"2022-10-11 00:00:00",241927,3710
"2022-10-10 00:00:00",238217,4368
"2022-10-09 00:00:00",233849,5095
"2022-10-08 00:00:00",228754,5583
"2022-10-07 00:00:00",223171,5536
"2022-10-06 00:00:00",217635,5089
"2022-10-05 00:00:00",212546,4903
"2022-10-04 00:00:00",207643,4509
"2022-10-03 00:00:00",203134,5233
"2022-10-02 00:00:00",197901,5773
"2022-10-01 00:00:00",192128,6609
"2022-09-30 00:00:00",185519,6631
"2022-09-29 00:00:00",178888,7611
"2022-09-28 00:00:00",171278,7611
"2022-09-27 00:00:00",163667,7082
"2022-09-26 00:00:00",156585,9251
"2022-09-25 00:00:00",147334,11806
"2022-09-24 00:00:00",135528,13099
"2022-09-23 00:00:00",122429,32455
"2022-09-22 00:00:00",89974,0
"2022-09-21 00:00:00",89974,18100
"2022-09-20 00:00:00",71874,17057
"2022-09-19 00:00:00",54817,23677
"2022-09-18 00:00:00",31140,0