﻿"DateTime","Spotify Streams","Change"
"2023-05-14 00:00:00",6550026,9812
"2023-05-13 00:00:00",6540214,10576
"2023-05-12 00:00:00",6529638,10576
"2023-05-11 00:00:00",6519062,9941
"2023-05-10 00:00:00",6509121,10078
"2023-05-09 00:00:00",6499043,0
"2023-05-08 00:00:00",6499043,20170
"2023-05-07 00:00:00",6478873,10594
"2023-05-06 00:00:00",6468279,0
"2023-05-05 00:00:00",6468279,21447
"2023-05-04 00:00:00",6446832,10722
"2023-05-03 00:00:00",6436110,10658
"2023-05-02 00:00:00",6425452,10752
"2023-05-01 00:00:00",6414700,10752
"2023-04-30 00:00:00",6403949,10752
"2023-04-29 00:00:00",6393197,10769
"2023-04-28 00:00:00",6382429,10769
"2023-04-27 00:00:00",6371660,10440
"2023-04-26 00:00:00",6361220,10335
"2023-04-25 00:00:00",6350886,10335
"2023-04-24 00:00:00",6340551,10699
"2023-04-23 00:00:00",6329852,11221
"2023-04-22 00:00:00",6318631,11450
"2023-04-21 00:00:00",6307181,11188
"2023-04-20 00:00:00",6295993,11188
"2023-04-19 00:00:00",6284805,11206
"2023-04-18 00:00:00",6273599,9912
"2023-04-17 00:00:00",6263687,10548
"2023-04-16 00:00:00",6253139,11480
"2023-04-15 00:00:00",6241659,11539
"2023-04-14 00:00:00",6230120,11273
"2023-04-13 00:00:00",6218847,11420
"2023-04-12 00:00:00",6207427,11573
"2023-04-11 00:00:00",6195854,10898
"2023-04-10 00:00:00",6184956,11874
"2023-04-09 00:00:00",6173082,12518
"2023-04-08 00:00:00",6160564,13270
"2023-04-07 00:00:00",6147294,13153
"2023-04-06 00:00:00",6134141,12774
"2023-04-05 00:00:00",6121367,12861
"2023-04-04 00:00:00",6108506,11610
"2023-04-03 00:00:00",6096896,12371
"2023-04-02 00:00:00",6084525,12797
"2023-04-01 00:00:00",6071728,12052
"2023-03-31 00:00:00",6059676,11662
"2023-03-30 00:00:00",6048014,11522
"2023-03-29 00:00:00",6036492,11384
"2023-03-28 00:00:00",6025108,10548
"2023-03-27 00:00:00",6014560,11390
"2023-03-26 00:00:00",6003170,11665
"2023-03-25 00:00:00",5991505,11542
"2023-03-24 00:00:00",5979963,12135
"2023-03-23 00:00:00",5967828,12500
"2023-03-22 00:00:00",5955328,12462
"2023-03-21 00:00:00",5942866,11546
"2023-03-20 00:00:00",5931320,12110
"2023-03-19 00:00:00",5919210,12328
"2023-03-18 00:00:00",5906882,12622
"2023-03-17 00:00:00",5894260,12264
"2023-03-16 00:00:00",5881996,12256
"2023-03-15 00:00:00",5869740,12285
"2023-03-14 00:00:00",5857455,0
"2023-03-13 00:00:00",5857455,11639
"2023-03-12 00:00:00",5845816,24158
"2023-03-11 00:00:00",5821658,12060
"2023-03-10 00:00:00",5809598,11408
"2023-03-09 00:00:00",5798190,11524
"2023-03-08 00:00:00",5786666,11485
"2023-03-07 00:00:00",5775181,11206
"2023-03-06 00:00:00",5763975,11453
"2023-03-05 00:00:00",5752522,12040
"2023-03-04 00:00:00",5740482,11829
"2023-03-03 00:00:00",5728653,11696
"2023-03-02 00:00:00",5716957,11646
"2023-03-01 00:00:00",5705311,11878
"2023-02-28 00:00:00",5693433,11067
"2023-02-27 00:00:00",5682366,11582
"2023-02-26 00:00:00",5670784,12161
"2023-02-25 00:00:00",5658623,12082
"2023-02-24 00:00:00",5646541,11983
"2023-02-23 00:00:00",5634558,12303
"2023-02-22 00:00:00",5622255,12099
"2023-02-21 00:00:00",5610156,11201
"2023-02-20 00:00:00",5598955,12371
"2023-02-19 00:00:00",5586584,12952
"2023-02-18 00:00:00",5573632,12918
"2023-02-17 00:00:00",5560714,12617
"2023-02-16 00:00:00",5548097,12361
"2023-02-15 00:00:00",5535736,11895
"2023-02-14 00:00:00",5523841,11590
"2023-02-13 00:00:00",5512251,12378
"2023-02-12 00:00:00",5499873,13019
"2023-02-11 00:00:00",5486854,13241
"2023-02-10 00:00:00",5473613,12724
"2023-02-09 00:00:00",5460889,12829
"2023-02-08 00:00:00",5448060,13027
"2023-02-07 00:00:00",5435033,12014
"2023-02-06 00:00:00",5423019,12798
"2023-02-05 00:00:00",5410221,13782
"2023-02-04 00:00:00",5396439,13848
"2023-02-03 00:00:00",5382591,0
"2023-02-02 00:00:00",5382591,28633
"2023-02-01 00:00:00",5353958,14238
"2023-01-31 00:00:00",5339720,13026
"2023-01-30 00:00:00",5326694,13620
"2023-01-29 00:00:00",5313074,15068
"2023-01-28 00:00:00",5298006,0
"2023-01-27 00:00:00",5298006,30332
"2023-01-26 00:00:00",5267674,14984
"2023-01-25 00:00:00",5252690,15101
"2023-01-24 00:00:00",5237589,14148
"2023-01-23 00:00:00",5223441,14681
"2023-01-22 00:00:00",5208760,15471
"2023-01-21 00:00:00",5193289,15996
"2023-01-20 00:00:00",5177293,15692
"2023-01-19 00:00:00",5161601,15688
"2023-01-18 00:00:00",5145913,14973
"2023-01-17 00:00:00",5130940,14302
"2023-01-16 00:00:00",5116638,13693
"2023-01-15 00:00:00",5102945,16315
"2023-01-14 00:00:00",5086630,15888
"2023-01-13 00:00:00",5070742,16258
"2023-01-12 00:00:00",5054484,15771
"2023-01-11 00:00:00",5038713,15885
"2023-01-10 00:00:00",5022828,0
"2023-01-09 00:00:00",5022828,29973
"2023-01-08 00:00:00",4992855,16104
"2023-01-07 00:00:00",4976751,16456
"2023-01-06 00:00:00",4960295,16301
"2023-01-05 00:00:00",4943994,0
"2023-01-04 00:00:00",4943994,31923
"2023-01-03 00:00:00",4912071,0
"2023-01-02 00:00:00",4912071,30198
"2023-01-01 00:00:00",4881873,16774
"2022-12-31 00:00:00",4865099,17090
"2022-12-30 00:00:00",4848009,17778
"2022-12-29 00:00:00",4830231,17792
"2022-12-28 00:00:00",4812439,15886
"2022-12-27 00:00:00",4796553,14568
"2022-12-26 00:00:00",4781985,16152
"2022-12-25 00:00:00",4765833,17213
"2022-12-24 00:00:00",4748620,17857
"2022-12-23 00:00:00",4730763,17931
"2022-12-22 00:00:00",4712832,0
"2022-12-21 00:00:00",4712832,35097
"2022-12-20 00:00:00",4677735,15847
"2022-12-19 00:00:00",4661888,17006
"2022-12-18 00:00:00",4644882,17708
"2022-12-17 00:00:00",4627174,18081
"2022-12-16 00:00:00",4609093,17603
"2022-12-15 00:00:00",4591490,17732
"2022-12-14 00:00:00",4573758,17845
"2022-12-13 00:00:00",4555913,16442
"2022-12-12 00:00:00",4539471,16876
"2022-12-11 00:00:00",4522595,17792
"2022-12-10 00:00:00",4504803,18818
"2022-12-09 00:00:00",4485985,19670
"2022-12-08 00:00:00",4466315,19076
"2022-12-07 00:00:00",4447239,19270
"2022-12-06 00:00:00",4427969,18708
"2022-12-05 00:00:00",4409261,18708
"2022-12-04 00:00:00",4390553,18708
"2022-12-03 00:00:00",4371844,18708
"2022-12-02 00:00:00",4353136,18708
"2022-12-01 00:00:00",4334428,18375
"2022-11-30 00:00:00",4316053,18600
"2022-11-29 00:00:00",4297453,16892
"2022-11-28 00:00:00",4280561,17629
"2022-11-27 00:00:00",4262932,17159
"2022-11-26 00:00:00",4245773,18858
"2022-11-25 00:00:00",4226915,21171
"2022-11-24 00:00:00",4205744,21325
"2022-11-23 00:00:00",4184419,20943
"2022-11-22 00:00:00",4163476,19124
"2022-11-21 00:00:00",4144352,20671
"2022-11-20 00:00:00",4123681,21099
"2022-11-19 00:00:00",4102582,21555
"2022-11-18 00:00:00",4081027,21096
"2022-11-17 00:00:00",4059931,20886
"2022-11-16 00:00:00",4039045,20949
"2022-11-15 00:00:00",4018096,18944
"2022-11-14 00:00:00",3999152,20009
"2022-11-13 00:00:00",3979143,21372
"2022-11-12 00:00:00",3957771,21643
"2022-11-11 00:00:00",3936128,20961
"2022-11-10 00:00:00",3915167,20706
"2022-11-09 00:00:00",3894461,20421
"2022-11-08 00:00:00",3874040,19169
"2022-11-07 00:00:00",3854871,19670
"2022-11-06 00:00:00",3835201,20913
"2022-11-05 00:00:00",3814288,22125
"2022-11-04 00:00:00",3792163,21469
"2022-11-03 00:00:00",3770694,19235
"2022-11-02 00:00:00",3751459,20109
"2022-11-01 00:00:00",3731350,18567
"2022-10-31 00:00:00",3712783,20088
"2022-10-30 00:00:00",3692695,21175
"2022-10-29 00:00:00",3671520,21929
"2022-10-28 00:00:00",3649591,22187
"2022-10-27 00:00:00",3627404,22444
"2022-10-26 00:00:00",3604960,22998
"2022-10-25 00:00:00",3581962,20552
"2022-10-24 00:00:00",3561410,21733
"2022-10-23 00:00:00",3539677,24317
"2022-10-22 00:00:00",3515360,23679
"2022-10-21 00:00:00",3491681,23449
"2022-10-20 00:00:00",3468232,23961
"2022-10-19 00:00:00",3444271,23733
"2022-10-18 00:00:00",3420538,21564
"2022-10-17 00:00:00",3398974,22956
"2022-10-16 00:00:00",3376018,25100
"2022-10-15 00:00:00",3350918,27132
"2022-10-14 00:00:00",3323786,26196
"2022-10-13 00:00:00",3297590,26370
"2022-10-12 00:00:00",3271220,26664
"2022-10-11 00:00:00",3244556,24592
"2022-10-10 00:00:00",3219964,26758
"2022-10-09 00:00:00",3193206,28031
"2022-10-08 00:00:00",3165175,29694
"2022-10-07 00:00:00",3135481,30124
"2022-10-06 00:00:00",3105357,29838
"2022-10-05 00:00:00",3075519,29497
"2022-10-04 00:00:00",3046022,26448
"2022-10-03 00:00:00",3019574,28321
"2022-10-02 00:00:00",2991253,28822
"2022-10-01 00:00:00",2962431,28601
"2022-09-30 00:00:00",2933830,29070
"2022-09-29 00:00:00",2904760,29194
"2022-09-28 00:00:00",2875566,30425
"2022-09-27 00:00:00",2845141,28262
"2022-09-26 00:00:00",2816879,29997
"2022-09-25 00:00:00",2786882,32031
"2022-09-24 00:00:00",2754851,33521
"2022-09-23 00:00:00",2721330,60122
"2022-09-22 00:00:00",2661208,0
"2022-09-21 00:00:00",2661208,30399
"2022-09-20 00:00:00",2630809,29119
"2022-09-19 00:00:00",2601690,31323
"2022-09-18 00:00:00",2570367,33317
"2022-09-17 00:00:00",2537050,34501
"2022-09-16 00:00:00",2502549,34801
"2022-09-15 00:00:00",2467748,34603
"2022-09-14 00:00:00",2433145,36484
"2022-09-13 00:00:00",2396661,33289
"2022-09-12 00:00:00",2363372,35398
"2022-09-11 00:00:00",2327974,37115
"2022-09-10 00:00:00",2290859,37648
"2022-09-09 00:00:00",2253211,39043
"2022-09-08 00:00:00",2214168,78331
"2022-09-07 00:00:00",2135837,0
"2022-09-06 00:00:00",2135837,38319
"2022-09-05 00:00:00",2097518,40102
"2022-09-04 00:00:00",2057416,45151
"2022-09-03 00:00:00",2012265,46538
"2022-09-02 00:00:00",1965727,47908
"2022-09-01 00:00:00",1917819,49023
"2022-08-31 00:00:00",1868796,50748
"2022-08-30 00:00:00",1818048,48184
"2022-08-29 00:00:00",1769864,51394
"2022-08-28 00:00:00",1718470,56940
"2022-08-27 00:00:00",1661530,62232
"2022-08-26 00:00:00",1599298,65175
"2022-08-25 00:00:00",1534123,69110
"2022-08-24 00:00:00",1465013,71433
"2022-08-23 00:00:00",1393580,78994
"2022-08-22 00:00:00",1314586,78994
"2022-08-21 00:00:00",1235591,78994
"2022-08-20 00:00:00",1156597,100508
"2022-08-19 00:00:00",1056089,109082
"2022-08-18 00:00:00",947007,122753
"2022-08-17 00:00:00",824254,144944
"2022-08-16 00:00:00",679310,152744
"2022-08-15 00:00:00",526566,202977
"2022-08-14 00:00:00",323589,0