﻿"DateTime","Spotify Streams","Change"
"2023-05-10 00:00:00",147362780,518895
"2023-05-09 00:00:00",146843885,460270
"2023-05-08 00:00:00",146383615,482789
"2023-05-07 00:00:00",145900826,555853
"2023-05-06 00:00:00",145344973,565065
"2023-05-05 00:00:00",144779908,579886
"2023-05-04 00:00:00",144200022,516373
"2023-05-03 00:00:00",143683649,0
"2023-05-02 00:00:00",143683649,929882
"2023-05-01 00:00:00",142753767,443552
"2023-04-30 00:00:00",142310215,498463
"2023-04-29 00:00:00",141811752,505326
"2023-04-28 00:00:00",141306426,508037
"2023-04-27 00:00:00",140798389,504308
"2023-04-26 00:00:00",140294081,506826
"2023-04-25 00:00:00",139787255,421870
"2023-04-24 00:00:00",139365385,434947
"2023-04-23 00:00:00",138930438,481663
"2023-04-22 00:00:00",138448775,493079
"2023-04-21 00:00:00",137955696,490895
"2023-04-20 00:00:00",137464801,492673
"2023-04-19 00:00:00",136972128,489862
"2023-04-18 00:00:00",136482266,424538
"2023-04-17 00:00:00",136057728,433448
"2023-04-16 00:00:00",135624280,476252
"2023-04-15 00:00:00",135148028,481922
"2023-04-14 00:00:00",134666106,478369
"2023-04-13 00:00:00",134187737,501772
"2023-04-12 00:00:00",133685965,479930
"2023-04-11 00:00:00",133206035,427678
"2023-04-10 00:00:00",132778357,453419
"2023-04-09 00:00:00",132324938,466010
"2023-04-08 00:00:00",131858928,501204
"2023-04-07 00:00:00",131357724,524379
"2023-04-06 00:00:00",130833345,523373
"2023-04-05 00:00:00",130309972,533294
"2023-04-04 00:00:00",129776678,467702
"2023-04-03 00:00:00",129308976,481395
"2023-04-02 00:00:00",128827581,532345
"2023-04-01 00:00:00",128295236,549169
"2023-03-31 00:00:00",127746067,550637
"2023-03-30 00:00:00",127195430,547234
"2023-03-29 00:00:00",126648196,547850
"2023-03-28 00:00:00",126100346,487571
"2023-03-27 00:00:00",125612775,496725
"2023-03-26 00:00:00",125116050,541598
"2023-03-25 00:00:00",124574452,548886
"2023-03-24 00:00:00",124025566,554269
"2023-03-23 00:00:00",123471297,559445
"2023-03-22 00:00:00",122911852,567279
"2023-03-21 00:00:00",122344573,493808
"2023-03-20 00:00:00",121850765,505913
"2023-03-19 00:00:00",121344852,546805
"2023-03-18 00:00:00",120798047,573886
"2023-03-17 00:00:00",120224161,577378
"2023-03-16 00:00:00",119646783,572466
"2023-03-15 00:00:00",119074317,576913
"2023-03-14 00:00:00",118497404,523238
"2023-03-13 00:00:00",117974166,527917
"2023-03-12 00:00:00",117446249,579257
"2023-03-11 00:00:00",116866992,597477
"2023-03-10 00:00:00",116269515,0
"2023-03-09 00:00:00",116269515,1207187
"2023-03-08 00:00:00",115062328,601254
"2023-03-07 00:00:00",114461074,518173
"2023-03-06 00:00:00",113942901,522667
"2023-03-05 00:00:00",113420234,578652
"2023-03-04 00:00:00",112841582,583503
"2023-03-03 00:00:00",112258079,576729
"2023-03-02 00:00:00",111681350,571054
"2023-03-01 00:00:00",111110296,583005
"2023-02-28 00:00:00",110527291,499505
"2023-02-27 00:00:00",110027786,506030
"2023-02-26 00:00:00",109521756,558151
"2023-02-25 00:00:00",108963605,559221
"2023-02-24 00:00:00",108404384,572897
"2023-02-23 00:00:00",107831487,1117433
"2023-02-22 00:00:00",106714054,0
"2023-02-21 00:00:00",106714054,512563
"2023-02-20 00:00:00",106201491,528180
"2023-02-19 00:00:00",105673311,578844
"2023-02-18 00:00:00",105094467,600157
"2023-02-17 00:00:00",104494310,617056
"2023-02-16 00:00:00",103877254,629564
"2023-02-15 00:00:00",103247690,587700
"2023-02-14 00:00:00",102659990,532114
"2023-02-13 00:00:00",102127876,546202
"2023-02-12 00:00:00",101581674,621762
"2023-02-11 00:00:00",100959912,635734
"2023-02-10 00:00:00",100324178,1265282
"2023-02-09 00:00:00",99058896,0
"2023-02-08 00:00:00",99058896,623893
"2023-02-07 00:00:00",98435003,538617
"2023-02-06 00:00:00",97896386,545787
"2023-02-05 00:00:00",97350599,614014
"2023-02-04 00:00:00",96736585,608848
"2023-02-03 00:00:00",96127737,603581
"2023-02-02 00:00:00",95524156,602265
"2023-02-01 00:00:00",94921891,616680
"2023-01-31 00:00:00",94305211,536214
"2023-01-30 00:00:00",93768997,541450
"2023-01-29 00:00:00",93227547,614029
"2023-01-28 00:00:00",92613518,605984
"2023-01-27 00:00:00",92007534,600956
"2023-01-26 00:00:00",91406578,602531
"2023-01-25 00:00:00",90804047,606737
"2023-01-24 00:00:00",90197310,519913
"2023-01-23 00:00:00",89677397,534552
"2023-01-22 00:00:00",89142845,613055
"2023-01-21 00:00:00",88529790,593178
"2023-01-20 00:00:00",87936612,587809
"2023-01-19 00:00:00",87348803,601174
"2023-01-18 00:00:00",86747629,533598
"2023-01-17 00:00:00",86214031,504734
"2023-01-16 00:00:00",85709297,494581
"2023-01-15 00:00:00",85214716,590353
"2023-01-14 00:00:00",84624363,589555
"2023-01-13 00:00:00",84034808,589545
"2023-01-12 00:00:00",83445263,635414
"2023-01-11 00:00:00",82809849,649895
"2023-01-10 00:00:00",82159954,549515
"2023-01-09 00:00:00",81610439,550568
"2023-01-08 00:00:00",81059871,599221
"2023-01-07 00:00:00",80460650,594821
"2023-01-06 00:00:00",79865829,595488
"2023-01-05 00:00:00",79270341,584438
"2023-01-04 00:00:00",78685903,529732
"2023-01-03 00:00:00",78156171,463555
"2023-01-02 00:00:00",77692616,532873
"2023-01-01 00:00:00",77159743,552912
"2022-12-31 00:00:00",76606831,545849
"2022-12-30 00:00:00",76060982,548863
"2022-12-29 00:00:00",75512119,545691
"2022-12-28 00:00:00",74966428,504243
"2022-12-27 00:00:00",74462185,436485
"2022-12-26 00:00:00",74025700,499411
"2022-12-25 00:00:00",73526289,529528
"2022-12-24 00:00:00",72996761,555415
"2022-12-23 00:00:00",72441346,569851
"2022-12-22 00:00:00",71871495,572238
"2022-12-21 00:00:00",71299257,571968
"2022-12-20 00:00:00",70727289,507677
"2022-12-19 00:00:00",70219612,547442
"2022-12-18 00:00:00",69672170,607871
"2022-12-17 00:00:00",69064299,619875
"2022-12-16 00:00:00",68444424,622831
"2022-12-15 00:00:00",67821593,625380
"2022-12-14 00:00:00",67196213,600978
"2022-12-13 00:00:00",66595235,541973
"2022-12-12 00:00:00",66053262,543229
"2022-12-11 00:00:00",65510033,576813
"2022-12-10 00:00:00",64933220,620972
"2022-12-09 00:00:00",64312248,622043
"2022-12-08 00:00:00",63690205,618849
"2022-12-07 00:00:00",63071356,630936
"2022-12-06 00:00:00",62440420,579973
"2022-12-05 00:00:00",61860447,579973
"2022-12-04 00:00:00",61280473,579973
"2022-12-03 00:00:00",60700500,579973
"2022-12-02 00:00:00",60120526,579973
"2022-12-01 00:00:00",59540553,580381
"2022-11-30 00:00:00",58960172,591924
"2022-11-29 00:00:00",58368248,481412
"2022-11-28 00:00:00",57886836,452528
"2022-11-27 00:00:00",57434308,419304
"2022-11-26 00:00:00",57015004,416878
"2022-11-25 00:00:00",56598126,437649
"2022-11-24 00:00:00",56160477,444550
"2022-11-23 00:00:00",55715927,452803
"2022-11-22 00:00:00",55263124,409015
"2022-11-21 00:00:00",54854109,416762
"2022-11-20 00:00:00",54437347,467133
"2022-11-19 00:00:00",53970214,454411
"2022-11-18 00:00:00",53515803,447630
"2022-11-17 00:00:00",53068173,451479
"2022-11-16 00:00:00",52616694,459069
"2022-11-15 00:00:00",52157625,387033
"2022-11-14 00:00:00",51770592,406660
"2022-11-13 00:00:00",51363932,443877
"2022-11-12 00:00:00",50920055,469012
"2022-11-11 00:00:00",50451043,467173
"2022-11-10 00:00:00",49983870,450504
"2022-11-09 00:00:00",49533366,458962
"2022-11-08 00:00:00",49074404,388417
"2022-11-07 00:00:00",48685987,410321
"2022-11-06 00:00:00",48275666,435336
"2022-11-05 00:00:00",47840330,471248
"2022-11-04 00:00:00",47369082,454354
"2022-11-03 00:00:00",46914728,413780
"2022-11-02 00:00:00",46500948,427780
"2022-11-01 00:00:00",46073168,357073
"2022-10-31 00:00:00",45716095,374292
"2022-10-30 00:00:00",45341803,437108
"2022-10-29 00:00:00",44904695,430686
"2022-10-28 00:00:00",44474009,428014
"2022-10-27 00:00:00",44045995,420418
"2022-10-26 00:00:00",43625577,422499
"2022-10-25 00:00:00",43203078,355586
"2022-10-24 00:00:00",42847492,369470
"2022-10-23 00:00:00",42478022,411235
"2022-10-22 00:00:00",42066787,412481
"2022-10-21 00:00:00",41654306,408669
"2022-10-20 00:00:00",41245637,415109
"2022-10-19 00:00:00",40830528,411981
"2022-10-18 00:00:00",40418547,345795
"2022-10-17 00:00:00",40072752,348431
"2022-10-16 00:00:00",39724321,392325
"2022-10-15 00:00:00",39331996,779202
"2022-10-14 00:00:00",38552794,0
"2022-10-13 00:00:00",38552794,395656
"2022-10-12 00:00:00",38157138,382438
"2022-10-11 00:00:00",37774700,334937
"2022-10-10 00:00:00",37439763,350882
"2022-10-09 00:00:00",37088881,398299
"2022-10-08 00:00:00",36690582,406881
"2022-10-07 00:00:00",36283701,399456
"2022-10-06 00:00:00",35884245,402027
"2022-10-05 00:00:00",35482218,400728
"2022-10-04 00:00:00",35081490,334894
"2022-10-03 00:00:00",34746596,348768
"2022-10-02 00:00:00",34397828,400176
"2022-10-01 00:00:00",33997652,402308
"2022-09-30 00:00:00",33595344,394824
"2022-09-29 00:00:00",33200520,394900
"2022-09-28 00:00:00",32805620,390736
"2022-09-27 00:00:00",32414884,329193
"2022-09-26 00:00:00",32085691,348188
"2022-09-25 00:00:00",31737503,399693
"2022-09-24 00:00:00",31337810,398032
"2022-09-23 00:00:00",30939778,805555
"2022-09-22 00:00:00",30134223,0
"2022-09-21 00:00:00",30134223,409419
"2022-09-20 00:00:00",29724804,348111
"2022-09-19 00:00:00",29376693,361524
"2022-09-18 00:00:00",29015169,413494
"2022-09-17 00:00:00",28601675,418456
"2022-09-16 00:00:00",28183219,420774
"2022-09-15 00:00:00",27762445,419045
"2022-09-14 00:00:00",27343400,415521
"2022-09-13 00:00:00",26927879,347815
"2022-09-12 00:00:00",26580064,354360
"2022-09-11 00:00:00",26225704,400591
"2022-09-10 00:00:00",25825113,405278
"2022-09-09 00:00:00",25419835,403762
"2022-09-08 00:00:00",25016073,842497
"2022-09-07 00:00:00",24173576,0
"2022-09-06 00:00:00",24173576,376573
"2022-09-05 00:00:00",23797003,398348
"2022-09-04 00:00:00",23398655,435123
"2022-09-03 00:00:00",22963532,426944
"2022-09-02 00:00:00",22536588,422425
"2022-09-01 00:00:00",22114163,421715
"2022-08-31 00:00:00",21692448,421452
"2022-08-30 00:00:00",21270996,364595
"2022-08-29 00:00:00",20906401,381847
"2022-08-28 00:00:00",20524554,421936
"2022-08-27 00:00:00",20102618,423023
"2022-08-26 00:00:00",19679595,415418
"2022-08-25 00:00:00",19264177,408529
"2022-08-24 00:00:00",18855648,403839
"2022-08-23 00:00:00",18451809,354455
"2022-08-22 00:00:00",18097354,709453
"2022-08-21 00:00:00",17387901,0
"2022-08-20 00:00:00",17387901,330599
"2022-08-19 00:00:00",17057302,302630
"2022-08-18 00:00:00",16754672,278542
"2022-08-17 00:00:00",16476130,260821
"2022-08-16 00:00:00",16215309,235646
"2022-08-15 00:00:00",15979663,240175
"2022-08-14 00:00:00",15739488,257623
"2022-08-13 00:00:00",15481865,261682
"2022-08-12 00:00:00",15220183,264369
"2022-08-11 00:00:00",14955814,260705
"2022-08-10 00:00:00",14695109,258255
"2022-08-09 00:00:00",14436854,232476
"2022-08-08 00:00:00",14204378,247001
"2022-08-07 00:00:00",13957377,260673
"2022-08-06 00:00:00",13696704,268901
"2022-08-05 00:00:00",13427803,268738
"2022-08-04 00:00:00",13159065,268599
"2022-08-03 00:00:00",12890466,266848
"2022-08-02 00:00:00",12623618,248726
"2022-08-01 00:00:00",12374892,269410
"2022-07-31 00:00:00",12105482,293936
"2022-07-30 00:00:00",11811546,315862
"2022-07-29 00:00:00",11495684,313222
"2022-07-28 00:00:00",11182462,318350
"2022-07-27 00:00:00",10864112,318985
"2022-07-26 00:00:00",10545127,299699
"2022-07-25 00:00:00",10245428,329680
"2022-07-24 00:00:00",9915748,355195
"2022-07-23 00:00:00",9560553,375556
"2022-07-22 00:00:00",9184997,385827
"2022-07-21 00:00:00",8799170,389780
"2022-07-20 00:00:00",8409390,645217
"2022-07-19 00:00:00",7764173,476195
"2022-07-18 00:00:00",7287978,602443
"2022-07-17 00:00:00",6685535,651557
"2022-07-16 00:00:00",6033978,596707
"2022-07-15 00:00:00",5437271,643503
"2022-07-14 00:00:00",4793768,1458132
"2022-07-13 00:00:00",3335636,0
"2022-07-12 00:00:00",3335636,764844
"2022-07-11 00:00:00",2570792,960954
"2022-07-10 00:00:00",1609838,1557308
"2022-07-09 00:00:00",52530,0