﻿"DateTime","Spotify Streams","Change"
"2023-05-01 00:00:00",3115665,3945
"2023-04-30 00:00:00",3111720,0
"2023-04-29 00:00:00",3111720,8534
"2023-04-28 00:00:00",3103186,4486
"2023-04-27 00:00:00",3098700,3914
"2023-04-26 00:00:00",3094786,0
"2023-04-25 00:00:00",3094786,7373
"2023-04-24 00:00:00",3087413,4296
"2023-04-23 00:00:00",3083118,4296
"2023-04-22 00:00:00",3078822,4514
"2023-04-21 00:00:00",3074308,4497
"2023-04-20 00:00:00",3069811,4517
"2023-04-19 00:00:00",3065294,4438
"2023-04-18 00:00:00",3060856,3545
"2023-04-17 00:00:00",3057311,4168
"2023-04-16 00:00:00",3053143,5094
"2023-04-15 00:00:00",3048049,4556
"2023-04-14 00:00:00",3043493,4550
"2023-04-13 00:00:00",3038943,4611
"2023-04-12 00:00:00",3034332,4126
"2023-04-11 00:00:00",3030206,3387
"2023-04-10 00:00:00",3026819,4093
"2023-04-09 00:00:00",3022726,4577
"2023-04-08 00:00:00",3018149,4770
"2023-04-07 00:00:00",3013379,0
"2023-04-06 00:00:00",3013379,9571
"2023-04-05 00:00:00",3003808,4398
"2023-04-04 00:00:00",2999410,3985
"2023-04-03 00:00:00",2995425,4446
"2023-04-02 00:00:00",2990979,5049
"2023-04-01 00:00:00",2985930,5083
"2023-03-31 00:00:00",2980847,0
"2023-03-30 00:00:00",2980847,9863
"2023-03-29 00:00:00",2970984,4667
"2023-03-28 00:00:00",2966317,3729
"2023-03-27 00:00:00",2962588,4255
"2023-03-26 00:00:00",2958333,4407
"2023-03-25 00:00:00",2953926,4510
"2023-03-24 00:00:00",2949416,4393
"2023-03-23 00:00:00",2945023,4520
"2023-03-22 00:00:00",2940503,4153
"2023-03-21 00:00:00",2936350,3574
"2023-03-20 00:00:00",2932776,4176
"2023-03-19 00:00:00",2928600,4629
"2023-03-18 00:00:00",2923971,0
"2023-03-17 00:00:00",2923971,9339
"2023-03-16 00:00:00",2914632,0
"2023-03-15 00:00:00",2914632,9830
"2023-03-14 00:00:00",2904802,3762
"2023-03-13 00:00:00",2901040,4367
"2023-03-12 00:00:00",2896673,4796
"2023-03-11 00:00:00",2891877,4678
"2023-03-10 00:00:00",2887199,4846
"2023-03-09 00:00:00",2882353,4700
"2023-03-08 00:00:00",2877653,0
"2023-03-07 00:00:00",2877653,8378
"2023-03-06 00:00:00",2869275,4717
"2023-03-05 00:00:00",2864558,4903
"2023-03-04 00:00:00",2859655,4888
"2023-03-03 00:00:00",2854767,4917
"2023-03-02 00:00:00",2849850,0
"2023-03-01 00:00:00",2849850,9834
"2023-02-28 00:00:00",2840016,3964
"2023-02-27 00:00:00",2836052,4420
"2023-02-26 00:00:00",2831632,4836
"2023-02-25 00:00:00",2826796,4927
"2023-02-24 00:00:00",2821869,4780
"2023-02-23 00:00:00",2817089,4852
"2023-02-22 00:00:00",2812237,4679
"2023-02-21 00:00:00",2807558,4138
"2023-02-20 00:00:00",2803420,4919
"2023-02-19 00:00:00",2798501,5271
"2023-02-18 00:00:00",2793230,0
"2023-02-17 00:00:00",2793230,10934
"2023-02-16 00:00:00",2782296,5280
"2023-02-15 00:00:00",2777016,5109
"2023-02-14 00:00:00",2771907,4420
"2023-02-13 00:00:00",2767487,0
"2023-02-12 00:00:00",2767487,10904
"2023-02-11 00:00:00",2756583,5096
"2023-02-10 00:00:00",2751487,5134
"2023-02-09 00:00:00",2746353,5040
"2023-02-08 00:00:00",2741313,4766
"2023-02-07 00:00:00",2736547,0
"2023-02-06 00:00:00",2736547,8340
"2023-02-05 00:00:00",2728207,4665
"2023-02-04 00:00:00",2723542,4483
"2023-02-03 00:00:00",2719059,4437
"2023-02-02 00:00:00",2714622,4366
"2023-02-01 00:00:00",2710256,4278
"2023-01-31 00:00:00",2705978,3846
"2023-01-30 00:00:00",2702132,4515
"2023-01-29 00:00:00",2697617,0
"2023-01-28 00:00:00",2697617,4905
"2023-01-27 00:00:00",2692712,9360
"2023-01-26 00:00:00",2683352,4791
"2023-01-25 00:00:00",2678561,4442
"2023-01-24 00:00:00",2674119,4000
"2023-01-23 00:00:00",2670119,4609
"2023-01-22 00:00:00",2665510,5174
"2023-01-21 00:00:00",2660336,5175
"2023-01-20 00:00:00",2655161,5206
"2023-01-19 00:00:00",2649955,4887
"2023-01-18 00:00:00",2645068,4701
"2023-01-17 00:00:00",2640367,3858
"2023-01-16 00:00:00",2636509,4419
"2023-01-15 00:00:00",2632090,5184
"2023-01-14 00:00:00",2626906,5265
"2023-01-13 00:00:00",2621641,5240
"2023-01-12 00:00:00",2616401,5127
"2023-01-11 00:00:00",2611274,4847
"2023-01-10 00:00:00",2606427,4002
"2023-01-09 00:00:00",2602425,0
"2023-01-08 00:00:00",2602425,9706
"2023-01-07 00:00:00",2592719,5067
"2023-01-06 00:00:00",2587652,4811
"2023-01-05 00:00:00",2582841,4834
"2023-01-04 00:00:00",2578007,4239
"2023-01-03 00:00:00",2573768,3966
"2023-01-02 00:00:00",2569802,4964
"2023-01-01 00:00:00",2564838,5045
"2022-12-31 00:00:00",2559793,0
"2022-12-30 00:00:00",2559793,10152
"2022-12-29 00:00:00",2549641,0
"2022-12-28 00:00:00",2549641,4584
"2022-12-27 00:00:00",2545057,6932
"2022-12-26 00:00:00",2538125,4072
"2022-12-25 00:00:00",2534053,4633
"2022-12-24 00:00:00",2529420,4945
"2022-12-23 00:00:00",2524475,4816
"2022-12-22 00:00:00",2519659,4819
"2022-12-21 00:00:00",2514840,4514
"2022-12-20 00:00:00",2510326,3870
"2022-12-19 00:00:00",2506456,4422
"2022-12-18 00:00:00",2502034,5019
"2022-12-17 00:00:00",2497015,5047
"2022-12-16 00:00:00",2491968,0
"2022-12-15 00:00:00",2491968,10082
"2022-12-14 00:00:00",2481886,4728
"2022-12-13 00:00:00",2477158,3941
"2022-12-12 00:00:00",2473217,4792
"2022-12-11 00:00:00",2468425,5505
"2022-12-10 00:00:00",2462920,5423
"2022-12-09 00:00:00",2457497,5276
"2022-12-08 00:00:00",2452221,5104
"2022-12-07 00:00:00",2447117,4951
"2022-12-06 00:00:00",2442166,5409
"2022-12-05 00:00:00",2436757,5409
"2022-12-04 00:00:00",2431348,5409
"2022-12-03 00:00:00",2425940,5409
"2022-12-02 00:00:00",2420531,5409
"2022-12-01 00:00:00",2415122,5267
"2022-11-30 00:00:00",2409855,4952
"2022-11-29 00:00:00",2404903,4061
"2022-11-28 00:00:00",2400842,4580
"2022-11-27 00:00:00",2396262,4358
"2022-11-26 00:00:00",2391904,4566
"2022-11-25 00:00:00",2387338,5813
"2022-11-24 00:00:00",2381525,5395
"2022-11-23 00:00:00",2376130,4934
"2022-11-22 00:00:00",2371196,4334
"2022-11-21 00:00:00",2366862,5003
"2022-11-20 00:00:00",2361859,5706
"2022-11-19 00:00:00",2356153,5540
"2022-11-18 00:00:00",2350613,5539
"2022-11-17 00:00:00",2345074,5418
"2022-11-16 00:00:00",2339656,5197
"2022-11-15 00:00:00",2334459,4497
"2022-11-14 00:00:00",2329962,5217
"2022-11-13 00:00:00",2324745,5845
"2022-11-12 00:00:00",2318900,5789
"2022-11-11 00:00:00",2313111,5798
"2022-11-10 00:00:00",2307313,5829
"2022-11-09 00:00:00",2301484,5388
"2022-11-08 00:00:00",2296096,0
"2022-11-07 00:00:00",2296096,9945
"2022-11-06 00:00:00",2286151,6148
"2022-11-05 00:00:00",2280003,6205
"2022-11-04 00:00:00",2273798,6039
"2022-11-03 00:00:00",2267759,6020
"2022-11-02 00:00:00",2261739,5807
"2022-11-01 00:00:00",2255932,5027
"2022-10-31 00:00:00",2250905,5797
"2022-10-30 00:00:00",2245108,6490
"2022-10-29 00:00:00",2238618,6586
"2022-10-28 00:00:00",2232032,6433
"2022-10-27 00:00:00",2225599,6449
"2022-10-26 00:00:00",2219150,6439
"2022-10-25 00:00:00",2212711,5351
"2022-10-24 00:00:00",2207360,6307
"2022-10-23 00:00:00",2201053,7258
"2022-10-22 00:00:00",2193795,6851
"2022-10-21 00:00:00",2186944,6831
"2022-10-20 00:00:00",2180113,6761
"2022-10-19 00:00:00",2173352,6439
"2022-10-18 00:00:00",2166913,5575
"2022-10-17 00:00:00",2161338,6599
"2022-10-16 00:00:00",2154739,0
"2022-10-15 00:00:00",2154739,15433
"2022-10-14 00:00:00",2139306,9052
"2022-10-13 00:00:00",2130254,10780
"2022-10-12 00:00:00",2119474,10349
"2022-10-11 00:00:00",2109125,7482
"2022-10-10 00:00:00",2101643,7446
"2022-10-09 00:00:00",2094197,8392
"2022-10-08 00:00:00",2085805,9194
"2022-10-07 00:00:00",2076611,8669
"2022-10-06 00:00:00",2067942,8637
"2022-10-05 00:00:00",2059305,8287
"2022-10-04 00:00:00",2051018,6442
"2022-10-03 00:00:00",2044576,7769
"2022-10-02 00:00:00",2036807,8794
"2022-10-01 00:00:00",2028013,8594
"2022-09-30 00:00:00",2019419,8165
"2022-09-29 00:00:00",2011254,8318
"2022-09-28 00:00:00",2002936,8192
"2022-09-27 00:00:00",1994744,7124
"2022-09-26 00:00:00",1987620,8354
"2022-09-25 00:00:00",1979266,9270
"2022-09-24 00:00:00",1969996,9196
"2022-09-23 00:00:00",1960800,9307
"2022-09-22 00:00:00",1951493,9566
"2022-09-21 00:00:00",1941927,9032
"2022-09-20 00:00:00",1932895,7209
"2022-09-19 00:00:00",1925686,9136
"2022-09-18 00:00:00",1916550,9991
"2022-09-17 00:00:00",1906559,10165
"2022-09-16 00:00:00",1896394,10444
"2022-09-15 00:00:00",1885950,10416
"2022-09-14 00:00:00",1875534,9829
"2022-09-13 00:00:00",1865705,7897
"2022-09-12 00:00:00",1857808,9552
"2022-09-11 00:00:00",1848256,11002
"2022-09-10 00:00:00",1837254,11035
"2022-09-09 00:00:00",1826219,10873
"2022-09-08 00:00:00",1815346,19444
"2022-09-07 00:00:00",1795902,0
"2022-09-06 00:00:00",1795902,8960
"2022-09-05 00:00:00",1786942,10392
"2022-09-04 00:00:00",1776550,12187
"2022-09-03 00:00:00",1764363,12219
"2022-09-02 00:00:00",1752144,12009
"2022-09-01 00:00:00",1740135,13742
"2022-08-31 00:00:00",1726393,13229
"2022-08-30 00:00:00",1713164,9837
"2022-08-29 00:00:00",1703327,13633
"2022-08-28 00:00:00",1689694,15347
"2022-08-27 00:00:00",1674347,15096
"2022-08-26 00:00:00",1659251,17821
"2022-08-25 00:00:00",1641430,17099
"2022-08-24 00:00:00",1624331,16251
"2022-08-23 00:00:00",1608080,16629
"2022-08-22 00:00:00",1591451,16629
"2022-08-21 00:00:00",1574822,16629
"2022-08-20 00:00:00",1558192,16629
"2022-08-19 00:00:00",1541563,16629
"2022-08-18 00:00:00",1524934,15359
"2022-08-17 00:00:00",1509575,15403
"2022-08-16 00:00:00",1494172,14480
"2022-08-15 00:00:00",1479692,16576
"2022-08-14 00:00:00",1463116,18456
"2022-08-13 00:00:00",1444660,18144
"2022-08-12 00:00:00",1426516,17908
"2022-08-11 00:00:00",1408608,15644
"2022-08-10 00:00:00",1392964,13209
"2022-08-09 00:00:00",1379755,12865
"2022-08-08 00:00:00",1366890,12865
"2022-08-07 00:00:00",1354025,15751
"2022-08-06 00:00:00",1338274,18547
"2022-08-05 00:00:00",1319727,19073
"2022-08-04 00:00:00",1300654,18689
"2022-08-03 00:00:00",1281965,18039
"2022-08-02 00:00:00",1263926,16030
"2022-08-01 00:00:00",1247896,19024
"2022-07-31 00:00:00",1228872,21484
"2022-07-30 00:00:00",1207388,0
"2022-07-29 00:00:00",1207388,41928
"2022-07-28 00:00:00",1165460,21390
"2022-07-27 00:00:00",1144070,20460
"2022-07-26 00:00:00",1123610,18157
"2022-07-25 00:00:00",1105453,21601
"2022-07-24 00:00:00",1083852,24757
"2022-07-23 00:00:00",1059095,22919
"2022-07-22 00:00:00",1036176,19954
"2022-07-21 00:00:00",1016222,21166
"2022-07-20 00:00:00",995056,21956
"2022-07-19 00:00:00",973100,19496
"2022-07-18 00:00:00",953604,22839
"2022-07-17 00:00:00",930765,25651
"2022-07-16 00:00:00",905114,24525
"2022-07-15 00:00:00",880589,24836
"2022-07-14 00:00:00",855753,23984
"2022-07-13 00:00:00",831769,21252
"2022-07-12 00:00:00",810517,18808
"2022-07-11 00:00:00",791709,22347
"2022-07-10 00:00:00",769362,24548
"2022-07-09 00:00:00",744814,23636
"2022-07-08 00:00:00",721178,22943
"2022-07-07 00:00:00",698235,22642
"2022-07-06 00:00:00",675593,21366
"2022-07-05 00:00:00",654227,21379
"2022-07-04 00:00:00",632848,26133
"2022-07-03 00:00:00",606715,29494
"2022-07-02 00:00:00",577221,27582
"2022-07-01 00:00:00",549639,28814
"2022-06-30 00:00:00",520825,31401
"2022-06-29 00:00:00",489424,29099
"2022-06-28 00:00:00",460325,27283
"2022-06-27 00:00:00",433042,31931
"2022-06-26 00:00:00",401111,36597
"2022-06-25 00:00:00",364514,40880
"2022-06-24 00:00:00",323634,44874
"2022-06-23 00:00:00",278760,47845
"2022-06-22 00:00:00",230915,48929
"2022-06-21 00:00:00",181986,45688
"2022-06-20 00:00:00",136298,63114
"2022-06-19 00:00:00",73184,0