﻿"DateTime","Spotify Streams","Change"
"2023-05-09 00:00:00",5903010,5359
"2023-05-08 00:00:00",5897651,6108
"2023-05-07 00:00:00",5891543,6849
"2023-05-06 00:00:00",5884694,6497
"2023-05-05 00:00:00",5878197,6371
"2023-05-04 00:00:00",5871826,6206
"2023-05-03 00:00:00",5865620,5854
"2023-05-02 00:00:00",5859766,5184
"2023-05-01 00:00:00",5854582,4168
"2023-04-30 00:00:00",5850414,4168
"2023-04-29 00:00:00",5846247,4168
"2023-04-28 00:00:00",5842079,13209
"2023-04-27 00:00:00",5828870,0
"2023-04-26 00:00:00",5828870,12829
"2023-04-25 00:00:00",5816041,5661
"2023-04-24 00:00:00",5810381,5661
"2023-04-23 00:00:00",5804720,6417
"2023-04-22 00:00:00",5798303,6423
"2023-04-21 00:00:00",5791880,0
"2023-04-20 00:00:00",5791880,9559
"2023-04-19 00:00:00",5782321,9559
"2023-04-18 00:00:00",5772762,0
"2023-04-17 00:00:00",5772762,11575
"2023-04-16 00:00:00",5761187,6796
"2023-04-15 00:00:00",5754391,6793
"2023-04-14 00:00:00",5747598,6702
"2023-04-13 00:00:00",5740896,6690
"2023-04-12 00:00:00",5734206,5810
"2023-04-11 00:00:00",5728396,5049
"2023-04-10 00:00:00",5723347,0
"2023-04-09 00:00:00",5723347,12561
"2023-04-08 00:00:00",5710786,7277
"2023-04-07 00:00:00",5703509,7343
"2023-04-06 00:00:00",5696166,7104
"2023-04-05 00:00:00",5689062,6880
"2023-04-04 00:00:00",5682182,5811
"2023-04-03 00:00:00",5676371,6682
"2023-04-02 00:00:00",5669689,7498
"2023-04-01 00:00:00",5662191,7290
"2023-03-31 00:00:00",5654901,7108
"2023-03-30 00:00:00",5647793,7118
"2023-03-29 00:00:00",5640675,7163
"2023-03-28 00:00:00",5633512,6202
"2023-03-27 00:00:00",5627310,0
"2023-03-26 00:00:00",5627310,6646
"2023-03-25 00:00:00",5620664,7569
"2023-03-24 00:00:00",5613095,15637
"2023-03-23 00:00:00",5597458,8062
"2023-03-22 00:00:00",5589396,7873
"2023-03-21 00:00:00",5581523,6697
"2023-03-20 00:00:00",5574826,0
"2023-03-19 00:00:00",5574826,15953
"2023-03-18 00:00:00",5558873,8364
"2023-03-17 00:00:00",5550509,7922
"2023-03-16 00:00:00",5542587,8128
"2023-03-15 00:00:00",5534459,0
"2023-03-14 00:00:00",5534459,7701
"2023-03-13 00:00:00",5526758,6710
"2023-03-12 00:00:00",5520048,16166
"2023-03-11 00:00:00",5503882,0
"2023-03-10 00:00:00",5503882,16954
"2023-03-09 00:00:00",5486928,8743
"2023-03-08 00:00:00",5478185,8728
"2023-03-07 00:00:00",5469457,0
"2023-03-06 00:00:00",5469457,15307
"2023-03-05 00:00:00",5454150,8768
"2023-03-04 00:00:00",5445382,9103
"2023-03-03 00:00:00",5436279,8827
"2023-03-02 00:00:00",5427452,0
"2023-03-01 00:00:00",5427452,9239
"2023-02-28 00:00:00",5418213,16592
"2023-02-27 00:00:00",5401621,8737
"2023-02-26 00:00:00",5392884,11212
"2023-02-25 00:00:00",5381672,9828
"2023-02-24 00:00:00",5371844,0
"2023-02-23 00:00:00",5371844,18729
"2023-02-22 00:00:00",5353115,8906
"2023-02-21 00:00:00",5344209,7636
"2023-02-20 00:00:00",5336573,0
"2023-02-19 00:00:00",5336573,8640
"2023-02-18 00:00:00",5327933,17986
"2023-02-17 00:00:00",5309947,9077
"2023-02-16 00:00:00",5300870,0
"2023-02-15 00:00:00",5300870,17659
"2023-02-14 00:00:00",5283211,7666
"2023-02-13 00:00:00",5275545,8602
"2023-02-12 00:00:00",5266943,9270
"2023-02-11 00:00:00",5257673,9312
"2023-02-10 00:00:00",5248361,9780
"2023-02-09 00:00:00",5238581,10296
"2023-02-08 00:00:00",5228285,9789
"2023-02-07 00:00:00",5218496,8437
"2023-02-06 00:00:00",5210059,9198
"2023-02-05 00:00:00",5200861,9641
"2023-02-04 00:00:00",5191220,10658
"2023-02-03 00:00:00",5180562,12586
"2023-02-02 00:00:00",5167976,8482
"2023-02-01 00:00:00",5159494,8126
"2023-01-31 00:00:00",5151368,6901
"2023-01-30 00:00:00",5144467,7603
"2023-01-29 00:00:00",5136864,4171
"2023-01-28 00:00:00",5132693,4171
"2023-01-27 00:00:00",5128522,16802
"2023-01-26 00:00:00",5111720,8184
"2023-01-25 00:00:00",5103536,7924
"2023-01-24 00:00:00",5095612,6765
"2023-01-23 00:00:00",5088847,7525
"2023-01-22 00:00:00",5081322,0
"2023-01-21 00:00:00",5081322,17294
"2023-01-20 00:00:00",5064028,8474
"2023-01-19 00:00:00",5055554,8655
"2023-01-18 00:00:00",5046899,0
"2023-01-17 00:00:00",5046899,15191
"2023-01-16 00:00:00",5031708,7642
"2023-01-15 00:00:00",5024066,8858
"2023-01-14 00:00:00",5015208,9063
"2023-01-13 00:00:00",5006145,8961
"2023-01-12 00:00:00",4997184,8778
"2023-01-11 00:00:00",4988406,8418
"2023-01-10 00:00:00",4979988,7174
"2023-01-09 00:00:00",4972814,7861
"2023-01-08 00:00:00",4964953,8744
"2023-01-07 00:00:00",4956209,8802
"2023-01-06 00:00:00",4947407,0
"2023-01-05 00:00:00",4947407,16820
"2023-01-04 00:00:00",4930587,7649
"2023-01-03 00:00:00",4922938,6534
"2023-01-02 00:00:00",4916404,8097
"2023-01-01 00:00:00",4908307,8782
"2022-12-31 00:00:00",4899525,9170
"2022-12-30 00:00:00",4890355,8976
"2022-12-29 00:00:00",4881379,8682
"2022-12-28 00:00:00",4872697,8013
"2022-12-27 00:00:00",4864684,7527
"2022-12-26 00:00:00",4857157,8738
"2022-12-25 00:00:00",4848419,9852
"2022-12-24 00:00:00",4838567,10056
"2022-12-23 00:00:00",4828511,10183
"2022-12-22 00:00:00",4818328,9900
"2022-12-21 00:00:00",4808428,9448
"2022-12-20 00:00:00",4798980,7958
"2022-12-19 00:00:00",4791022,9641
"2022-12-18 00:00:00",4781381,11076
"2022-12-17 00:00:00",4770305,11897
"2022-12-16 00:00:00",4758408,11923
"2022-12-15 00:00:00",4746485,11857
"2022-12-14 00:00:00",4734628,0
"2022-12-13 00:00:00",4734628,22232
"2022-12-12 00:00:00",4712396,11932
"2022-12-11 00:00:00",4700464,12647
"2022-12-10 00:00:00",4687817,13258
"2022-12-09 00:00:00",4674559,12721
"2022-12-08 00:00:00",4661838,12038
"2022-12-07 00:00:00",4649800,11398
"2022-12-06 00:00:00",4638402,12225
"2022-12-05 00:00:00",4626177,12225
"2022-12-04 00:00:00",4613953,12225
"2022-12-03 00:00:00",4601728,12225
"2022-12-02 00:00:00",4589504,12225
"2022-12-01 00:00:00",4577279,12620
"2022-11-30 00:00:00",4564659,12237
"2022-11-29 00:00:00",4552422,0
"2022-11-28 00:00:00",4552422,22295
"2022-11-27 00:00:00",4530127,11661
"2022-11-26 00:00:00",4518466,12393
"2022-11-25 00:00:00",4506073,13373
"2022-11-24 00:00:00",4492700,14210
"2022-11-23 00:00:00",4478490,14665
"2022-11-22 00:00:00",4463825,12036
"2022-11-21 00:00:00",4451789,13500
"2022-11-20 00:00:00",4438289,14902
"2022-11-19 00:00:00",4423387,13198
"2022-11-18 00:00:00",4410189,13029
"2022-11-17 00:00:00",4397160,12360
"2022-11-16 00:00:00",4384800,12106
"2022-11-15 00:00:00",4372694,10400
"2022-11-14 00:00:00",4362294,11801
"2022-11-13 00:00:00",4350493,12842
"2022-11-12 00:00:00",4337651,12642
"2022-11-11 00:00:00",4325009,12282
"2022-11-10 00:00:00",4312727,12148
"2022-11-09 00:00:00",4300579,11949
"2022-11-08 00:00:00",4288630,10087
"2022-11-07 00:00:00",4278543,11577
"2022-11-06 00:00:00",4266966,12919
"2022-11-05 00:00:00",4254047,0
"2022-11-04 00:00:00",4254047,26571
"2022-11-03 00:00:00",4227476,13128
"2022-11-02 00:00:00",4214348,13134
"2022-11-01 00:00:00",4201214,11226
"2022-10-31 00:00:00",4189988,12562
"2022-10-30 00:00:00",4177426,14543
"2022-10-29 00:00:00",4162883,14770
"2022-10-28 00:00:00",4148113,15067
"2022-10-27 00:00:00",4133046,14938
"2022-10-26 00:00:00",4118108,14301
"2022-10-25 00:00:00",4103807,12461
"2022-10-24 00:00:00",4091346,13867
"2022-10-23 00:00:00",4077479,15008
"2022-10-22 00:00:00",4062471,15066
"2022-10-21 00:00:00",4047405,14896
"2022-10-20 00:00:00",4032510,14896
"2022-10-19 00:00:00",4017614,14542
"2022-10-18 00:00:00",4003072,0
"2022-10-17 00:00:00",4003072,26269
"2022-10-16 00:00:00",3976803,15229
"2022-10-15 00:00:00",3961574,15733
"2022-10-14 00:00:00",3945841,15346
"2022-10-13 00:00:00",3930495,15060
"2022-10-12 00:00:00",3915435,15345
"2022-10-11 00:00:00",3900090,13124
"2022-10-10 00:00:00",3886966,14895
"2022-10-09 00:00:00",3872071,16291
"2022-10-08 00:00:00",3855780,17171
"2022-10-07 00:00:00",3838609,17155
"2022-10-06 00:00:00",3821454,17174
"2022-10-05 00:00:00",3804280,16816
"2022-10-04 00:00:00",3787464,14035
"2022-10-03 00:00:00",3773429,15830
"2022-10-02 00:00:00",3757599,17746
"2022-10-01 00:00:00",3739853,17442
"2022-09-30 00:00:00",3722411,17136
"2022-09-29 00:00:00",3705275,17117
"2022-09-28 00:00:00",3688158,15927
"2022-09-27 00:00:00",3672231,12978
"2022-09-26 00:00:00",3659253,15129
"2022-09-25 00:00:00",3644124,17008
"2022-09-24 00:00:00",3627116,17254
"2022-09-23 00:00:00",3609862,17633
"2022-09-22 00:00:00",3592229,17354
"2022-09-21 00:00:00",3574875,16436
"2022-09-20 00:00:00",3558439,14430
"2022-09-19 00:00:00",3544009,17107
"2022-09-18 00:00:00",3526902,18572
"2022-09-17 00:00:00",3508330,19021
"2022-09-16 00:00:00",3489309,18918
"2022-09-15 00:00:00",3470391,18976
"2022-09-14 00:00:00",3451415,18033
"2022-09-13 00:00:00",3433382,15613
"2022-09-12 00:00:00",3417769,17217
"2022-09-11 00:00:00",3400552,19859
"2022-09-10 00:00:00",3380693,20128
"2022-09-09 00:00:00",3360565,19357
"2022-09-08 00:00:00",3341208,37725
"2022-09-07 00:00:00",3303483,0
"2022-09-06 00:00:00",3303483,16839
"2022-09-05 00:00:00",3286644,19493
"2022-09-04 00:00:00",3267151,21573
"2022-09-03 00:00:00",3245578,21740
"2022-09-02 00:00:00",3223838,21852
"2022-09-01 00:00:00",3201986,21968
"2022-08-31 00:00:00",3180018,20662
"2022-08-30 00:00:00",3159356,18601
"2022-08-29 00:00:00",3140755,20896
"2022-08-28 00:00:00",3119859,23212
"2022-08-27 00:00:00",3096647,23924
"2022-08-26 00:00:00",3072723,23585
"2022-08-25 00:00:00",3049138,22814
"2022-08-24 00:00:00",3026324,22407
"2022-08-23 00:00:00",3003917,23149
"2022-08-22 00:00:00",2980768,23149
"2022-08-21 00:00:00",2957619,23149
"2022-08-20 00:00:00",2934470,23149
"2022-08-19 00:00:00",2911321,23149
"2022-08-18 00:00:00",2888172,24075
"2022-08-17 00:00:00",2864097,23371
"2022-08-16 00:00:00",2840726,21123
"2022-08-15 00:00:00",2819603,23360
"2022-08-14 00:00:00",2796243,25715
"2022-08-13 00:00:00",2770528,25990
"2022-08-12 00:00:00",2744538,26697
"2022-08-11 00:00:00",2717841,26557
"2022-08-10 00:00:00",2691284,26730
"2022-08-09 00:00:00",2664554,23659
"2022-08-08 00:00:00",2640895,26762
"2022-08-07 00:00:00",2614133,29234
"2022-08-06 00:00:00",2584899,30584
"2022-08-05 00:00:00",2554315,30041
"2022-08-04 00:00:00",2524274,30661
"2022-08-03 00:00:00",2493613,31241
"2022-08-02 00:00:00",2462372,28181
"2022-08-01 00:00:00",2434191,32351
"2022-07-31 00:00:00",2401840,35943
"2022-07-30 00:00:00",2365897,0
"2022-07-29 00:00:00",2365897,67046
"2022-07-28 00:00:00",2298851,33523
"2022-07-27 00:00:00",2265328,33943
"2022-07-26 00:00:00",2231385,30196
"2022-07-25 00:00:00",2201189,34843
"2022-07-24 00:00:00",2166346,39370
"2022-07-23 00:00:00",2126976,39996
"2022-07-22 00:00:00",2086980,40345
"2022-07-21 00:00:00",2046635,40281
"2022-07-20 00:00:00",2006354,41345
"2022-07-19 00:00:00",1965009,37748
"2022-07-18 00:00:00",1927261,43305
"2022-07-17 00:00:00",1883956,47886
"2022-07-16 00:00:00",1836070,48642
"2022-07-15 00:00:00",1787428,50353
"2022-07-14 00:00:00",1737075,52791
"2022-07-13 00:00:00",1684284,53147
"2022-07-12 00:00:00",1631137,49043
"2022-07-11 00:00:00",1582094,56633
"2022-07-10 00:00:00",1525461,61354
"2022-07-09 00:00:00",1464107,57722
"2022-07-08 00:00:00",1406385,59747
"2022-07-07 00:00:00",1346638,62904
"2022-07-06 00:00:00",1283734,62621
"2022-07-05 00:00:00",1221113,59111
"2022-07-04 00:00:00",1162002,70672
"2022-07-03 00:00:00",1091330,87084
"2022-07-02 00:00:00",1004246,98536
"2022-07-01 00:00:00",905710,109958
"2022-06-30 00:00:00",795752,122822
"2022-06-29 00:00:00",672930,134318
"2022-06-28 00:00:00",538612,130901
"2022-06-27 00:00:00",407711,175458
"2022-06-26 00:00:00",232253,225092
"2022-06-25 00:00:00",7161,0