﻿"DateTime","Spotify Streams","Change"
"2023-05-17 00:00:00",4314348,23921
"2023-05-16 00:00:00",4290427,22196
"2023-05-15 00:00:00",4268231,21395
"2023-05-14 00:00:00",4246836,24776
"2023-05-13 00:00:00",4222061,24776
"2023-05-12 00:00:00",4197285,26726
"2023-05-11 00:00:00",4170559,26971
"2023-05-10 00:00:00",4143588,28568
"2023-05-09 00:00:00",4115020,24252
"2023-05-08 00:00:00",4090768,27411
"2023-05-07 00:00:00",4063357,27163
"2023-05-06 00:00:00",4036194,25270
"2023-05-05 00:00:00",4010924,26675
"2023-05-04 00:00:00",3984249,27266
"2023-05-03 00:00:00",3956983,30872
"2023-05-02 00:00:00",3926111,26163
"2023-05-01 00:00:00",3899948,28175
"2023-04-30 00:00:00",3871773,29037
"2023-04-29 00:00:00",3842736,27173
"2023-04-28 00:00:00",3815563,30201
"2023-04-27 00:00:00",3785362,27526
"2023-04-26 00:00:00",3757836,27076
"2023-04-25 00:00:00",3730760,25201
"2023-04-24 00:00:00",3705559,28483
"2023-04-23 00:00:00",3677076,29631
"2023-04-22 00:00:00",3647445,27853
"2023-04-21 00:00:00",3619592,26019
"2023-04-20 00:00:00",3593573,24961
"2023-04-19 00:00:00",3568612,28813
"2023-04-18 00:00:00",3539799,29801
"2023-04-17 00:00:00",3509998,33139
"2023-04-16 00:00:00",3476859,36116
"2023-04-15 00:00:00",3440743,33550
"2023-04-14 00:00:00",3407193,33011
"2023-04-13 00:00:00",3374182,26251
"2023-04-12 00:00:00",3347931,26338
"2023-04-11 00:00:00",3321593,25413
"2023-04-10 00:00:00",3296180,26692
"2023-04-09 00:00:00",3269488,24351
"2023-04-08 00:00:00",3245137,20958
"2023-04-07 00:00:00",3224179,25765
"2023-04-06 00:00:00",3198414,26409
"2023-04-05 00:00:00",3172005,26340
"2023-04-04 00:00:00",3145665,0
"2023-04-03 00:00:00",3145665,50279
"2023-04-02 00:00:00",3095386,26493
"2023-04-01 00:00:00",3068893,22274
"2023-03-31 00:00:00",3046619,20977
"2023-03-30 00:00:00",3025642,20510
"2023-03-29 00:00:00",3005132,20088
"2023-03-28 00:00:00",2985044,17319
"2023-03-27 00:00:00",2967725,20783
"2023-03-26 00:00:00",2946942,22485
"2023-03-25 00:00:00",2924457,24675
"2023-03-24 00:00:00",2899782,31707
"2023-03-23 00:00:00",2868075,25527
"2023-03-22 00:00:00",2842548,23976
"2023-03-21 00:00:00",2818572,23475
"2023-03-20 00:00:00",2795097,27063
"2023-03-19 00:00:00",2768034,30036
"2023-03-18 00:00:00",2737998,28886
"2023-03-17 00:00:00",2709112,0
"2023-03-16 00:00:00",2709112,49107
"2023-03-15 00:00:00",2660005,23255
"2023-03-14 00:00:00",2636750,23240
"2023-03-13 00:00:00",2613510,27227
"2023-03-12 00:00:00",2586283,26854
"2023-03-11 00:00:00",2559429,27616
"2023-03-10 00:00:00",2531813,26118
"2023-03-09 00:00:00",2505695,25588
"2023-03-08 00:00:00",2480107,27099
"2023-03-07 00:00:00",2453008,27260
"2023-03-06 00:00:00",2425748,26489
"2023-03-05 00:00:00",2399259,0
"2023-03-04 00:00:00",2399259,48623
"2023-03-03 00:00:00",2350636,0
"2023-03-02 00:00:00",2350636,40130
"2023-03-01 00:00:00",2310506,19627
"2023-02-28 00:00:00",2290879,18081
"2023-02-27 00:00:00",2272798,18879
"2023-02-26 00:00:00",2253919,19352
"2023-02-25 00:00:00",2234567,19547
"2023-02-24 00:00:00",2215020,32621
"2023-02-23 00:00:00",2182400,32621
"2023-02-22 00:00:00",2149779,0
"2023-02-21 00:00:00",2149779,21095
"2023-02-20 00:00:00",2128684,23355
"2023-02-19 00:00:00",2105329,25643
"2023-02-18 00:00:00",2079686,21075
"2023-02-17 00:00:00",2058611,19285
"2023-02-16 00:00:00",2039326,18689
"2023-02-15 00:00:00",2020637,17590
"2023-02-14 00:00:00",2003047,17590
"2023-02-13 00:00:00",1985456,17590
"2023-02-12 00:00:00",1967866,18923
"2023-02-11 00:00:00",1948943,19304
"2023-02-10 00:00:00",1929639,21086
"2023-02-09 00:00:00",1908553,23074
"2023-02-08 00:00:00",1885479,19961
"2023-02-07 00:00:00",1865518,18505
"2023-02-06 00:00:00",1847013,20474
"2023-02-05 00:00:00",1826539,22652
"2023-02-04 00:00:00",1803887,24036
"2023-02-03 00:00:00",1779851,23580
"2023-02-02 00:00:00",1756271,23879
"2023-02-01 00:00:00",1732392,23937
"2023-01-31 00:00:00",1708455,22179
"2023-01-30 00:00:00",1686276,22712
"2023-01-29 00:00:00",1663564,13140
"2023-01-28 00:00:00",1650424,13140
"2023-01-27 00:00:00",1637284,45989
"2023-01-26 00:00:00",1591295,19528
"2023-01-25 00:00:00",1571767,19221
"2023-01-24 00:00:00",1552546,16783
"2023-01-23 00:00:00",1535763,18312
"2023-01-22 00:00:00",1517451,21821
"2023-01-21 00:00:00",1495630,48382
"2023-01-20 00:00:00",1447248,66657
"2023-01-19 00:00:00",1380591,60454
"2023-01-18 00:00:00",1320137,56006
"2023-01-17 00:00:00",1264131,49472
"2023-01-16 00:00:00",1214659,44614
"2023-01-15 00:00:00",1170045,55183
"2023-01-14 00:00:00",1114862,55832
"2023-01-13 00:00:00",1059030,60827
"2023-01-12 00:00:00",998203,27675
"2023-01-11 00:00:00",970528,13427
"2023-01-10 00:00:00",957101,13486
"2023-01-09 00:00:00",943615,14430
"2023-01-08 00:00:00",929185,15913
"2023-01-07 00:00:00",913272,14944
"2023-01-06 00:00:00",898328,14634
"2023-01-05 00:00:00",883694,15187
"2023-01-04 00:00:00",868507,0
"2023-01-03 00:00:00",868507,13874
"2023-01-02 00:00:00",854633,29445
"2023-01-01 00:00:00",825188,16500
"2022-12-31 00:00:00",808688,16049
"2022-12-30 00:00:00",792639,16032
"2022-12-29 00:00:00",776607,15354
"2022-12-28 00:00:00",761253,13309
"2022-12-27 00:00:00",747944,11558
"2022-12-26 00:00:00",736386,14333
"2022-12-25 00:00:00",722053,16113
"2022-12-24 00:00:00",705940,16883
"2022-12-23 00:00:00",689057,15881
"2022-12-22 00:00:00",673176,13700
"2022-12-21 00:00:00",659476,14402
"2022-12-20 00:00:00",645074,14800
"2022-12-19 00:00:00",630274,16507
"2022-12-18 00:00:00",613767,17138
"2022-12-17 00:00:00",596629,16461
"2022-12-16 00:00:00",580168,14293
"2022-12-15 00:00:00",565875,14997
"2022-12-14 00:00:00",550878,12648
"2022-12-13 00:00:00",538230,11507
"2022-12-12 00:00:00",526723,12894
"2022-12-11 00:00:00",513829,14902
"2022-12-10 00:00:00",498927,17404
"2022-12-09 00:00:00",481523,16443
"2022-12-08 00:00:00",465080,15247
"2022-12-07 00:00:00",449833,11484
"2022-12-06 00:00:00",438349,10944
"2022-12-05 00:00:00",427405,10944
"2022-12-04 00:00:00",416460,10944
"2022-12-03 00:00:00",405516,10944
"2022-12-02 00:00:00",394572,10944
"2022-12-01 00:00:00",383627,10944
"2022-11-30 00:00:00",372683,35362
"2022-11-29 00:00:00",337321,0
"2022-11-28 00:00:00",337321,35661
"2022-11-27 00:00:00",301660,0
"2022-11-26 00:00:00",301660,21092
"2022-11-25 00:00:00",280568,44201
"2022-11-24 00:00:00",236367,0
"2022-11-23 00:00:00",236367,19204
"2022-11-22 00:00:00",217163,36354
"2022-11-21 00:00:00",180809,21340
"2022-11-20 00:00:00",159469,21677
"2022-11-19 00:00:00",137792,19339
"2022-11-18 00:00:00",118453,0