﻿"DateTime","Spotify Streams","Change"
"2023-05-14 00:00:00",1078707,2481
"2023-05-13 00:00:00",1076226,2559
"2023-05-12 00:00:00",1073667,2476
"2023-05-11 00:00:00",1071191,2348
"2023-05-10 00:00:00",1068843,2054
"2023-05-09 00:00:00",1066789,2028
"2023-05-08 00:00:00",1064761,2067
"2023-05-07 00:00:00",1062694,2006
"2023-05-06 00:00:00",1060688,2006
"2023-05-05 00:00:00",1058682,2076
"2023-05-04 00:00:00",1056606,1885
"2023-05-03 00:00:00",1054721,2275
"2023-05-02 00:00:00",1052447,2275
"2023-05-01 00:00:00",1050172,2029
"2023-04-30 00:00:00",1048143,2460
"2023-04-29 00:00:00",1045683,2518
"2023-04-28 00:00:00",1043165,1687
"2023-04-27 00:00:00",1041478,1687
"2023-04-26 00:00:00",1039790,1687
"2023-04-25 00:00:00",1038103,4701
"2023-04-24 00:00:00",1033402,0
"2023-04-23 00:00:00",1033402,4692
"2023-04-22 00:00:00",1028710,2445
"2023-04-21 00:00:00",1026265,2667
"2023-04-20 00:00:00",1023598,2667
"2023-04-19 00:00:00",1020931,2602
"2023-04-18 00:00:00",1018330,2602
"2023-04-17 00:00:00",1015728,1904
"2023-04-16 00:00:00",1013824,2586
"2023-04-15 00:00:00",1011238,2556
"2023-04-14 00:00:00",1008682,2586
"2023-04-13 00:00:00",1006096,2967
"2023-04-12 00:00:00",1003129,2114
"2023-04-11 00:00:00",1001015,2020
"2023-04-10 00:00:00",998995,1834
"2023-04-09 00:00:00",997161,1678
"2023-04-08 00:00:00",995483,1952
"2023-04-07 00:00:00",993531,2568
"2023-04-06 00:00:00",990963,3663
"2023-04-05 00:00:00",987300,3252
"2023-04-04 00:00:00",984048,3214
"2023-04-03 00:00:00",980834,3381
"2023-04-02 00:00:00",977453,3283
"2023-04-01 00:00:00",974170,2873
"2023-03-31 00:00:00",971297,2925
"2023-03-30 00:00:00",968372,3063
"2023-03-29 00:00:00",965309,3027
"2023-03-28 00:00:00",962282,3166
"2023-03-27 00:00:00",959116,3100
"2023-03-26 00:00:00",956016,2897
"2023-03-25 00:00:00",953119,3063
"2023-03-24 00:00:00",950056,3350
"2023-03-23 00:00:00",946706,0
"2023-03-22 00:00:00",946706,6247
"2023-03-21 00:00:00",940459,3029
"2023-03-20 00:00:00",937430,3400
"2023-03-19 00:00:00",934030,3179
"2023-03-18 00:00:00",930851,2550
"2023-03-17 00:00:00",928301,2819
"2023-03-16 00:00:00",925482,2646
"2023-03-15 00:00:00",922836,2785
"2023-03-14 00:00:00",920051,2997
"2023-03-13 00:00:00",917054,2753
"2023-03-12 00:00:00",914301,2718
"2023-03-11 00:00:00",911583,3039
"2023-03-10 00:00:00",908544,2686
"2023-03-09 00:00:00",905858,2790
"2023-03-08 00:00:00",903068,3094
"2023-03-07 00:00:00",899974,2921
"2023-03-06 00:00:00",897053,2851
"2023-03-05 00:00:00",894202,2987
"2023-03-04 00:00:00",891215,2968
"2023-03-03 00:00:00",888247,0
"2023-03-02 00:00:00",888247,2961
"2023-03-01 00:00:00",885286,5565
"2023-02-28 00:00:00",879721,3004
"2023-02-27 00:00:00",876717,2967
"2023-02-26 00:00:00",873750,2493
"2023-02-25 00:00:00",871257,2916
"2023-02-24 00:00:00",868341,2899
"2023-02-23 00:00:00",865442,3106
"2023-02-22 00:00:00",862336,0
"2023-02-21 00:00:00",862336,5691
"2023-02-20 00:00:00",856645,0
"2023-02-19 00:00:00",856645,5307
"2023-02-18 00:00:00",851338,3025
"2023-02-17 00:00:00",848313,2828
"2023-02-16 00:00:00",845485,2776
"2023-02-15 00:00:00",842709,2779
"2023-02-14 00:00:00",839930,2498
"2023-02-13 00:00:00",837432,2632
"2023-02-12 00:00:00",834800,2685
"2023-02-11 00:00:00",832115,2367
"2023-02-10 00:00:00",829748,2554
"2023-02-09 00:00:00",827194,2571
"2023-02-08 00:00:00",824623,2547
"2023-02-07 00:00:00",822076,0
"2023-02-06 00:00:00",822076,5239
"2023-02-05 00:00:00",816837,2802
"2023-02-04 00:00:00",814035,2953
"2023-02-03 00:00:00",811082,2987
"2023-02-02 00:00:00",808095,2892
"2023-02-01 00:00:00",805203,0
"2023-01-31 00:00:00",805203,5593
"2023-01-30 00:00:00",799610,2822
"2023-01-29 00:00:00",796788,2713
"2023-01-28 00:00:00",794075,2713
"2023-01-27 00:00:00",791362,2580
"2023-01-26 00:00:00",788782,2506
"2023-01-25 00:00:00",786276,2702
"2023-01-24 00:00:00",783574,2557
"2023-01-23 00:00:00",781017,2691
"2023-01-22 00:00:00",778326,2869
"2023-01-21 00:00:00",775457,3202
"2023-01-20 00:00:00",772255,3485
"2023-01-19 00:00:00",768770,3478
"2023-01-18 00:00:00",765292,3373
"2023-01-17 00:00:00",761919,3159
"2023-01-16 00:00:00",758760,2779
"2023-01-15 00:00:00",755981,3010
"2023-01-14 00:00:00",752971,2765
"2023-01-13 00:00:00",750206,3040
"2023-01-12 00:00:00",747166,2719
"2023-01-11 00:00:00",744447,2517
"2023-01-10 00:00:00",741930,2415
"2023-01-09 00:00:00",739515,2387
"2023-01-08 00:00:00",737128,2644
"2023-01-07 00:00:00",734484,0
"2023-01-06 00:00:00",734484,4910
"2023-01-05 00:00:00",729574,2607
"2023-01-04 00:00:00",726967,2529
"2023-01-03 00:00:00",724438,2463
"2023-01-02 00:00:00",721975,2607
"2023-01-01 00:00:00",719368,2674
"2022-12-31 00:00:00",716694,2572
"2022-12-30 00:00:00",714122,2523
"2022-12-29 00:00:00",711599,2380
"2022-12-28 00:00:00",709219,2034
"2022-12-27 00:00:00",707185,1943
"2022-12-26 00:00:00",705242,2417
"2022-12-25 00:00:00",702825,2452
"2022-12-24 00:00:00",700373,2549
"2022-12-23 00:00:00",697824,2717
"2022-12-22 00:00:00",695107,2631
"2022-12-21 00:00:00",692476,2560
"2022-12-20 00:00:00",689916,2204
"2022-12-19 00:00:00",687712,2281
"2022-12-18 00:00:00",685431,2703
"2022-12-17 00:00:00",682728,2643
"2022-12-16 00:00:00",680085,2501
"2022-12-15 00:00:00",677584,2495
"2022-12-14 00:00:00",675089,2610
"2022-12-13 00:00:00",672479,2370
"2022-12-12 00:00:00",670109,2632
"2022-12-11 00:00:00",667477,2868
"2022-12-10 00:00:00",664609,2993
"2022-12-09 00:00:00",661616,2680
"2022-12-08 00:00:00",658936,2829
"2022-12-07 00:00:00",656107,2790
"2022-12-06 00:00:00",653317,3199
"2022-12-05 00:00:00",650118,3199
"2022-12-04 00:00:00",646919,3199
"2022-12-03 00:00:00",643721,3199
"2022-12-02 00:00:00",640522,3199
"2022-12-01 00:00:00",637323,3709
"2022-11-30 00:00:00",633614,3875
"2022-11-29 00:00:00",629739,3665
"2022-11-28 00:00:00",626074,3560
"2022-11-27 00:00:00",622514,2851
"2022-11-26 00:00:00",619663,3104
"2022-11-25 00:00:00",616559,3604
"2022-11-24 00:00:00",612955,3570
"2022-11-23 00:00:00",609385,3250
"2022-11-22 00:00:00",606135,3258
"2022-11-21 00:00:00",602877,3447
"2022-11-20 00:00:00",599430,4083
"2022-11-19 00:00:00",595347,3535
"2022-11-18 00:00:00",591812,3600
"2022-11-17 00:00:00",588212,3494
"2022-11-16 00:00:00",584718,3460
"2022-11-15 00:00:00",581258,3485
"2022-11-14 00:00:00",577773,3792
"2022-11-13 00:00:00",573981,4161
"2022-11-12 00:00:00",569820,4508
"2022-11-11 00:00:00",565312,4324
"2022-11-10 00:00:00",560988,4408
"2022-11-09 00:00:00",556580,0
"2022-11-08 00:00:00",556580,7453
"2022-11-07 00:00:00",549127,4023
"2022-11-06 00:00:00",545104,4672
"2022-11-05 00:00:00",540432,5091
"2022-11-04 00:00:00",535341,4754
"2022-11-03 00:00:00",530587,4149
"2022-11-02 00:00:00",526438,4673
"2022-11-01 00:00:00",521765,4410
"2022-10-31 00:00:00",517355,4572
"2022-10-30 00:00:00",512783,5144
"2022-10-29 00:00:00",507639,6067
"2022-10-28 00:00:00",501572,5273
"2022-10-27 00:00:00",496299,5161
"2022-10-26 00:00:00",491138,6230
"2022-10-25 00:00:00",484908,5901
"2022-10-24 00:00:00",479007,6531
"2022-10-23 00:00:00",472476,7955
"2022-10-22 00:00:00",464521,8790
"2022-10-21 00:00:00",455731,8307
"2022-10-20 00:00:00",447424,7207
"2022-10-19 00:00:00",440217,6826
"2022-10-18 00:00:00",433391,6356
"2022-10-17 00:00:00",427035,7301
"2022-10-16 00:00:00",419734,15616
"2022-10-15 00:00:00",404118,0
"2022-10-14 00:00:00",404118,7209
"2022-10-13 00:00:00",396909,7253
"2022-10-12 00:00:00",389656,6882
"2022-10-11 00:00:00",382774,6343
"2022-10-10 00:00:00",376431,7465
"2022-10-09 00:00:00",368966,9338
"2022-10-08 00:00:00",359628,12672
"2022-10-07 00:00:00",346956,12168
"2022-10-06 00:00:00",334788,12229
"2022-10-05 00:00:00",322559,12072
"2022-10-04 00:00:00",310487,10640
"2022-10-03 00:00:00",299847,14083
"2022-10-02 00:00:00",285764,18070
"2022-10-01 00:00:00",267694,26164
"2022-09-30 00:00:00",241530,31441
"2022-09-29 00:00:00",210089,23870
"2022-09-28 00:00:00",186219,28426
"2022-09-27 00:00:00",157793,27843
"2022-09-26 00:00:00",129950,46219
"2022-09-25 00:00:00",83731,0