﻿"DateTime","Spotify Streams","Change"
"2023-05-10 00:00:00",1896997,861
"2023-05-09 00:00:00",1896136,713
"2023-05-08 00:00:00",1895423,713
"2023-05-07 00:00:00",1894710,904
"2023-05-06 00:00:00",1893806,966
"2023-05-05 00:00:00",1892840,954
"2023-05-04 00:00:00",1891886,0
"2023-05-03 00:00:00",1891886,1234
"2023-05-02 00:00:00",1890653,1234
"2023-05-01 00:00:00",1889419,761
"2023-04-30 00:00:00",1888658,907
"2023-04-29 00:00:00",1887751,910
"2023-04-28 00:00:00",1886841,968
"2023-04-27 00:00:00",1885873,900
"2023-04-26 00:00:00",1884973,952
"2023-04-25 00:00:00",1884021,727
"2023-04-24 00:00:00",1883294,727
"2023-04-23 00:00:00",1882567,898
"2023-04-22 00:00:00",1881669,930
"2023-04-21 00:00:00",1880739,948
"2023-04-20 00:00:00",1879791,950
"2023-04-19 00:00:00",1878841,974
"2023-04-18 00:00:00",1877867,717
"2023-04-17 00:00:00",1877150,0
"2023-04-16 00:00:00",1877150,1760
"2023-04-15 00:00:00",1875390,962
"2023-04-14 00:00:00",1874428,966
"2023-04-13 00:00:00",1873462,925
"2023-04-12 00:00:00",1872537,836
"2023-04-11 00:00:00",1871701,667
"2023-04-10 00:00:00",1871034,750
"2023-04-09 00:00:00",1870284,814
"2023-04-08 00:00:00",1869470,940
"2023-04-07 00:00:00",1868530,911
"2023-04-06 00:00:00",1867619,939
"2023-04-05 00:00:00",1866680,973
"2023-04-04 00:00:00",1865707,788
"2023-04-03 00:00:00",1864919,787
"2023-04-02 00:00:00",1864132,981
"2023-04-01 00:00:00",1863151,1065
"2023-03-31 00:00:00",1862086,1024
"2023-03-30 00:00:00",1861062,0
"2023-03-29 00:00:00",1861062,2069
"2023-03-28 00:00:00",1858993,831
"2023-03-27 00:00:00",1858162,875
"2023-03-26 00:00:00",1857287,0
"2023-03-25 00:00:00",1857287,2193
"2023-03-24 00:00:00",1855094,0
"2023-03-23 00:00:00",1855094,2250
"2023-03-22 00:00:00",1852844,1121
"2023-03-21 00:00:00",1851723,859
"2023-03-20 00:00:00",1850864,959
"2023-03-19 00:00:00",1849905,1167
"2023-03-18 00:00:00",1848738,1296
"2023-03-17 00:00:00",1847442,1314
"2023-03-16 00:00:00",1846128,1298
"2023-03-15 00:00:00",1844830,1273
"2023-03-14 00:00:00",1843557,1198
"2023-03-13 00:00:00",1842359,1197
"2023-03-12 00:00:00",1841162,1466
"2023-03-11 00:00:00",1839696,1651
"2023-03-10 00:00:00",1838045,1545
"2023-03-09 00:00:00",1836500,1605
"2023-03-08 00:00:00",1834895,1578
"2023-03-07 00:00:00",1833317,1297
"2023-03-06 00:00:00",1832020,0
"2023-03-05 00:00:00",1832020,3282
"2023-03-04 00:00:00",1828738,2165
"2023-03-03 00:00:00",1826573,2119
"2023-03-02 00:00:00",1824454,1875
"2023-03-01 00:00:00",1822579,1707
"2023-02-28 00:00:00",1820872,0
"2023-02-27 00:00:00",1820872,2915
"2023-02-26 00:00:00",1817957,1976
"2023-02-25 00:00:00",1815981,2369
"2023-02-24 00:00:00",1813612,1811
"2023-02-23 00:00:00",1811801,3251
"2023-02-22 00:00:00",1808550,0
"2023-02-21 00:00:00",1808550,1407
"2023-02-20 00:00:00",1807143,0
"2023-02-19 00:00:00",1807143,3346
"2023-02-18 00:00:00",1803797,1839
"2023-02-17 00:00:00",1801958,1890
"2023-02-16 00:00:00",1800068,0
"2023-02-15 00:00:00",1800068,3687
"2023-02-14 00:00:00",1796381,1558
"2023-02-13 00:00:00",1794823,0
"2023-02-12 00:00:00",1794823,3815
"2023-02-11 00:00:00",1791008,2026
"2023-02-10 00:00:00",1788982,2086
"2023-02-09 00:00:00",1786896,2145
"2023-02-08 00:00:00",1784751,1715
"2023-02-07 00:00:00",1783036,1715
"2023-02-06 00:00:00",1781321,0
"2023-02-05 00:00:00",1781321,3699
"2023-02-04 00:00:00",1777622,2113
"2023-02-03 00:00:00",1775509,2028
"2023-02-02 00:00:00",1773481,2039
"2023-02-01 00:00:00",1771442,1785
"2023-01-31 00:00:00",1769657,1489
"2023-01-30 00:00:00",1768168,1710
"2023-01-29 00:00:00",1766458,2048
"2023-01-28 00:00:00",1764410,2245
"2023-01-27 00:00:00",1762165,2106
"2023-01-26 00:00:00",1760059,2339
"2023-01-25 00:00:00",1757720,2208
"2023-01-24 00:00:00",1755512,1853
"2023-01-23 00:00:00",1753659,1973
"2023-01-22 00:00:00",1751686,2505
"2023-01-21 00:00:00",1749181,2619
"2023-01-20 00:00:00",1746562,2583
"2023-01-19 00:00:00",1743979,2785
"2023-01-18 00:00:00",1741194,2423
"2023-01-17 00:00:00",1738771,2039
"2023-01-16 00:00:00",1736732,2292
"2023-01-15 00:00:00",1734440,3137
"2023-01-14 00:00:00",1731303,2122
"2023-01-13 00:00:00",1729181,2272
"2023-01-12 00:00:00",1726909,2143
"2023-01-11 00:00:00",1724766,2085
"2023-01-10 00:00:00",1722681,2146
"2023-01-09 00:00:00",1720535,1748
"2023-01-08 00:00:00",1718787,2007
"2023-01-07 00:00:00",1716780,2328
"2023-01-06 00:00:00",1714452,2034
"2023-01-05 00:00:00",1712418,1844
"2023-01-04 00:00:00",1710574,1702
"2023-01-03 00:00:00",1708872,1366
"2023-01-02 00:00:00",1707506,1571
"2023-01-01 00:00:00",1705935,1873
"2022-12-31 00:00:00",1704062,1946
"2022-12-30 00:00:00",1702116,1941
"2022-12-29 00:00:00",1700175,1772
"2022-12-28 00:00:00",1698403,0
"2022-12-27 00:00:00",1698403,2562
"2022-12-26 00:00:00",1695841,1476
"2022-12-25 00:00:00",1694365,1817
"2022-12-24 00:00:00",1692548,1821
"2022-12-23 00:00:00",1690727,1842
"2022-12-22 00:00:00",1688885,1885
"2022-12-21 00:00:00",1687000,1750
"2022-12-20 00:00:00",1685250,1404
"2022-12-19 00:00:00",1683846,1552
"2022-12-18 00:00:00",1682294,1945
"2022-12-17 00:00:00",1680349,2002
"2022-12-16 00:00:00",1678347,1990
"2022-12-15 00:00:00",1676357,2139
"2022-12-14 00:00:00",1674218,2203
"2022-12-13 00:00:00",1672015,1538
"2022-12-12 00:00:00",1670477,1749
"2022-12-11 00:00:00",1668728,2179
"2022-12-10 00:00:00",1666550,2179
"2022-12-09 00:00:00",1664371,2036
"2022-12-08 00:00:00",1662335,1879
"2022-12-07 00:00:00",1660456,1789
"2022-12-06 00:00:00",1658667,1923
"2022-12-05 00:00:00",1656744,1923
"2022-12-04 00:00:00",1654821,1923
"2022-12-03 00:00:00",1652899,1923
"2022-12-02 00:00:00",1650976,1923
"2022-12-01 00:00:00",1649053,1836
"2022-11-30 00:00:00",1647217,1818
"2022-11-29 00:00:00",1645399,1392
"2022-11-28 00:00:00",1644007,1405
"2022-11-27 00:00:00",1642602,1478
"2022-11-26 00:00:00",1641124,1543
"2022-11-25 00:00:00",1639581,1864
"2022-11-24 00:00:00",1637717,1735
"2022-11-23 00:00:00",1635982,1672
"2022-11-22 00:00:00",1634310,1467
"2022-11-21 00:00:00",1632843,1669
"2022-11-20 00:00:00",1631174,1888
"2022-11-19 00:00:00",1629286,1928
"2022-11-18 00:00:00",1627358,2032
"2022-11-17 00:00:00",1625326,2041
"2022-11-16 00:00:00",1623285,1914
"2022-11-15 00:00:00",1621371,1559
"2022-11-14 00:00:00",1619812,1674
"2022-11-13 00:00:00",1618138,2001
"2022-11-12 00:00:00",1616137,2073
"2022-11-11 00:00:00",1614064,2113
"2022-11-10 00:00:00",1611951,2003
"2022-11-09 00:00:00",1609948,2010
"2022-11-08 00:00:00",1607938,1692
"2022-11-07 00:00:00",1606246,1769
"2022-11-06 00:00:00",1604477,2250
"2022-11-05 00:00:00",1602227,2413
"2022-11-04 00:00:00",1599814,2397
"2022-11-03 00:00:00",1597417,2330
"2022-11-02 00:00:00",1595087,2259
"2022-11-01 00:00:00",1592828,1868
"2022-10-31 00:00:00",1590960,2085
"2022-10-30 00:00:00",1588875,2706
"2022-10-29 00:00:00",1586169,2813
"2022-10-28 00:00:00",1583356,2832
"2022-10-27 00:00:00",1580524,2773
"2022-10-26 00:00:00",1577751,2725
"2022-10-25 00:00:00",1575026,2196
"2022-10-24 00:00:00",1572830,2409
"2022-10-23 00:00:00",1570421,3018
"2022-10-22 00:00:00",1567403,2921
"2022-10-21 00:00:00",1564482,0
"2022-10-20 00:00:00",1564482,5764
"2022-10-19 00:00:00",1558718,2859
"2022-10-18 00:00:00",1555859,2261
"2022-10-17 00:00:00",1553598,2469
"2022-10-16 00:00:00",1551129,2985
"2022-10-15 00:00:00",1548144,3100
"2022-10-14 00:00:00",1545044,3132
"2022-10-13 00:00:00",1541912,3107
"2022-10-12 00:00:00",1538805,3007
"2022-10-11 00:00:00",1535798,2409
"2022-10-10 00:00:00",1533389,2615
"2022-10-09 00:00:00",1530774,3207
"2022-10-08 00:00:00",1527567,3863
"2022-10-07 00:00:00",1523704,3964
"2022-10-06 00:00:00",1519740,3966
"2022-10-05 00:00:00",1515774,3551
"2022-10-04 00:00:00",1512223,2614
"2022-10-03 00:00:00",1509609,2868
"2022-10-02 00:00:00",1506741,3461
"2022-10-01 00:00:00",1503280,3504
"2022-09-30 00:00:00",1499776,3314
"2022-09-29 00:00:00",1496462,3379
"2022-09-28 00:00:00",1493083,3323
"2022-09-27 00:00:00",1489760,2569
"2022-09-26 00:00:00",1487191,2882
"2022-09-25 00:00:00",1484309,3506
"2022-09-24 00:00:00",1480803,3660
"2022-09-23 00:00:00",1477143,6780
"2022-09-22 00:00:00",1470363,0
"2022-09-21 00:00:00",1470363,3449
"2022-09-20 00:00:00",1466914,2748
"2022-09-19 00:00:00",1464166,3114
"2022-09-18 00:00:00",1461052,3719
"2022-09-17 00:00:00",1457333,3577
"2022-09-16 00:00:00",1453756,3598
"2022-09-15 00:00:00",1450158,3639
"2022-09-14 00:00:00",1446519,3566
"2022-09-13 00:00:00",1442953,2808
"2022-09-12 00:00:00",1440145,3302
"2022-09-11 00:00:00",1436843,3705
"2022-09-10 00:00:00",1433138,3912
"2022-09-09 00:00:00",1429226,4082
"2022-09-08 00:00:00",1425144,7886
"2022-09-07 00:00:00",1417258,0
"2022-09-06 00:00:00",1417258,3317
"2022-09-05 00:00:00",1413941,3929
"2022-09-04 00:00:00",1410012,4819
"2022-09-03 00:00:00",1405193,5092
"2022-09-02 00:00:00",1400101,4638
"2022-09-01 00:00:00",1395463,4476
"2022-08-31 00:00:00",1390987,4317
"2022-08-30 00:00:00",1386670,3667
"2022-08-29 00:00:00",1383003,4105
"2022-08-28 00:00:00",1378898,4805
"2022-08-27 00:00:00",1374093,4909
"2022-08-26 00:00:00",1369184,4950
"2022-08-25 00:00:00",1364234,5228
"2022-08-24 00:00:00",1359006,5113
"2022-08-23 00:00:00",1353893,5188
"2022-08-22 00:00:00",1348705,5188
"2022-08-21 00:00:00",1343517,5188
"2022-08-20 00:00:00",1338329,5188
"2022-08-19 00:00:00",1333141,5973
"2022-08-18 00:00:00",1327168,6130
"2022-08-17 00:00:00",1321038,5668
"2022-08-16 00:00:00",1315370,5248
"2022-08-15 00:00:00",1310122,5344
"2022-08-14 00:00:00",1304778,6471
"2022-08-13 00:00:00",1298307,7386
"2022-08-12 00:00:00",1290921,5880
"2022-08-11 00:00:00",1285041,6255
"2022-08-10 00:00:00",1278786,7031
"2022-08-09 00:00:00",1271755,7034
"2022-08-08 00:00:00",1264721,6935
"2022-08-07 00:00:00",1257786,6509
"2022-08-06 00:00:00",1251277,6887
"2022-08-05 00:00:00",1244390,6871
"2022-08-04 00:00:00",1237519,7044
"2022-08-03 00:00:00",1230475,7742
"2022-08-02 00:00:00",1222733,6714
"2022-08-01 00:00:00",1216019,7026
"2022-07-31 00:00:00",1208993,8420
"2022-07-30 00:00:00",1200573,8727
"2022-07-29 00:00:00",1191846,9011
"2022-07-28 00:00:00",1182835,9228
"2022-07-27 00:00:00",1173607,9281
"2022-07-26 00:00:00",1164326,7792
"2022-07-25 00:00:00",1156534,9021
"2022-07-24 00:00:00",1147513,11917
"2022-07-23 00:00:00",1135596,13831
"2022-07-22 00:00:00",1121765,15627
"2022-07-21 00:00:00",1106138,10065
"2022-07-20 00:00:00",1096073,9323
"2022-07-19 00:00:00",1086750,8485
"2022-07-18 00:00:00",1078265,9142
"2022-07-17 00:00:00",1069123,10604
"2022-07-16 00:00:00",1058519,11064
"2022-07-15 00:00:00",1047455,9936
"2022-07-14 00:00:00",1037519,19293
"2022-07-13 00:00:00",1018226,0
"2022-07-12 00:00:00",1018226,8725
"2022-07-11 00:00:00",1009501,9622
"2022-07-10 00:00:00",999879,11068
"2022-07-09 00:00:00",988811,11540
"2022-07-08 00:00:00",977271,12219
"2022-07-07 00:00:00",965052,12234
"2022-07-06 00:00:00",952818,12066
"2022-07-05 00:00:00",940752,11430
"2022-07-04 00:00:00",929322,13491
"2022-07-03 00:00:00",915831,16781
"2022-07-02 00:00:00",899050,18752
"2022-07-01 00:00:00",880298,19392
"2022-06-30 00:00:00",860906,21314
"2022-06-29 00:00:00",839592,23492
"2022-06-28 00:00:00",816100,21770
"2022-06-27 00:00:00",794330,27723
"2022-06-26 00:00:00",766607,39008
"2022-06-25 00:00:00",727599,48559
"2022-06-24 00:00:00",679040,126644
"2022-06-23 00:00:00",552396,0
"2022-06-22 00:00:00",552396,78161
"2022-06-21 00:00:00",474235,86260
"2022-06-20 00:00:00",387975,121501
"2022-06-19 00:00:00",266474,261269
"2022-06-18 00:00:00",5205,0