﻿"DateTime","Spotify Streams","Change"
"2023-05-17 00:00:00",3633500,5154
"2023-05-16 00:00:00",3628347,5154
"2023-05-15 00:00:00",3623193,5001
"2023-05-14 00:00:00",3618192,0
"2023-05-13 00:00:00",3618192,11847
"2023-05-12 00:00:00",3606345,6245
"2023-05-11 00:00:00",3600100,5907
"2023-05-10 00:00:00",3594193,6036
"2023-05-09 00:00:00",3588157,5093
"2023-05-08 00:00:00",3583064,5316
"2023-05-07 00:00:00",3577748,6231
"2023-05-06 00:00:00",3571517,6231
"2023-05-05 00:00:00",3565286,6233
"2023-05-04 00:00:00",3559053,6360
"2023-05-03 00:00:00",3552693,0
"2023-05-02 00:00:00",3552693,6262
"2023-05-01 00:00:00",3546431,11057
"2023-04-30 00:00:00",3535374,6753
"2023-04-29 00:00:00",3528621,6643
"2023-04-28 00:00:00",3521979,6643
"2023-04-27 00:00:00",3515336,3359
"2023-04-26 00:00:00",3511978,3359
"2023-04-25 00:00:00",3508619,6472
"2023-04-24 00:00:00",3502147,11376
"2023-04-23 00:00:00",3490771,6610
"2023-04-22 00:00:00",3484161,6534
"2023-04-21 00:00:00",3477628,6534
"2023-04-20 00:00:00",3471094,6506
"2023-04-19 00:00:00",3464588,5970
"2023-04-18 00:00:00",3458618,5970
"2023-04-17 00:00:00",3452648,6035
"2023-04-16 00:00:00",3446613,6773
"2023-04-15 00:00:00",3439840,7039
"2023-04-14 00:00:00",3432801,7009
"2023-04-13 00:00:00",3425792,6906
"2023-04-12 00:00:00",3418886,6643
"2023-04-11 00:00:00",3412243,5750
"2023-04-10 00:00:00",3406493,6455
"2023-04-09 00:00:00",3400038,0
"2023-04-08 00:00:00",3400038,14576
"2023-04-07 00:00:00",3385462,7639
"2023-04-06 00:00:00",3377823,7716
"2023-04-05 00:00:00",3370107,0
"2023-04-04 00:00:00",3370107,14674
"2023-04-03 00:00:00",3355433,7148
"2023-04-02 00:00:00",3348285,8226
"2023-04-01 00:00:00",3340059,8707
"2023-03-31 00:00:00",3331352,8792
"2023-03-30 00:00:00",3322560,8969
"2023-03-29 00:00:00",3313591,9026
"2023-03-28 00:00:00",3304565,7901
"2023-03-27 00:00:00",3296664,8266
"2023-03-26 00:00:00",3288398,9898
"2023-03-25 00:00:00",3278500,9881
"2023-03-24 00:00:00",3268619,10478
"2023-03-23 00:00:00",3258141,10334
"2023-03-22 00:00:00",3247807,9131
"2023-03-21 00:00:00",3238676,7415
"2023-03-20 00:00:00",3231261,8020
"2023-03-19 00:00:00",3223241,9206
"2023-03-18 00:00:00",3214035,8936
"2023-03-17 00:00:00",3205099,8818
"2023-03-16 00:00:00",3196281,8771
"2023-03-15 00:00:00",3187510,8952
"2023-03-14 00:00:00",3178558,7891
"2023-03-13 00:00:00",3170667,8408
"2023-03-12 00:00:00",3162259,0
"2023-03-11 00:00:00",3162259,19066
"2023-03-10 00:00:00",3143193,9892
"2023-03-09 00:00:00",3133301,10088
"2023-03-08 00:00:00",3123213,9530
"2023-03-07 00:00:00",3113683,8364
"2023-03-06 00:00:00",3105319,0
"2023-03-05 00:00:00",3105319,19410
"2023-03-04 00:00:00",3085909,10835
"2023-03-03 00:00:00",3075074,10660
"2023-03-02 00:00:00",3064414,10679
"2023-03-01 00:00:00",3053735,10588
"2023-02-28 00:00:00",3043147,8663
"2023-02-27 00:00:00",3034484,9266
"2023-02-26 00:00:00",3025218,10913
"2023-02-25 00:00:00",3014305,11049
"2023-02-24 00:00:00",3003256,11335
"2023-02-23 00:00:00",2991921,11511
"2023-02-22 00:00:00",2980410,10376
"2023-02-21 00:00:00",2970034,9574
"2023-02-20 00:00:00",2960460,10189
"2023-02-19 00:00:00",2950271,0
"2023-02-18 00:00:00",2950271,23593
"2023-02-17 00:00:00",2926678,11726
"2023-02-16 00:00:00",2914952,12073
"2023-02-15 00:00:00",2902879,11419
"2023-02-14 00:00:00",2891460,10317
"2023-02-13 00:00:00",2881143,11164
"2023-02-12 00:00:00",2869979,13841
"2023-02-11 00:00:00",2856138,14052
"2023-02-10 00:00:00",2842086,14588
"2023-02-09 00:00:00",2827498,13769
"2023-02-08 00:00:00",2813729,13850
"2023-02-07 00:00:00",2799879,11284
"2023-02-06 00:00:00",2788595,12198
"2023-02-05 00:00:00",2776397,14283
"2023-02-04 00:00:00",2762114,14863
"2023-02-03 00:00:00",2747251,14868
"2023-02-02 00:00:00",2732383,15340
"2023-02-01 00:00:00",2717043,15193
"2023-01-31 00:00:00",2701850,12426
"2023-01-30 00:00:00",2689424,13998
"2023-01-29 00:00:00",2675426,16281
"2023-01-28 00:00:00",2659145,16272
"2023-01-27 00:00:00",2642873,16734
"2023-01-26 00:00:00",2626139,17445
"2023-01-25 00:00:00",2608694,17133
"2023-01-24 00:00:00",2591561,14233
"2023-01-23 00:00:00",2577328,16155
"2023-01-22 00:00:00",2561173,19231
"2023-01-21 00:00:00",2541942,19684
"2023-01-20 00:00:00",2522258,20542
"2023-01-19 00:00:00",2501716,20853
"2023-01-18 00:00:00",2480863,19587
"2023-01-17 00:00:00",2461276,17466
"2023-01-16 00:00:00",2443810,18777
"2023-01-15 00:00:00",2425033,22610
"2023-01-14 00:00:00",2402423,23577
"2023-01-13 00:00:00",2378846,23856
"2023-01-12 00:00:00",2354990,24650
"2023-01-11 00:00:00",2330340,24633
"2023-01-10 00:00:00",2305707,20436
"2023-01-09 00:00:00",2285271,22419
"2023-01-08 00:00:00",2262852,27027
"2023-01-07 00:00:00",2235825,28223
"2023-01-06 00:00:00",2207602,29871
"2023-01-05 00:00:00",2177731,29846
"2023-01-04 00:00:00",2147885,27158
"2023-01-03 00:00:00",2120727,23614
"2023-01-02 00:00:00",2097113,30091
"2023-01-01 00:00:00",2067022,34958
"2022-12-31 00:00:00",2032064,34370
"2022-12-30 00:00:00",1997694,35374
"2022-12-29 00:00:00",1962320,35259
"2022-12-28 00:00:00",1927061,32565
"2022-12-27 00:00:00",1894496,28607
"2022-12-26 00:00:00",1865889,37499
"2022-12-25 00:00:00",1828390,46675
"2022-12-24 00:00:00",1781715,46519
"2022-12-23 00:00:00",1735196,49848
"2022-12-22 00:00:00",1685348,52161
"2022-12-21 00:00:00",1633187,56224
"2022-12-20 00:00:00",1576963,49425
"2022-12-19 00:00:00",1527538,62707
"2022-12-18 00:00:00",1464831,79633
"2022-12-17 00:00:00",1385198,92840
"2022-12-16 00:00:00",1292358,105430
"2022-12-15 00:00:00",1186928,124651
"2022-12-14 00:00:00",1062277,156748
"2022-12-13 00:00:00",905529,154162
"2022-12-12 00:00:00",751367,229157
"2022-12-11 00:00:00",522210,515597
"2022-12-10 00:00:00",6613,0