﻿"DateTime","Spotify Streams","Change"
"2023-05-09 00:00:00",10798459,34649
"2023-05-08 00:00:00",10763810,19651
"2023-05-07 00:00:00",10744159,0
"2023-05-06 00:00:00",10744159,34804
"2023-05-05 00:00:00",10709355,14718
"2023-05-04 00:00:00",10694637,0
"2023-05-03 00:00:00",10694637,20477
"2023-05-02 00:00:00",10674160,20477
"2023-05-01 00:00:00",10653683,7300
"2023-04-30 00:00:00",10646383,7300
"2023-04-29 00:00:00",10639083,15435
"2023-04-28 00:00:00",10623649,15435
"2023-04-27 00:00:00",10608214,30695
"2023-04-26 00:00:00",10577519,14888
"2023-04-25 00:00:00",10562631,12397
"2023-04-24 00:00:00",10550234,14174
"2023-04-23 00:00:00",10536060,16046
"2023-04-22 00:00:00",10520014,16046
"2023-04-21 00:00:00",10503969,16046
"2023-04-20 00:00:00",10487923,16232
"2023-04-19 00:00:00",10471691,15928
"2023-04-18 00:00:00",10455763,0
"2023-04-17 00:00:00",10455763,28398
"2023-04-16 00:00:00",10427365,0
"2023-04-15 00:00:00",10427365,33602
"2023-04-14 00:00:00",10393763,17024
"2023-04-13 00:00:00",10376739,17399
"2023-04-12 00:00:00",10359340,0
"2023-04-11 00:00:00",10359340,29346
"2023-04-10 00:00:00",10329994,16863
"2023-04-09 00:00:00",10313131,17600
"2023-04-08 00:00:00",10295531,20119
"2023-04-07 00:00:00",10275412,19265
"2023-04-06 00:00:00",10256147,17461
"2023-04-05 00:00:00",10238686,17355
"2023-04-04 00:00:00",10221331,14702
"2023-04-03 00:00:00",10206629,16769
"2023-04-02 00:00:00",10189860,18989
"2023-04-01 00:00:00",10170871,19133
"2023-03-31 00:00:00",10151738,18935
"2023-03-30 00:00:00",10132803,18976
"2023-03-29 00:00:00",10113827,17413
"2023-03-28 00:00:00",10096414,14379
"2023-03-27 00:00:00",10082035,16464
"2023-03-26 00:00:00",10065571,18653
"2023-03-25 00:00:00",10046918,18985
"2023-03-24 00:00:00",10027933,20681
"2023-03-23 00:00:00",10007252,0
"2023-03-22 00:00:00",10007252,43540
"2023-03-21 00:00:00",9963712,16714
"2023-03-20 00:00:00",9946998,17389
"2023-03-19 00:00:00",9929609,18932
"2023-03-18 00:00:00",9910677,0
"2023-03-17 00:00:00",9910677,37658
"2023-03-16 00:00:00",9873019,0
"2023-03-15 00:00:00",9873019,37041
"2023-03-14 00:00:00",9835978,16077
"2023-03-13 00:00:00",9819901,0
"2023-03-12 00:00:00",9819901,42267
"2023-03-11 00:00:00",9777634,21175
"2023-03-10 00:00:00",9756459,21435
"2023-03-09 00:00:00",9735024,21236
"2023-03-08 00:00:00",9713788,22346
"2023-03-07 00:00:00",9691442,17967
"2023-03-06 00:00:00",9673475,19646
"2023-03-05 00:00:00",9653829,22819
"2023-03-04 00:00:00",9631010,22530
"2023-03-03 00:00:00",9608480,22217
"2023-03-02 00:00:00",9586263,0
"2023-03-01 00:00:00",9586263,43563
"2023-02-28 00:00:00",9542700,18215
"2023-02-27 00:00:00",9524485,20240
"2023-02-26 00:00:00",9504245,22443
"2023-02-25 00:00:00",9481802,20968
"2023-02-24 00:00:00",9460834,20825
"2023-02-23 00:00:00",9440009,21004
"2023-02-22 00:00:00",9419005,20390
"2023-02-21 00:00:00",9398615,18041
"2023-02-20 00:00:00",9380574,20233
"2023-02-19 00:00:00",9360341,21381
"2023-02-18 00:00:00",9338960,21340
"2023-02-17 00:00:00",9317620,0
"2023-02-16 00:00:00",9317620,44140
"2023-02-15 00:00:00",9273480,20949
"2023-02-14 00:00:00",9252531,17993
"2023-02-13 00:00:00",9234538,18843
"2023-02-12 00:00:00",9215695,21044
"2023-02-11 00:00:00",9194651,21805
"2023-02-10 00:00:00",9172846,22751
"2023-02-09 00:00:00",9150095,22855
"2023-02-08 00:00:00",9127240,22623
"2023-02-07 00:00:00",9104617,19184
"2023-02-06 00:00:00",9085433,20870
"2023-02-05 00:00:00",9064563,0
"2023-02-04 00:00:00",9064563,22367
"2023-02-03 00:00:00",9042196,22192
"2023-02-02 00:00:00",9020004,43189
"2023-02-01 00:00:00",8976815,21021
"2023-01-31 00:00:00",8955794,0
"2023-01-30 00:00:00",8955794,38845
"2023-01-29 00:00:00",8916949,23711
"2023-01-28 00:00:00",8893238,22978
"2023-01-27 00:00:00",8870260,22465
"2023-01-26 00:00:00",8847795,0
"2023-01-25 00:00:00",8847795,45029
"2023-01-24 00:00:00",8802766,18795
"2023-01-23 00:00:00",8783971,21419
"2023-01-22 00:00:00",8762552,0
"2023-01-21 00:00:00",8762552,47186
"2023-01-20 00:00:00",8715366,24273
"2023-01-19 00:00:00",8691093,24196
"2023-01-18 00:00:00",8666897,23514
"2023-01-17 00:00:00",8643383,20829
"2023-01-16 00:00:00",8622554,23462
"2023-01-15 00:00:00",8599092,25577
"2023-01-14 00:00:00",8573515,25399
"2023-01-13 00:00:00",8548116,26291
"2023-01-12 00:00:00",8521825,25438
"2023-01-11 00:00:00",8496387,25340
"2023-01-10 00:00:00",8471047,21674
"2023-01-09 00:00:00",8449373,23857
"2023-01-08 00:00:00",8425516,26189
"2023-01-07 00:00:00",8399327,26920
"2023-01-06 00:00:00",8372407,26881
"2023-01-05 00:00:00",8345526,26675
"2023-01-04 00:00:00",8318851,25500
"2023-01-03 00:00:00",8293351,20918
"2023-01-02 00:00:00",8272433,29223
"2023-01-01 00:00:00",8243210,34185
"2022-12-31 00:00:00",8209025,34554
"2022-12-30 00:00:00",8174471,35471
"2022-12-29 00:00:00",8139000,35372
"2022-12-28 00:00:00",8103628,23761
"2022-12-27 00:00:00",8079867,18989
"2022-12-26 00:00:00",8060878,24431
"2022-12-25 00:00:00",8036447,29765
"2022-12-24 00:00:00",8006682,28598
"2022-12-23 00:00:00",7978084,18112
"2022-12-22 00:00:00",7959972,17220
"2022-12-21 00:00:00",7942752,16577
"2022-12-20 00:00:00",7926175,14121
"2022-12-19 00:00:00",7912054,17043
"2022-12-18 00:00:00",7895011,18544
"2022-12-17 00:00:00",7876467,19018
"2022-12-16 00:00:00",7857449,18829
"2022-12-15 00:00:00",7838620,19158
"2022-12-14 00:00:00",7819462,18882
"2022-12-13 00:00:00",7800580,0
"2022-12-12 00:00:00",7800580,34740
"2022-12-11 00:00:00",7765840,20515
"2022-12-10 00:00:00",7745325,20769
"2022-12-09 00:00:00",7724556,20328
"2022-12-08 00:00:00",7704228,19379
"2022-12-07 00:00:00",7684849,18167
"2022-12-06 00:00:00",7666682,20148
"2022-12-05 00:00:00",7646534,20148
"2022-12-04 00:00:00",7626386,20148
"2022-12-03 00:00:00",7606239,20148
"2022-12-02 00:00:00",7586091,20148
"2022-12-01 00:00:00",7565943,0
"2022-11-30 00:00:00",7565943,40631
"2022-11-29 00:00:00",7525312,17504
"2022-11-28 00:00:00",7507808,19435
"2022-11-27 00:00:00",7488373,20118
"2022-11-26 00:00:00",7468255,21136
"2022-11-25 00:00:00",7447119,23006
"2022-11-24 00:00:00",7424113,24295
"2022-11-23 00:00:00",7399818,0
"2022-11-22 00:00:00",7399818,51837
"2022-11-21 00:00:00",7347981,27784
"2022-11-20 00:00:00",7320197,29124
"2022-11-19 00:00:00",7291073,27435
"2022-11-18 00:00:00",7263638,27140
"2022-11-17 00:00:00",7236498,26931
"2022-11-16 00:00:00",7209567,26227
"2022-11-15 00:00:00",7183340,22911
"2022-11-14 00:00:00",7160429,25694
"2022-11-13 00:00:00",7134735,29163
"2022-11-12 00:00:00",7105572,29187
"2022-11-11 00:00:00",7076385,29149
"2022-11-10 00:00:00",7047236,29421
"2022-11-09 00:00:00",7017815,28075
"2022-11-08 00:00:00",6989740,23412
"2022-11-07 00:00:00",6966328,26220
"2022-11-06 00:00:00",6940108,28900
"2022-11-05 00:00:00",6911208,31058
"2022-11-04 00:00:00",6880150,30111
"2022-11-03 00:00:00",6850039,28150
"2022-11-02 00:00:00",6821889,29756
"2022-11-01 00:00:00",6792133,26188
"2022-10-31 00:00:00",6765945,29239
"2022-10-30 00:00:00",6736706,33364
"2022-10-29 00:00:00",6703342,33364
"2022-10-28 00:00:00",6669978,32510
"2022-10-27 00:00:00",6637468,32725
"2022-10-26 00:00:00",6604743,33016
"2022-10-25 00:00:00",6571727,28086
"2022-10-24 00:00:00",6543641,31740
"2022-10-23 00:00:00",6511901,35804
"2022-10-22 00:00:00",6476097,36318
"2022-10-21 00:00:00",6439779,36031
"2022-10-20 00:00:00",6403748,33377
"2022-10-19 00:00:00",6370371,31238
"2022-10-18 00:00:00",6339133,27293
"2022-10-17 00:00:00",6311840,32144
"2022-10-16 00:00:00",6279696,33932
"2022-10-15 00:00:00",6245764,66001
"2022-10-14 00:00:00",6179763,0
"2022-10-13 00:00:00",6179763,30968
"2022-10-12 00:00:00",6148795,30128
"2022-10-11 00:00:00",6118667,25848
"2022-10-10 00:00:00",6092819,29714
"2022-10-09 00:00:00",6063105,31727
"2022-10-08 00:00:00",6031378,31721
"2022-10-07 00:00:00",5999657,31439
"2022-10-06 00:00:00",5968218,31151
"2022-10-05 00:00:00",5937067,29467
"2022-10-04 00:00:00",5907600,25600
"2022-10-03 00:00:00",5882000,28687
"2022-10-02 00:00:00",5853313,31254
"2022-10-01 00:00:00",5822059,32520
"2022-09-30 00:00:00",5789539,31463
"2022-09-29 00:00:00",5758076,31513
"2022-09-28 00:00:00",5726563,30727
"2022-09-27 00:00:00",5695836,26091
"2022-09-26 00:00:00",5669745,29875
"2022-09-25 00:00:00",5639870,33446
"2022-09-24 00:00:00",5606424,34603
"2022-09-23 00:00:00",5571821,35589
"2022-09-22 00:00:00",5536232,35515
"2022-09-21 00:00:00",5500717,33492
"2022-09-20 00:00:00",5467225,29431
"2022-09-19 00:00:00",5437794,33044
"2022-09-18 00:00:00",5404750,35260
"2022-09-17 00:00:00",5369490,34715
"2022-09-16 00:00:00",5334775,35098
"2022-09-15 00:00:00",5299677,34758
"2022-09-14 00:00:00",5264919,34625
"2022-09-13 00:00:00",5230294,29815
"2022-09-12 00:00:00",5200479,34453
"2022-09-11 00:00:00",5166026,37209
"2022-09-10 00:00:00",5128817,37649
"2022-09-09 00:00:00",5091168,36008
"2022-09-08 00:00:00",5055160,71701
"2022-09-07 00:00:00",4983459,0
"2022-09-06 00:00:00",4983459,31636
"2022-09-05 00:00:00",4951823,36265
"2022-09-04 00:00:00",4915558,40617
"2022-09-03 00:00:00",4874941,40166
"2022-09-02 00:00:00",4834775,39191
"2022-09-01 00:00:00",4795584,38940
"2022-08-31 00:00:00",4756644,37141
"2022-08-30 00:00:00",4719503,33411
"2022-08-29 00:00:00",4686092,38054
"2022-08-28 00:00:00",4648038,40837
"2022-08-27 00:00:00",4607201,41178
"2022-08-26 00:00:00",4566023,39711
"2022-08-25 00:00:00",4526312,39438
"2022-08-24 00:00:00",4486874,38603
"2022-08-23 00:00:00",4448271,0
"2022-08-22 00:00:00",4448271,56402
"2022-08-21 00:00:00",4391870,56402
"2022-08-20 00:00:00",4335468,41803
"2022-08-19 00:00:00",4293665,41803
"2022-08-18 00:00:00",4251862,42081
"2022-08-17 00:00:00",4209781,39683
"2022-08-16 00:00:00",4170098,34980
"2022-08-15 00:00:00",4135118,38929
"2022-08-14 00:00:00",4096189,43312
"2022-08-13 00:00:00",4052877,43964
"2022-08-12 00:00:00",4008913,42640
"2022-08-11 00:00:00",3966273,43048
"2022-08-10 00:00:00",3923225,43622
"2022-08-09 00:00:00",3879603,38412
"2022-08-08 00:00:00",3841191,43635
"2022-08-07 00:00:00",3797556,47415
"2022-08-06 00:00:00",3750141,49304
"2022-08-05 00:00:00",3700837,49027
"2022-08-04 00:00:00",3651810,50495
"2022-08-03 00:00:00",3601315,50092
"2022-08-02 00:00:00",3551223,44900
"2022-08-01 00:00:00",3506323,50637
"2022-07-31 00:00:00",3455686,56110
"2022-07-30 00:00:00",3399576,54337
"2022-07-29 00:00:00",3345239,54055
"2022-07-28 00:00:00",3291184,54485
"2022-07-27 00:00:00",3236699,53752
"2022-07-26 00:00:00",3182947,49088
"2022-07-25 00:00:00",3133859,55570
"2022-07-24 00:00:00",3078289,61368
"2022-07-23 00:00:00",3016921,62268
"2022-07-22 00:00:00",2954653,63242
"2022-07-21 00:00:00",2891411,65145
"2022-07-20 00:00:00",2826266,66487
"2022-07-19 00:00:00",2759779,59354
"2022-07-18 00:00:00",2700425,67529
"2022-07-17 00:00:00",2632896,73977
"2022-07-16 00:00:00",2558919,73192
"2022-07-15 00:00:00",2485727,74955
"2022-07-14 00:00:00",2410772,78727
"2022-07-13 00:00:00",2332045,81395
"2022-07-12 00:00:00",2250650,74781
"2022-07-11 00:00:00",2175869,86945
"2022-07-10 00:00:00",2088924,99105
"2022-07-09 00:00:00",1989819,93422
"2022-07-08 00:00:00",1896397,86594
"2022-07-07 00:00:00",1809803,89050
"2022-07-06 00:00:00",1720753,90911
"2022-07-05 00:00:00",1629842,84200
"2022-07-04 00:00:00",1545642,102899
"2022-07-03 00:00:00",1442743,122299
"2022-07-02 00:00:00",1320444,137365
"2022-07-01 00:00:00",1183079,152817
"2022-06-30 00:00:00",1030262,163799
"2022-06-29 00:00:00",866463,180310
"2022-06-28 00:00:00",686153,173283
"2022-06-27 00:00:00",512870,226684
"2022-06-26 00:00:00",286186,277748
"2022-06-25 00:00:00",8438,0