﻿"DateTime","Spotify Streams","Change"
"2023-05-15 00:00:00",1082221,1908
"2023-05-14 00:00:00",1080313,1908
"2023-05-13 00:00:00",1078405,4363
"2023-05-12 00:00:00",1074042,2043
"2023-05-11 00:00:00",1071999,2030
"2023-05-10 00:00:00",1069969,1849
"2023-05-09 00:00:00",1068120,1710
"2023-05-08 00:00:00",1066410,1919
"2023-05-07 00:00:00",1064491,2077
"2023-05-06 00:00:00",1062414,2055
"2023-05-05 00:00:00",1060359,2262
"2023-05-04 00:00:00",1058097,1952
"2023-05-03 00:00:00",1056145,1930
"2023-05-02 00:00:00",1054215,1930
"2023-05-01 00:00:00",1052285,1930
"2023-04-30 00:00:00",1050355,2186
"2023-04-29 00:00:00",1048169,2246
"2023-04-28 00:00:00",1045923,1109
"2023-04-27 00:00:00",1044815,1109
"2023-04-26 00:00:00",1043706,3061
"2023-04-25 00:00:00",1040645,3061
"2023-04-24 00:00:00",1037584,1045
"2023-04-23 00:00:00",1036540,1045
"2023-04-22 00:00:00",1035495,4797
"2023-04-21 00:00:00",1030698,2107
"2023-04-20 00:00:00",1028591,2136
"2023-04-19 00:00:00",1026455,2102
"2023-04-18 00:00:00",1024353,0
"2023-04-17 00:00:00",1024353,3952
"2023-04-16 00:00:00",1020401,2414
"2023-04-15 00:00:00",1017987,2326
"2023-04-14 00:00:00",1015661,0
"2023-04-13 00:00:00",1015661,4516
"2023-04-12 00:00:00",1011145,2107
"2023-04-11 00:00:00",1009038,1874
"2023-04-10 00:00:00",1007164,2084
"2023-04-09 00:00:00",1005080,0
"2023-04-08 00:00:00",1005080,4676
"2023-04-07 00:00:00",1000404,2320
"2023-04-06 00:00:00",998084,2267
"2023-04-05 00:00:00",995817,2204
"2023-04-04 00:00:00",993613,0
"2023-04-03 00:00:00",993613,4228
"2023-04-02 00:00:00",989385,2386
"2023-04-01 00:00:00",986999,0
"2023-03-31 00:00:00",986999,5039
"2023-03-30 00:00:00",981960,2369
"2023-03-29 00:00:00",979591,2330
"2023-03-28 00:00:00",977261,2187
"2023-03-27 00:00:00",975074,2350
"2023-03-26 00:00:00",972724,2652
"2023-03-25 00:00:00",970072,2607
"2023-03-24 00:00:00",967465,2564
"2023-03-23 00:00:00",964901,2628
"2023-03-22 00:00:00",962273,2593
"2023-03-21 00:00:00",959680,2301
"2023-03-20 00:00:00",957379,0
"2023-03-19 00:00:00",957379,5379
"2023-03-18 00:00:00",952000,2638
"2023-03-17 00:00:00",949362,2493
"2023-03-16 00:00:00",946869,2482
"2023-03-15 00:00:00",944387,2434
"2023-03-14 00:00:00",941953,2274
"2023-03-13 00:00:00",939679,2515
"2023-03-12 00:00:00",937164,2850
"2023-03-11 00:00:00",934314,2816
"2023-03-10 00:00:00",931498,2789
"2023-03-09 00:00:00",928709,2813
"2023-03-08 00:00:00",925896,2772
"2023-03-07 00:00:00",923124,2484
"2023-03-06 00:00:00",920640,2812
"2023-03-05 00:00:00",917828,0
"2023-03-04 00:00:00",917828,6276
"2023-03-03 00:00:00",911552,3075
"2023-03-02 00:00:00",908477,3054
"2023-03-01 00:00:00",905423,3255
"2023-02-28 00:00:00",902168,2946
"2023-02-27 00:00:00",899222,3378
"2023-02-26 00:00:00",895844,3827
"2023-02-25 00:00:00",892017,3537
"2023-02-24 00:00:00",888480,3707
"2023-02-23 00:00:00",884773,3948
"2023-02-22 00:00:00",880825,3431
"2023-02-21 00:00:00",877394,3284
"2023-02-20 00:00:00",874110,3715
"2023-02-19 00:00:00",870395,4096
"2023-02-18 00:00:00",866299,3708
"2023-02-17 00:00:00",862591,0
"2023-02-16 00:00:00",862591,7502
"2023-02-15 00:00:00",855089,3792
"2023-02-14 00:00:00",851297,0
"2023-02-13 00:00:00",851297,7533
"2023-02-12 00:00:00",843764,4359
"2023-02-11 00:00:00",839405,4334
"2023-02-10 00:00:00",835071,4140
"2023-02-09 00:00:00",830931,3894
"2023-02-08 00:00:00",827037,3810
"2023-02-07 00:00:00",823227,3269
"2023-02-06 00:00:00",819958,3403
"2023-02-05 00:00:00",816555,3566
"2023-02-04 00:00:00",812989,3522
"2023-02-03 00:00:00",809467,0
"2023-02-02 00:00:00",809467,6856
"2023-02-01 00:00:00",802611,3345
"2023-01-31 00:00:00",799266,3201
"2023-01-30 00:00:00",796065,3646
"2023-01-29 00:00:00",792419,3859
"2023-01-28 00:00:00",788561,3859
"2023-01-27 00:00:00",784702,3423
"2023-01-26 00:00:00",781279,0
"2023-01-25 00:00:00",781279,6796
"2023-01-24 00:00:00",774483,2977
"2023-01-23 00:00:00",771506,3389
"2023-01-22 00:00:00",768117,3734
"2023-01-21 00:00:00",764383,3967
"2023-01-20 00:00:00",760416,0
"2023-01-19 00:00:00",760416,7770
"2023-01-18 00:00:00",752646,3539
"2023-01-17 00:00:00",749107,3610
"2023-01-16 00:00:00",745497,3600
"2023-01-15 00:00:00",741897,4214
"2023-01-14 00:00:00",737683,4091
"2023-01-13 00:00:00",733592,3847
"2023-01-12 00:00:00",729745,3822
"2023-01-11 00:00:00",725923,3687
"2023-01-10 00:00:00",722236,3284
"2023-01-09 00:00:00",718952,3550
"2023-01-08 00:00:00",715402,4008
"2023-01-07 00:00:00",711394,0
"2023-01-06 00:00:00",711394,8159
"2023-01-05 00:00:00",703235,3780
"2023-01-04 00:00:00",699455,3476
"2023-01-03 00:00:00",695979,3266
"2023-01-02 00:00:00",692713,3838
"2023-01-01 00:00:00",688875,3982
"2022-12-31 00:00:00",684893,4020
"2022-12-30 00:00:00",680873,3875
"2022-12-29 00:00:00",676998,3838
"2022-12-28 00:00:00",673160,3343
"2022-12-27 00:00:00",669817,0
"2022-12-26 00:00:00",669817,6500
"2022-12-25 00:00:00",663317,4231
"2022-12-24 00:00:00",659086,4486
"2022-12-23 00:00:00",654600,4853
"2022-12-22 00:00:00",649747,4734
"2022-12-21 00:00:00",645013,4552
"2022-12-20 00:00:00",640461,4120
"2022-12-19 00:00:00",636341,4909
"2022-12-18 00:00:00",631432,5498
"2022-12-17 00:00:00",625934,5374
"2022-12-16 00:00:00",620560,5372
"2022-12-15 00:00:00",615188,5059
"2022-12-14 00:00:00",610129,4894
"2022-12-13 00:00:00",605235,4484
"2022-12-12 00:00:00",600751,4950
"2022-12-11 00:00:00",595801,5467
"2022-12-10 00:00:00",590334,5737
"2022-12-09 00:00:00",584597,5662
"2022-12-08 00:00:00",578935,5618
"2022-12-07 00:00:00",573317,6069
"2022-12-06 00:00:00",567248,6069
"2022-12-05 00:00:00",561178,6069
"2022-12-04 00:00:00",555109,6069
"2022-12-03 00:00:00",549040,6069
"2022-12-02 00:00:00",542971,6069
"2022-12-01 00:00:00",536901,6069
"2022-11-30 00:00:00",530832,6735
"2022-11-29 00:00:00",524097,5799
"2022-11-28 00:00:00",518298,6678
"2022-11-27 00:00:00",511620,7049
"2022-11-26 00:00:00",504571,6955
"2022-11-25 00:00:00",497616,8672
"2022-11-24 00:00:00",488944,8673
"2022-11-23 00:00:00",480271,8325
"2022-11-22 00:00:00",471946,6994
"2022-11-21 00:00:00",464952,8392
"2022-11-20 00:00:00",456560,9676
"2022-11-19 00:00:00",446884,9801
"2022-11-18 00:00:00",437083,10105
"2022-11-17 00:00:00",426978,9900
"2022-11-16 00:00:00",417078,10159
"2022-11-15 00:00:00",406919,9336
"2022-11-14 00:00:00",397583,11135
"2022-11-13 00:00:00",386448,13392
"2022-11-12 00:00:00",373056,14297
"2022-11-11 00:00:00",358759,14420
"2022-11-10 00:00:00",344339,15499
"2022-11-09 00:00:00",328840,17118
"2022-11-08 00:00:00",311722,0
"2022-11-07 00:00:00",311722,30890
"2022-11-06 00:00:00",280832,23315
"2022-11-05 00:00:00",257517,28973
"2022-11-04 00:00:00",228544,29762
"2022-11-03 00:00:00",198782,30029
"2022-11-02 00:00:00",168753,34418
"2022-11-01 00:00:00",134335,34023
"2022-10-31 00:00:00",100312,42153
"2022-10-30 00:00:00",58159,0