﻿"DateTime","Spotify Streams","Change"
"2023-05-15 00:00:00",1330253,2508
"2023-05-14 00:00:00",1327745,2508
"2023-05-13 00:00:00",1325237,5832
"2023-05-12 00:00:00",1319405,2520
"2023-05-11 00:00:00",1316885,2531
"2023-05-10 00:00:00",1314354,2527
"2023-05-09 00:00:00",1311827,2075
"2023-05-08 00:00:00",1309752,2579
"2023-05-07 00:00:00",1307173,2646
"2023-05-06 00:00:00",1304527,2572
"2023-05-05 00:00:00",1301955,2693
"2023-05-04 00:00:00",1299262,2519
"2023-05-03 00:00:00",1296743,2459
"2023-05-02 00:00:00",1294284,2459
"2023-05-01 00:00:00",1291825,2459
"2023-04-30 00:00:00",1289366,2806
"2023-04-29 00:00:00",1286560,2726
"2023-04-28 00:00:00",1283834,1410
"2023-04-27 00:00:00",1282424,1410
"2023-04-26 00:00:00",1281014,3818
"2023-04-25 00:00:00",1277197,3818
"2023-04-24 00:00:00",1273379,1304
"2023-04-23 00:00:00",1272075,1304
"2023-04-22 00:00:00",1270771,5787
"2023-04-21 00:00:00",1264984,2672
"2023-04-20 00:00:00",1262312,2564
"2023-04-19 00:00:00",1259748,2623
"2023-04-18 00:00:00",1257125,0
"2023-04-17 00:00:00",1257125,5328
"2023-04-16 00:00:00",1251797,3007
"2023-04-15 00:00:00",1248790,2935
"2023-04-14 00:00:00",1245855,0
"2023-04-13 00:00:00",1245855,5991
"2023-04-12 00:00:00",1239864,2954
"2023-04-11 00:00:00",1236910,2594
"2023-04-10 00:00:00",1234316,2890
"2023-04-09 00:00:00",1231426,0
"2023-04-08 00:00:00",1231426,6380
"2023-04-07 00:00:00",1225046,3076
"2023-04-06 00:00:00",1221970,3006
"2023-04-05 00:00:00",1218964,3305
"2023-04-04 00:00:00",1215659,0
"2023-04-03 00:00:00",1215659,5669
"2023-04-02 00:00:00",1209990,3325
"2023-04-01 00:00:00",1206665,0
"2023-03-31 00:00:00",1206665,6725
"2023-03-30 00:00:00",1199940,3225
"2023-03-29 00:00:00",1196715,3133
"2023-03-28 00:00:00",1193582,2890
"2023-03-27 00:00:00",1190692,3145
"2023-03-26 00:00:00",1187547,3670
"2023-03-25 00:00:00",1183877,3423
"2023-03-24 00:00:00",1180454,3447
"2023-03-23 00:00:00",1177007,3551
"2023-03-22 00:00:00",1173456,3361
"2023-03-21 00:00:00",1170095,3258
"2023-03-20 00:00:00",1166837,0
"2023-03-19 00:00:00",1166837,7488
"2023-03-18 00:00:00",1159349,3326
"2023-03-17 00:00:00",1156023,3246
"2023-03-16 00:00:00",1152777,3177
"2023-03-15 00:00:00",1149600,3155
"2023-03-14 00:00:00",1146445,3036
"2023-03-13 00:00:00",1143409,3407
"2023-03-12 00:00:00",1140002,3714
"2023-03-11 00:00:00",1136288,3747
"2023-03-10 00:00:00",1132541,3646
"2023-03-09 00:00:00",1128895,3668
"2023-03-08 00:00:00",1125227,3591
"2023-03-07 00:00:00",1121636,3326
"2023-03-06 00:00:00",1118310,3755
"2023-03-05 00:00:00",1114555,0
"2023-03-04 00:00:00",1114555,8389
"2023-03-03 00:00:00",1106166,4119
"2023-03-02 00:00:00",1102047,4332
"2023-03-01 00:00:00",1097715,4184
"2023-02-28 00:00:00",1093531,4188
"2023-02-27 00:00:00",1089343,4421
"2023-02-26 00:00:00",1084922,4947
"2023-02-25 00:00:00",1079975,4650
"2023-02-24 00:00:00",1075325,4955
"2023-02-23 00:00:00",1070370,4968
"2023-02-22 00:00:00",1065402,4217
"2023-02-21 00:00:00",1061185,4194
"2023-02-20 00:00:00",1056991,4622
"2023-02-19 00:00:00",1052369,5338
"2023-02-18 00:00:00",1047031,4757
"2023-02-17 00:00:00",1042274,0
"2023-02-16 00:00:00",1042274,9953
"2023-02-15 00:00:00",1032321,5069
"2023-02-14 00:00:00",1027252,0
"2023-02-13 00:00:00",1027252,9999
"2023-02-12 00:00:00",1017253,5962
"2023-02-11 00:00:00",1011291,6122
"2023-02-10 00:00:00",1005169,5625
"2023-02-09 00:00:00",999544,4823
"2023-02-08 00:00:00",994721,4823
"2023-02-07 00:00:00",989898,4048
"2023-02-06 00:00:00",985850,4223
"2023-02-05 00:00:00",981627,4505
"2023-02-04 00:00:00",977122,4612
"2023-02-03 00:00:00",972510,0
"2023-02-02 00:00:00",972510,8942
"2023-02-01 00:00:00",963568,4291
"2023-01-31 00:00:00",959277,4067
"2023-01-30 00:00:00",955210,4745
"2023-01-29 00:00:00",950465,4813
"2023-01-28 00:00:00",945653,4813
"2023-01-27 00:00:00",940840,4585
"2023-01-26 00:00:00",936255,0
"2023-01-25 00:00:00",936255,8897
"2023-01-24 00:00:00",927358,3775
"2023-01-23 00:00:00",923583,4397
"2023-01-22 00:00:00",919186,4766
"2023-01-21 00:00:00",914420,4909
"2023-01-20 00:00:00",909511,0
"2023-01-19 00:00:00",909511,9465
"2023-01-18 00:00:00",900046,4385
"2023-01-17 00:00:00",895661,4133
"2023-01-16 00:00:00",891528,4581
"2023-01-15 00:00:00",886947,5091
"2023-01-14 00:00:00",881856,5028
"2023-01-13 00:00:00",876828,4899
"2023-01-12 00:00:00",871929,4951
"2023-01-11 00:00:00",866978,4651
"2023-01-10 00:00:00",862327,4037
"2023-01-09 00:00:00",858290,4530
"2023-01-08 00:00:00",853760,5156
"2023-01-07 00:00:00",848604,0
"2023-01-06 00:00:00",848604,10259
"2023-01-05 00:00:00",838345,4724
"2023-01-04 00:00:00",833621,4313
"2023-01-03 00:00:00",829308,4133
"2023-01-02 00:00:00",825175,4819
"2023-01-01 00:00:00",820356,5016
"2022-12-31 00:00:00",815340,5015
"2022-12-30 00:00:00",810325,4906
"2022-12-29 00:00:00",805419,4895
"2022-12-28 00:00:00",800524,4117
"2022-12-27 00:00:00",796407,0
"2022-12-26 00:00:00",796407,7966
"2022-12-25 00:00:00",788441,4985
"2022-12-24 00:00:00",783456,5411
"2022-12-23 00:00:00",778045,5843
"2022-12-22 00:00:00",772202,5714
"2022-12-21 00:00:00",766488,5446
"2022-12-20 00:00:00",761042,4871
"2022-12-19 00:00:00",756171,5978
"2022-12-18 00:00:00",750193,6892
"2022-12-17 00:00:00",743301,6693
"2022-12-16 00:00:00",736608,6448
"2022-12-15 00:00:00",730160,6307
"2022-12-14 00:00:00",723853,5964
"2022-12-13 00:00:00",717889,5427
"2022-12-12 00:00:00",712462,6108
"2022-12-11 00:00:00",706354,6828
"2022-12-10 00:00:00",699526,7134
"2022-12-09 00:00:00",692392,6779
"2022-12-08 00:00:00",685613,6568
"2022-12-07 00:00:00",679045,7223
"2022-12-06 00:00:00",671822,7223
"2022-12-05 00:00:00",664599,7223
"2022-12-04 00:00:00",657376,7223
"2022-12-03 00:00:00",650152,7223
"2022-12-02 00:00:00",642929,7223
"2022-12-01 00:00:00",635706,7223
"2022-11-30 00:00:00",628483,7820
"2022-11-29 00:00:00",620663,6933
"2022-11-28 00:00:00",613730,8250
"2022-11-27 00:00:00",605480,8842
"2022-11-26 00:00:00",596638,8485
"2022-11-25 00:00:00",588153,10445
"2022-11-24 00:00:00",577708,10627
"2022-11-23 00:00:00",567081,9918
"2022-11-22 00:00:00",557163,8699
"2022-11-21 00:00:00",548464,10404
"2022-11-20 00:00:00",538060,12414
"2022-11-19 00:00:00",525646,11673
"2022-11-18 00:00:00",513973,12417
"2022-11-17 00:00:00",501556,12162
"2022-11-16 00:00:00",489394,12276
"2022-11-15 00:00:00",477118,11135
"2022-11-14 00:00:00",465983,13252
"2022-11-13 00:00:00",452731,16013
"2022-11-12 00:00:00",436718,17075
"2022-11-11 00:00:00",419643,17254
"2022-11-10 00:00:00",402389,18172
"2022-11-09 00:00:00",384217,20430
"2022-11-08 00:00:00",363787,0
"2022-11-07 00:00:00",363787,37127
"2022-11-06 00:00:00",326660,27478
"2022-11-05 00:00:00",299182,34046
"2022-11-04 00:00:00",265136,35084
"2022-11-03 00:00:00",230052,35090
"2022-11-02 00:00:00",194962,39602
"2022-11-01 00:00:00",155360,38693
"2022-10-31 00:00:00",116667,48083
"2022-10-30 00:00:00",68584,0