﻿"DateTime","Spotify Streams","Change"
"2023-05-14 00:00:00",5516711,8441
"2023-05-13 00:00:00",5508270,7349
"2023-05-12 00:00:00",5500921,8115
"2023-05-11 00:00:00",5492806,0
"2023-05-10 00:00:00",5492806,7675
"2023-05-09 00:00:00",5485131,9384
"2023-05-08 00:00:00",5475747,9384
"2023-05-07 00:00:00",5466363,7115
"2023-05-06 00:00:00",5459248,8105
"2023-05-05 00:00:00",5451143,0
"2023-05-04 00:00:00",5451143,7358
"2023-05-03 00:00:00",5443785,6949
"2023-05-02 00:00:00",5436836,12128
"2023-05-01 00:00:00",5424708,0
"2023-04-30 00:00:00",5424708,10434
"2023-04-29 00:00:00",5414274,10434
"2023-04-28 00:00:00",5403840,7469
"2023-04-27 00:00:00",5396371,7469
"2023-04-26 00:00:00",5388902,6804
"2023-04-25 00:00:00",5382099,6804
"2023-04-24 00:00:00",5375295,7767
"2023-04-23 00:00:00",5367528,8023
"2023-04-22 00:00:00",5359505,6802
"2023-04-21 00:00:00",5352703,6802
"2023-04-20 00:00:00",5345901,6421
"2023-04-19 00:00:00",5339480,6421
"2023-04-18 00:00:00",5333059,5720
"2023-04-17 00:00:00",5327339,6702
"2023-04-16 00:00:00",5320637,7143
"2023-04-15 00:00:00",5313494,6790
"2023-04-14 00:00:00",5306704,7147
"2023-04-13 00:00:00",5299557,6725
"2023-04-12 00:00:00",5292832,6413
"2023-04-11 00:00:00",5286419,5582
"2023-04-10 00:00:00",5280837,6808
"2023-04-09 00:00:00",5274029,0
"2023-04-08 00:00:00",5274029,14539
"2023-04-07 00:00:00",5259490,7045
"2023-04-06 00:00:00",5252445,7036
"2023-04-05 00:00:00",5245409,6858
"2023-04-04 00:00:00",5238551,6460
"2023-04-03 00:00:00",5232091,7162
"2023-04-02 00:00:00",5224929,7593
"2023-04-01 00:00:00",5217336,7806
"2023-03-31 00:00:00",5209530,0
"2023-03-30 00:00:00",5209530,15263
"2023-03-29 00:00:00",5194267,0
"2023-03-28 00:00:00",5194267,7606
"2023-03-27 00:00:00",5186661,14564
"2023-03-26 00:00:00",5172097,8677
"2023-03-25 00:00:00",5163420,8959
"2023-03-24 00:00:00",5154461,8599
"2023-03-23 00:00:00",5145862,8170
"2023-03-22 00:00:00",5137692,7995
"2023-03-21 00:00:00",5129697,0
"2023-03-20 00:00:00",5129697,16957
"2023-03-19 00:00:00",5112740,0
"2023-03-18 00:00:00",5112740,23326
"2023-03-17 00:00:00",5089414,13060
"2023-03-16 00:00:00",5076354,11643
"2023-03-15 00:00:00",5064711,11422
"2023-03-14 00:00:00",5053289,0
"2023-03-13 00:00:00",5053289,21405
"2023-03-12 00:00:00",5031884,11717
"2023-03-11 00:00:00",5020167,13234
"2023-03-10 00:00:00",5006933,14542
"2023-03-09 00:00:00",4992391,14763
"2023-03-08 00:00:00",4977628,11365
"2023-03-07 00:00:00",4966263,9959
"2023-03-06 00:00:00",4956304,10924
"2023-03-05 00:00:00",4945380,12259
"2023-03-04 00:00:00",4933121,11738
"2023-03-03 00:00:00",4921383,11587
"2023-03-02 00:00:00",4909796,12049
"2023-03-01 00:00:00",4897747,11857
"2023-02-28 00:00:00",4885890,9775
"2023-02-27 00:00:00",4876115,0
"2023-02-26 00:00:00",4876115,25218
"2023-02-25 00:00:00",4850897,14518
"2023-02-24 00:00:00",4836379,13063
"2023-02-23 00:00:00",4823316,12917
"2023-02-22 00:00:00",4810399,12897
"2023-02-21 00:00:00",4797502,11324
"2023-02-20 00:00:00",4786178,13754
"2023-02-19 00:00:00",4772424,14947
"2023-02-18 00:00:00",4757477,14807
"2023-02-17 00:00:00",4742670,15345
"2023-02-16 00:00:00",4727325,16418
"2023-02-15 00:00:00",4710907,14735
"2023-02-14 00:00:00",4696172,14197
"2023-02-13 00:00:00",4681975,14672
"2023-02-12 00:00:00",4667303,17327
"2023-02-11 00:00:00",4649976,0
"2023-02-10 00:00:00",4649976,30837
"2023-02-09 00:00:00",4619139,18969
"2023-02-08 00:00:00",4600170,0
"2023-02-07 00:00:00",4600170,18963
"2023-02-06 00:00:00",4581207,6738
"2023-02-05 00:00:00",4574469,14966
"2023-02-04 00:00:00",4559503,7236
"2023-02-03 00:00:00",4552267,6743
"2023-02-02 00:00:00",4545524,6341
"2023-02-01 00:00:00",4539183,6434
"2023-01-31 00:00:00",4532749,5769
"2023-01-30 00:00:00",4526980,6895
"2023-01-29 00:00:00",4520085,7140
"2023-01-28 00:00:00",4512945,0
"2023-01-27 00:00:00",4512945,13532
"2023-01-26 00:00:00",4499413,6903
"2023-01-25 00:00:00",4492510,6810
"2023-01-24 00:00:00",4485700,5996
"2023-01-23 00:00:00",4479704,6957
"2023-01-22 00:00:00",4472747,7527
"2023-01-21 00:00:00",4465220,0
"2023-01-20 00:00:00",4465220,15772
"2023-01-19 00:00:00",4449448,7797
"2023-01-18 00:00:00",4441651,7674
"2023-01-17 00:00:00",4433977,6986
"2023-01-16 00:00:00",4426991,7666
"2023-01-15 00:00:00",4419325,8543
"2023-01-14 00:00:00",4410782,8510
"2023-01-13 00:00:00",4402272,8363
"2023-01-12 00:00:00",4393909,8259
"2023-01-11 00:00:00",4385650,8247
"2023-01-10 00:00:00",4377403,7331
"2023-01-09 00:00:00",4370072,8217
"2023-01-08 00:00:00",4361855,8558
"2023-01-07 00:00:00",4353297,8389
"2023-01-06 00:00:00",4344908,8405
"2023-01-05 00:00:00",4336503,8391
"2023-01-04 00:00:00",4328112,0
"2023-01-03 00:00:00",4328112,14531
"2023-01-02 00:00:00",4313581,8304
"2023-01-01 00:00:00",4305277,7566
"2022-12-31 00:00:00",4297711,7464
"2022-12-30 00:00:00",4290247,6952
"2022-12-29 00:00:00",4283295,6626
"2022-12-28 00:00:00",4276669,5834
"2022-12-27 00:00:00",4270835,4019
"2022-12-26 00:00:00",4266816,0
"2022-12-25 00:00:00",4266816,12219
"2022-12-24 00:00:00",4254597,7139
"2022-12-23 00:00:00",4247458,7383
"2022-12-22 00:00:00",4240075,7325
"2022-12-21 00:00:00",4232750,7453
"2022-12-20 00:00:00",4225297,6367
"2022-12-19 00:00:00",4218930,7287
"2022-12-18 00:00:00",4211643,7610
"2022-12-17 00:00:00",4204033,7361
"2022-12-16 00:00:00",4196672,7132
"2022-12-15 00:00:00",4189540,7121
"2022-12-14 00:00:00",4182419,7049
"2022-12-13 00:00:00",4175370,6268
"2022-12-12 00:00:00",4169102,7375
"2022-12-11 00:00:00",4161727,8078
"2022-12-10 00:00:00",4153649,8175
"2022-12-09 00:00:00",4145474,8215
"2022-12-08 00:00:00",4137259,8116
"2022-12-07 00:00:00",4129143,8290
"2022-12-06 00:00:00",4120853,9084
"2022-12-05 00:00:00",4111769,9084
"2022-12-04 00:00:00",4102684,9084
"2022-12-03 00:00:00",4093600,9084
"2022-12-02 00:00:00",4084516,9084
"2022-12-01 00:00:00",4075431,9084
"2022-11-30 00:00:00",4066347,8750
"2022-11-29 00:00:00",4057597,7844
"2022-11-28 00:00:00",4049753,8455
"2022-11-27 00:00:00",4041298,8188
"2022-11-26 00:00:00",4033110,8491
"2022-11-25 00:00:00",4024619,9211
"2022-11-24 00:00:00",4015408,9064
"2022-11-23 00:00:00",4006344,8994
"2022-11-22 00:00:00",3997350,9419
"2022-11-21 00:00:00",3987931,11566
"2022-11-20 00:00:00",3976365,11584
"2022-11-19 00:00:00",3964781,10630
"2022-11-18 00:00:00",3954151,10123
"2022-11-17 00:00:00",3944028,9636
"2022-11-16 00:00:00",3934392,9289
"2022-11-15 00:00:00",3925103,9251
"2022-11-14 00:00:00",3915852,10435
"2022-11-13 00:00:00",3905417,11823
"2022-11-12 00:00:00",3893594,12247
"2022-11-11 00:00:00",3881347,11157
"2022-11-10 00:00:00",3870190,11502
"2022-11-09 00:00:00",3858688,10845
"2022-11-08 00:00:00",3847843,9348
"2022-11-07 00:00:00",3838495,11193
"2022-11-06 00:00:00",3827302,11759
"2022-11-05 00:00:00",3815543,11290
"2022-11-04 00:00:00",3804253,11325
"2022-11-03 00:00:00",3792928,10917
"2022-11-02 00:00:00",3782011,11019
"2022-11-01 00:00:00",3770992,9617
"2022-10-31 00:00:00",3761375,11761
"2022-10-30 00:00:00",3749614,13727
"2022-10-29 00:00:00",3735887,12462
"2022-10-28 00:00:00",3723425,12396
"2022-10-27 00:00:00",3711029,12506
"2022-10-26 00:00:00",3698523,11532
"2022-10-25 00:00:00",3686991,11377
"2022-10-24 00:00:00",3675614,13128
"2022-10-23 00:00:00",3662486,13505
"2022-10-22 00:00:00",3648981,15345
"2022-10-21 00:00:00",3633636,14276
"2022-10-20 00:00:00",3619360,15162
"2022-10-19 00:00:00",3604198,14674
"2022-10-18 00:00:00",3589524,14274
"2022-10-17 00:00:00",3575250,15338
"2022-10-16 00:00:00",3559912,33115
"2022-10-15 00:00:00",3526797,15634
"2022-10-14 00:00:00",3511163,0
"2022-10-13 00:00:00",3511163,16696
"2022-10-12 00:00:00",3494467,15228
"2022-10-11 00:00:00",3479239,14338
"2022-10-10 00:00:00",3464901,16727
"2022-10-09 00:00:00",3448174,20065
"2022-10-08 00:00:00",3428109,20149
"2022-10-07 00:00:00",3407960,19230
"2022-10-06 00:00:00",3388730,19037
"2022-10-05 00:00:00",3369693,19420
"2022-10-04 00:00:00",3350273,15931
"2022-10-03 00:00:00",3334342,17201
"2022-10-02 00:00:00",3317141,21263
"2022-10-01 00:00:00",3295878,21611
"2022-09-30 00:00:00",3274267,19000
"2022-09-29 00:00:00",3255267,20709
"2022-09-28 00:00:00",3234558,19014
"2022-09-27 00:00:00",3215544,15618
"2022-09-26 00:00:00",3199926,18612
"2022-09-25 00:00:00",3181314,19852
"2022-09-24 00:00:00",3161462,17956
"2022-09-23 00:00:00",3143506,32932
"2022-09-22 00:00:00",3110574,0
"2022-09-21 00:00:00",3110574,15823
"2022-09-20 00:00:00",3094751,14932
"2022-09-19 00:00:00",3079819,16682
"2022-09-18 00:00:00",3063137,18093
"2022-09-17 00:00:00",3045044,17706
"2022-09-16 00:00:00",3027338,17501
"2022-09-15 00:00:00",3009837,16641
"2022-09-14 00:00:00",2993196,15014
"2022-09-13 00:00:00",2978182,13928
"2022-09-12 00:00:00",2964254,16250
"2022-09-11 00:00:00",2948004,17350
"2022-09-10 00:00:00",2930654,16799
"2022-09-09 00:00:00",2913855,17137
"2022-09-08 00:00:00",2896718,34148
"2022-09-07 00:00:00",2862570,0
"2022-09-06 00:00:00",2862570,16302
"2022-09-05 00:00:00",2846268,18859
"2022-09-04 00:00:00",2827409,21777
"2022-09-03 00:00:00",2805632,21931
"2022-09-02 00:00:00",2783701,22300
"2022-09-01 00:00:00",2761401,21412
"2022-08-31 00:00:00",2739989,20864
"2022-08-30 00:00:00",2719125,18724
"2022-08-29 00:00:00",2700401,21357
"2022-08-28 00:00:00",2679044,22828
"2022-08-27 00:00:00",2656216,22040
"2022-08-26 00:00:00",2634176,23008
"2022-08-25 00:00:00",2611168,22927
"2022-08-24 00:00:00",2588241,23304
"2022-08-23 00:00:00",2564937,25440
"2022-08-22 00:00:00",2539497,25440
"2022-08-21 00:00:00",2514056,25440
"2022-08-20 00:00:00",2488616,28164
"2022-08-19 00:00:00",2460453,28164
"2022-08-18 00:00:00",2432289,29378
"2022-08-17 00:00:00",2402911,28816
"2022-08-16 00:00:00",2374095,25827
"2022-08-15 00:00:00",2348268,31269
"2022-08-14 00:00:00",2316999,35101
"2022-08-13 00:00:00",2281898,33695
"2022-08-12 00:00:00",2248203,35411
"2022-08-11 00:00:00",2212792,35981
"2022-08-10 00:00:00",2176811,37385
"2022-08-09 00:00:00",2139426,35296
"2022-08-08 00:00:00",2104130,44117
"2022-08-07 00:00:00",2060013,51440
"2022-08-06 00:00:00",2008573,46034
"2022-08-05 00:00:00",1962539,46515
"2022-08-04 00:00:00",1916024,47184
"2022-08-03 00:00:00",1868840,46905
"2022-08-02 00:00:00",1821935,44988
"2022-08-01 00:00:00",1776947,53998
"2022-07-31 00:00:00",1722949,59428
"2022-07-30 00:00:00",1663521,63637
"2022-07-29 00:00:00",1599884,65145
"2022-07-28 00:00:00",1534739,64176
"2022-07-27 00:00:00",1470563,68801
"2022-07-26 00:00:00",1401762,65293
"2022-07-25 00:00:00",1336469,84999
"2022-07-24 00:00:00",1251470,108361
"2022-07-23 00:00:00",1143109,116806
"2022-07-22 00:00:00",1026303,130480
"2022-07-21 00:00:00",895823,147479
"2022-07-20 00:00:00",748344,166051
"2022-07-19 00:00:00",582293,160580
"2022-07-18 00:00:00",421713,180215
"2022-07-17 00:00:00",241498,238537
"2022-07-16 00:00:00",2961,0