﻿"DateTime","Spotify Streams","Change"
"2023-05-10 00:00:00",1150719,551
"2023-05-09 00:00:00",1150168,442
"2023-05-08 00:00:00",1149726,442
"2023-05-07 00:00:00",1149284,559
"2023-05-06 00:00:00",1148725,620
"2023-05-05 00:00:00",1148105,600
"2023-05-04 00:00:00",1147505,0
"2023-05-03 00:00:00",1147505,751
"2023-05-02 00:00:00",1146755,751
"2023-05-01 00:00:00",1146004,486
"2023-04-30 00:00:00",1145518,555
"2023-04-29 00:00:00",1144963,537
"2023-04-28 00:00:00",1144426,555
"2023-04-27 00:00:00",1143871,558
"2023-04-26 00:00:00",1143313,539
"2023-04-25 00:00:00",1142774,446
"2023-04-24 00:00:00",1142329,446
"2023-04-23 00:00:00",1141883,548
"2023-04-22 00:00:00",1141335,563
"2023-04-21 00:00:00",1140772,615
"2023-04-20 00:00:00",1140157,586
"2023-04-19 00:00:00",1139571,618
"2023-04-18 00:00:00",1138953,467
"2023-04-17 00:00:00",1138486,0
"2023-04-16 00:00:00",1138486,1062
"2023-04-15 00:00:00",1137424,640
"2023-04-14 00:00:00",1136784,563
"2023-04-13 00:00:00",1136221,536
"2023-04-12 00:00:00",1135685,514
"2023-04-11 00:00:00",1135171,426
"2023-04-10 00:00:00",1134745,505
"2023-04-09 00:00:00",1134240,0
"2023-04-08 00:00:00",1134240,1168
"2023-04-07 00:00:00",1133072,610
"2023-04-06 00:00:00",1132462,617
"2023-04-05 00:00:00",1131845,627
"2023-04-04 00:00:00",1131218,491
"2023-04-03 00:00:00",1130727,505
"2023-04-02 00:00:00",1130222,604
"2023-04-01 00:00:00",1129618,673
"2023-03-31 00:00:00",1128945,644
"2023-03-30 00:00:00",1128301,0
"2023-03-29 00:00:00",1128301,1393
"2023-03-28 00:00:00",1126908,488
"2023-03-27 00:00:00",1126420,582
"2023-03-26 00:00:00",1125838,0
"2023-03-25 00:00:00",1125838,1389
"2023-03-24 00:00:00",1124449,0
"2023-03-23 00:00:00",1124449,1422
"2023-03-22 00:00:00",1123027,666
"2023-03-21 00:00:00",1122361,541
"2023-03-20 00:00:00",1121820,614
"2023-03-19 00:00:00",1121206,731
"2023-03-18 00:00:00",1120475,787
"2023-03-17 00:00:00",1119688,828
"2023-03-16 00:00:00",1118860,801
"2023-03-15 00:00:00",1118059,775
"2023-03-14 00:00:00",1117284,650
"2023-03-13 00:00:00",1116634,690
"2023-03-12 00:00:00",1115944,926
"2023-03-11 00:00:00",1115018,1016
"2023-03-10 00:00:00",1114002,953
"2023-03-09 00:00:00",1113049,987
"2023-03-08 00:00:00",1112062,956
"2023-03-07 00:00:00",1111106,765
"2023-03-06 00:00:00",1110341,0
"2023-03-05 00:00:00",1110341,2063
"2023-03-04 00:00:00",1108278,1280
"2023-03-03 00:00:00",1106998,1173
"2023-03-02 00:00:00",1105825,1156
"2023-03-01 00:00:00",1104669,1013
"2023-02-28 00:00:00",1103656,0
"2023-02-27 00:00:00",1103656,1672
"2023-02-26 00:00:00",1101984,1047
"2023-02-25 00:00:00",1100937,1127
"2023-02-24 00:00:00",1099810,1035
"2023-02-23 00:00:00",1098775,1819
"2023-02-22 00:00:00",1096956,0
"2023-02-21 00:00:00",1096956,733
"2023-02-20 00:00:00",1096223,0
"2023-02-19 00:00:00",1096223,1828
"2023-02-18 00:00:00",1094395,1015
"2023-02-17 00:00:00",1093380,1095
"2023-02-16 00:00:00",1092285,0
"2023-02-15 00:00:00",1092285,2089
"2023-02-14 00:00:00",1090196,900
"2023-02-13 00:00:00",1089296,0
"2023-02-12 00:00:00",1089296,2160
"2023-02-11 00:00:00",1087136,1206
"2023-02-10 00:00:00",1085930,1212
"2023-02-09 00:00:00",1084718,1241
"2023-02-08 00:00:00",1083477,1005
"2023-02-07 00:00:00",1082473,1005
"2023-02-06 00:00:00",1081468,0
"2023-02-05 00:00:00",1081468,2253
"2023-02-04 00:00:00",1079215,1167
"2023-02-03 00:00:00",1078048,1135
"2023-02-02 00:00:00",1076913,1152
"2023-02-01 00:00:00",1075761,1141
"2023-01-31 00:00:00",1074620,852
"2023-01-30 00:00:00",1073768,1005
"2023-01-29 00:00:00",1072763,1091
"2023-01-28 00:00:00",1071672,1229
"2023-01-27 00:00:00",1070443,1224
"2023-01-26 00:00:00",1069219,1232
"2023-01-25 00:00:00",1067987,1221
"2023-01-24 00:00:00",1066766,1014
"2023-01-23 00:00:00",1065752,1152
"2023-01-22 00:00:00",1064600,1392
"2023-01-21 00:00:00",1063208,1467
"2023-01-20 00:00:00",1061741,1539
"2023-01-19 00:00:00",1060202,1527
"2023-01-18 00:00:00",1058675,1466
"2023-01-17 00:00:00",1057209,1164
"2023-01-16 00:00:00",1056045,1295
"2023-01-15 00:00:00",1054750,1697
"2023-01-14 00:00:00",1053053,1325
"2023-01-13 00:00:00",1051728,1335
"2023-01-12 00:00:00",1050393,1221
"2023-01-11 00:00:00",1049172,1163
"2023-01-10 00:00:00",1048009,889
"2023-01-09 00:00:00",1047120,1011
"2023-01-08 00:00:00",1046109,1203
"2023-01-07 00:00:00",1044906,1380
"2023-01-06 00:00:00",1043526,1193
"2023-01-05 00:00:00",1042333,1085
"2023-01-04 00:00:00",1041248,973
"2023-01-03 00:00:00",1040275,770
"2023-01-02 00:00:00",1039505,910
"2023-01-01 00:00:00",1038595,1140
"2022-12-31 00:00:00",1037455,1055
"2022-12-30 00:00:00",1036400,1175
"2022-12-29 00:00:00",1035225,984
"2022-12-28 00:00:00",1034241,0
"2022-12-27 00:00:00",1034241,1419
"2022-12-26 00:00:00",1032822,802
"2022-12-25 00:00:00",1032020,1031
"2022-12-24 00:00:00",1030989,1086
"2022-12-23 00:00:00",1029903,1002
"2022-12-22 00:00:00",1028901,1082
"2022-12-21 00:00:00",1027819,1019
"2022-12-20 00:00:00",1026800,782
"2022-12-19 00:00:00",1026018,869
"2022-12-18 00:00:00",1025149,1098
"2022-12-17 00:00:00",1024051,1167
"2022-12-16 00:00:00",1022884,1170
"2022-12-15 00:00:00",1021714,1159
"2022-12-14 00:00:00",1020555,1243
"2022-12-13 00:00:00",1019312,884
"2022-12-12 00:00:00",1018428,980
"2022-12-11 00:00:00",1017448,1202
"2022-12-10 00:00:00",1016247,1202
"2022-12-09 00:00:00",1015045,1228
"2022-12-08 00:00:00",1013817,1110
"2022-12-07 00:00:00",1012707,1002
"2022-12-06 00:00:00",1011705,1064
"2022-12-05 00:00:00",1010641,1064
"2022-12-04 00:00:00",1009577,1064
"2022-12-03 00:00:00",1008512,1064
"2022-12-02 00:00:00",1007448,1064
"2022-12-01 00:00:00",1006384,1116
"2022-11-30 00:00:00",1005268,985
"2022-11-29 00:00:00",1004283,785
"2022-11-28 00:00:00",1003498,851
"2022-11-27 00:00:00",1002647,841
"2022-11-26 00:00:00",1001806,858
"2022-11-25 00:00:00",1000948,1129
"2022-11-24 00:00:00",999819,1100
"2022-11-23 00:00:00",998719,1009
"2022-11-22 00:00:00",997710,778
"2022-11-21 00:00:00",996932,895
"2022-11-20 00:00:00",996037,1102
"2022-11-19 00:00:00",994935,1120
"2022-11-18 00:00:00",993815,1156
"2022-11-17 00:00:00",992659,1164
"2022-11-16 00:00:00",991495,1056
"2022-11-15 00:00:00",990439,866
"2022-11-14 00:00:00",989573,936
"2022-11-13 00:00:00",988637,1073
"2022-11-12 00:00:00",987564,1218
"2022-11-11 00:00:00",986346,1191
"2022-11-10 00:00:00",985155,1184
"2022-11-09 00:00:00",983971,1092
"2022-11-08 00:00:00",982879,866
"2022-11-07 00:00:00",982013,991
"2022-11-06 00:00:00",981022,1213
"2022-11-05 00:00:00",979809,1419
"2022-11-04 00:00:00",978390,1432
"2022-11-03 00:00:00",976958,1327
"2022-11-02 00:00:00",975631,1283
"2022-11-01 00:00:00",974348,1053
"2022-10-31 00:00:00",973295,1136
"2022-10-30 00:00:00",972159,1480
"2022-10-29 00:00:00",970679,1593
"2022-10-28 00:00:00",969086,1647
"2022-10-27 00:00:00",967439,1579
"2022-10-26 00:00:00",965860,1478
"2022-10-25 00:00:00",964382,1259
"2022-10-24 00:00:00",963123,1385
"2022-10-23 00:00:00",961738,1669
"2022-10-22 00:00:00",960069,1754
"2022-10-21 00:00:00",958315,0
"2022-10-20 00:00:00",958315,3341
"2022-10-19 00:00:00",954974,1627
"2022-10-18 00:00:00",953347,1208
"2022-10-17 00:00:00",952139,1420
"2022-10-16 00:00:00",950719,1642
"2022-10-15 00:00:00",949077,1770
"2022-10-14 00:00:00",947307,1863
"2022-10-13 00:00:00",945444,1770
"2022-10-12 00:00:00",943674,1697
"2022-10-11 00:00:00",941977,1322
"2022-10-10 00:00:00",940655,1502
"2022-10-09 00:00:00",939153,1817
"2022-10-08 00:00:00",937336,2195
"2022-10-07 00:00:00",935141,2259
"2022-10-06 00:00:00",932882,2165
"2022-10-05 00:00:00",930717,2019
"2022-10-04 00:00:00",928698,1487
"2022-10-03 00:00:00",927211,1597
"2022-10-02 00:00:00",925614,1885
"2022-10-01 00:00:00",923729,2057
"2022-09-30 00:00:00",921672,1849
"2022-09-29 00:00:00",919823,2034
"2022-09-28 00:00:00",917789,1934
"2022-09-27 00:00:00",915855,1377
"2022-09-26 00:00:00",914478,1642
"2022-09-25 00:00:00",912836,1947
"2022-09-24 00:00:00",910889,1944
"2022-09-23 00:00:00",908945,4158
"2022-09-22 00:00:00",904787,0
"2022-09-21 00:00:00",904787,1946
"2022-09-20 00:00:00",902841,1571
"2022-09-19 00:00:00",901270,1790
"2022-09-18 00:00:00",899480,2082
"2022-09-17 00:00:00",897398,2084
"2022-09-16 00:00:00",895314,2074
"2022-09-15 00:00:00",893240,2147
"2022-09-14 00:00:00",891093,2180
"2022-09-13 00:00:00",888913,1628
"2022-09-12 00:00:00",887285,1837
"2022-09-11 00:00:00",885448,2258
"2022-09-10 00:00:00",883190,2407
"2022-09-09 00:00:00",880783,2369
"2022-09-08 00:00:00",878414,4692
"2022-09-07 00:00:00",873722,0
"2022-09-06 00:00:00",873722,1885
"2022-09-05 00:00:00",871837,2214
"2022-09-04 00:00:00",869623,2841
"2022-09-03 00:00:00",866782,2850
"2022-09-02 00:00:00",863932,2591
"2022-09-01 00:00:00",861341,2547
"2022-08-31 00:00:00",858794,2462
"2022-08-30 00:00:00",856332,2045
"2022-08-29 00:00:00",854287,2198
"2022-08-28 00:00:00",852089,2635
"2022-08-27 00:00:00",849454,2886
"2022-08-26 00:00:00",846568,2932
"2022-08-25 00:00:00",843636,2956
"2022-08-24 00:00:00",840680,2982
"2022-08-23 00:00:00",837698,3007
"2022-08-22 00:00:00",834691,3007
"2022-08-21 00:00:00",831684,3007
"2022-08-20 00:00:00",828677,3007
"2022-08-19 00:00:00",825670,3354
"2022-08-18 00:00:00",822316,3433
"2022-08-17 00:00:00",818883,3354
"2022-08-16 00:00:00",815529,2889
"2022-08-15 00:00:00",812640,2946
"2022-08-14 00:00:00",809694,3623
"2022-08-13 00:00:00",806071,3970
"2022-08-12 00:00:00",802101,3382
"2022-08-11 00:00:00",798719,3632
"2022-08-10 00:00:00",795087,3585
"2022-08-09 00:00:00",791502,3038
"2022-08-08 00:00:00",788464,3194
"2022-08-07 00:00:00",785270,3883
"2022-08-06 00:00:00",781387,4167
"2022-08-05 00:00:00",777220,4084
"2022-08-04 00:00:00",773136,4131
"2022-08-03 00:00:00",769005,4130
"2022-08-02 00:00:00",764875,3549
"2022-08-01 00:00:00",761326,4122
"2022-07-31 00:00:00",757204,5103
"2022-07-30 00:00:00",752101,5321
"2022-07-29 00:00:00",746780,5562
"2022-07-28 00:00:00",741218,5678
"2022-07-27 00:00:00",735540,5641
"2022-07-26 00:00:00",729899,4697
"2022-07-25 00:00:00",725202,5265
"2022-07-24 00:00:00",719937,7002
"2022-07-23 00:00:00",712935,8005
"2022-07-22 00:00:00",704930,8502
"2022-07-21 00:00:00",696428,6094
"2022-07-20 00:00:00",690334,5840
"2022-07-19 00:00:00",684494,5132
"2022-07-18 00:00:00",679362,5641
"2022-07-17 00:00:00",673721,7169
"2022-07-16 00:00:00",666552,7040
"2022-07-15 00:00:00",659512,6395
"2022-07-14 00:00:00",653117,12431
"2022-07-13 00:00:00",640686,0
"2022-07-12 00:00:00",640686,5429
"2022-07-11 00:00:00",635257,6259
"2022-07-10 00:00:00",628998,7181
"2022-07-09 00:00:00",621817,7757
"2022-07-08 00:00:00",614060,7881
"2022-07-07 00:00:00",606179,8239
"2022-07-06 00:00:00",597940,7890
"2022-07-05 00:00:00",590050,7411
"2022-07-04 00:00:00",582639,9051
"2022-07-03 00:00:00",573588,11550
"2022-07-02 00:00:00",562038,12849
"2022-07-01 00:00:00",549189,13498
"2022-06-30 00:00:00",535691,15202
"2022-06-29 00:00:00",520489,16638
"2022-06-28 00:00:00",503851,15453
"2022-06-27 00:00:00",488398,19845
"2022-06-26 00:00:00",468553,27087
"2022-06-25 00:00:00",441466,33915
"2022-06-24 00:00:00",407551,85898
"2022-06-23 00:00:00",321653,0
"2022-06-22 00:00:00",321653,53249
"2022-06-21 00:00:00",268404,53571
"2022-06-20 00:00:00",214833,78524
"2022-06-19 00:00:00",136309,134359
"2022-06-18 00:00:00",1950,0