﻿"DateTime","Spotify Streams","Change"
"2023-05-14 00:00:00",2272408,3705
"2023-05-13 00:00:00",2268703,3710
"2023-05-12 00:00:00",2264993,3867
"2023-05-11 00:00:00",2261126,3611
"2023-05-10 00:00:00",2257515,3554
"2023-05-09 00:00:00",2253961,3235
"2023-05-08 00:00:00",2250726,0
"2023-05-07 00:00:00",2250726,7330
"2023-05-06 00:00:00",2243396,3942
"2023-05-05 00:00:00",2239454,3919
"2023-05-04 00:00:00",2235535,0
"2023-05-03 00:00:00",2235535,5564
"2023-05-02 00:00:00",2229971,5564
"2023-05-01 00:00:00",2224407,3956
"2023-04-30 00:00:00",2220451,4186
"2023-04-29 00:00:00",2216265,0
"2023-04-28 00:00:00",2216265,8562
"2023-04-27 00:00:00",2207703,4895
"2023-04-26 00:00:00",2202808,4830
"2023-04-25 00:00:00",2197978,3829
"2023-04-24 00:00:00",2194149,4110
"2023-04-23 00:00:00",2190039,0
"2023-04-22 00:00:00",2190039,6748
"2023-04-21 00:00:00",2183291,6748
"2023-04-20 00:00:00",2176543,0
"2023-04-19 00:00:00",2176543,9560
"2023-04-18 00:00:00",2166983,2001
"2023-04-17 00:00:00",2164983,2001
"2023-04-16 00:00:00",2162982,8846
"2023-04-15 00:00:00",2154136,4654
"2023-04-14 00:00:00",2149482,4519
"2023-04-13 00:00:00",2144963,4474
"2023-04-12 00:00:00",2140489,4283
"2023-04-11 00:00:00",2136206,3399
"2023-04-10 00:00:00",2132807,3660
"2023-04-09 00:00:00",2129147,3927
"2023-04-08 00:00:00",2125220,4539
"2023-04-07 00:00:00",2120681,4271
"2023-04-06 00:00:00",2116410,4281
"2023-04-05 00:00:00",2112129,4220
"2023-04-04 00:00:00",2107909,3642
"2023-04-03 00:00:00",2104267,3737
"2023-04-02 00:00:00",2100530,3937
"2023-04-01 00:00:00",2096593,4427
"2023-03-31 00:00:00",2092166,4916
"2023-03-30 00:00:00",2087250,5024
"2023-03-29 00:00:00",2082226,4654
"2023-03-28 00:00:00",2077572,4092
"2023-03-27 00:00:00",2073480,4440
"2023-03-26 00:00:00",2069040,5102
"2023-03-25 00:00:00",2063938,5623
"2023-03-24 00:00:00",2058315,5553
"2023-03-23 00:00:00",2052762,6087
"2023-03-22 00:00:00",2046675,5706
"2023-03-21 00:00:00",2040969,0
"2023-03-20 00:00:00",2040969,10126
"2023-03-19 00:00:00",2030843,5535
"2023-03-18 00:00:00",2025308,5570
"2023-03-17 00:00:00",2019738,5845
"2023-03-16 00:00:00",2013893,5739
"2023-03-15 00:00:00",2008154,6209
"2023-03-14 00:00:00",2001945,5363
"2023-03-13 00:00:00",1996582,5554
"2023-03-12 00:00:00",1991028,5896
"2023-03-11 00:00:00",1985132,0
"2023-03-10 00:00:00",1985132,12343
"2023-03-09 00:00:00",1972789,5673
"2023-03-08 00:00:00",1967116,5595
"2023-03-07 00:00:00",1961521,4850
"2023-03-06 00:00:00",1956671,5518
"2023-03-05 00:00:00",1951153,5904
"2023-03-04 00:00:00",1945249,6053
"2023-03-03 00:00:00",1939196,6456
"2023-03-02 00:00:00",1932740,6119
"2023-03-01 00:00:00",1926621,6292
"2023-02-28 00:00:00",1920329,5510
"2023-02-27 00:00:00",1914819,0
"2023-02-26 00:00:00",1914819,11786
"2023-02-25 00:00:00",1903033,6603
"2023-02-24 00:00:00",1896430,6910
"2023-02-23 00:00:00",1889520,6746
"2023-02-22 00:00:00",1882774,0
"2023-02-21 00:00:00",1882774,12210
"2023-02-20 00:00:00",1870564,6170
"2023-02-19 00:00:00",1864394,6934
"2023-02-18 00:00:00",1857460,7262
"2023-02-17 00:00:00",1850198,7031
"2023-02-16 00:00:00",1843167,7546
"2023-02-15 00:00:00",1835621,6984
"2023-02-14 00:00:00",1828637,0
"2023-02-13 00:00:00",1828637,13265
"2023-02-12 00:00:00",1815372,8125
"2023-02-11 00:00:00",1807247,7918
"2023-02-10 00:00:00",1799329,7905
"2023-02-09 00:00:00",1791424,7412
"2023-02-08 00:00:00",1784012,7502
"2023-02-07 00:00:00",1776510,0
"2023-02-06 00:00:00",1776510,14135
"2023-02-05 00:00:00",1762375,0
"2023-02-04 00:00:00",1762375,8342
"2023-02-03 00:00:00",1754033,16553
"2023-02-02 00:00:00",1737480,8507
"2023-02-01 00:00:00",1728973,8100
"2023-01-31 00:00:00",1720873,6879
"2023-01-30 00:00:00",1713994,7505
"2023-01-29 00:00:00",1706489,8279
"2023-01-28 00:00:00",1698210,8646
"2023-01-27 00:00:00",1689564,8578
"2023-01-26 00:00:00",1680986,0
"2023-01-25 00:00:00",1680986,17349
"2023-01-24 00:00:00",1663637,7000
"2023-01-23 00:00:00",1656637,7625
"2023-01-22 00:00:00",1649012,8060
"2023-01-21 00:00:00",1640952,8817
"2023-01-20 00:00:00",1632135,8867
"2023-01-19 00:00:00",1623268,8702
"2023-01-18 00:00:00",1614566,8077
"2023-01-17 00:00:00",1606489,7265
"2023-01-16 00:00:00",1599224,7801
"2023-01-15 00:00:00",1591423,9518
"2023-01-14 00:00:00",1581905,9390
"2023-01-13 00:00:00",1572515,9166
"2023-01-12 00:00:00",1563349,9024
"2023-01-11 00:00:00",1554325,8968
"2023-01-10 00:00:00",1545357,7970
"2023-01-09 00:00:00",1537387,8740
"2023-01-08 00:00:00",1528647,9359
"2023-01-07 00:00:00",1519288,9734
"2023-01-06 00:00:00",1509554,9721
"2023-01-05 00:00:00",1499833,9604
"2023-01-04 00:00:00",1490229,8742
"2023-01-03 00:00:00",1481487,0
"2023-01-02 00:00:00",1481487,16873
"2023-01-01 00:00:00",1464614,9806
"2022-12-31 00:00:00",1454808,9905
"2022-12-30 00:00:00",1444903,9772
"2022-12-29 00:00:00",1435131,0
"2022-12-28 00:00:00",1435131,17901
"2022-12-27 00:00:00",1417230,7102
"2022-12-26 00:00:00",1410128,8600
"2022-12-25 00:00:00",1401528,9663
"2022-12-24 00:00:00",1391865,10181
"2022-12-23 00:00:00",1381684,10293
"2022-12-22 00:00:00",1371391,10006
"2022-12-21 00:00:00",1361385,9944
"2022-12-20 00:00:00",1351441,8851
"2022-12-19 00:00:00",1342590,9829
"2022-12-18 00:00:00",1332761,11043
"2022-12-17 00:00:00",1321718,0
"2022-12-16 00:00:00",1321718,24053
"2022-12-15 00:00:00",1297665,12070
"2022-12-14 00:00:00",1285595,10781
"2022-12-13 00:00:00",1274814,9605
"2022-12-12 00:00:00",1265209,9917
"2022-12-11 00:00:00",1255292,10719
"2022-12-10 00:00:00",1244573,12873
"2022-12-09 00:00:00",1231700,12810
"2022-12-08 00:00:00",1218890,12371
"2022-12-07 00:00:00",1206519,11946
"2022-12-06 00:00:00",1194573,12435
"2022-12-05 00:00:00",1182138,12435
"2022-12-04 00:00:00",1169703,12435
"2022-12-03 00:00:00",1157268,12435
"2022-12-02 00:00:00",1144833,12435
"2022-12-01 00:00:00",1132398,15416
"2022-11-30 00:00:00",1116982,15029
"2022-11-29 00:00:00",1101953,12923
"2022-11-28 00:00:00",1089030,13102
"2022-11-27 00:00:00",1075928,13054
"2022-11-26 00:00:00",1062874,14931
"2022-11-25 00:00:00",1047943,17668
"2022-11-24 00:00:00",1030275,17508
"2022-11-23 00:00:00",1012767,17502
"2022-11-22 00:00:00",995265,16313
"2022-11-21 00:00:00",978952,18408
"2022-11-20 00:00:00",960544,20528
"2022-11-19 00:00:00",940016,22590
"2022-11-18 00:00:00",917426,23111
"2022-11-17 00:00:00",894315,22977
"2022-11-16 00:00:00",871338,23173
"2022-11-15 00:00:00",848165,20378
"2022-11-14 00:00:00",827787,23563
"2022-11-13 00:00:00",804224,27615
"2022-11-12 00:00:00",776609,34213
"2022-11-11 00:00:00",742396,35797
"2022-11-10 00:00:00",706599,36957
"2022-11-09 00:00:00",669642,38782
"2022-11-08 00:00:00",630860,33695
"2022-11-07 00:00:00",597165,38781
"2022-11-06 00:00:00",558384,48796
"2022-11-05 00:00:00",509588,56125
"2022-11-04 00:00:00",453463,52733
"2022-11-03 00:00:00",400730,57322
"2022-11-02 00:00:00",343408,69150
"2022-11-01 00:00:00",274258,61639
"2022-10-31 00:00:00",212619,88286
"2022-10-30 00:00:00",124333,122780
"2022-10-29 00:00:00",1553,0