﻿"DateTime","Spotify Streams","Change"
"2023-05-15 00:00:00",12408411,24864
"2023-05-14 00:00:00",12383547,0
"2023-05-13 00:00:00",12383547,41008
"2023-05-12 00:00:00",12342539,41008
"2023-05-11 00:00:00",12301531,0
"2023-05-10 00:00:00",12301531,52929
"2023-05-09 00:00:00",12248602,23160
"2023-05-08 00:00:00",12225442,25635
"2023-05-07 00:00:00",12199807,27360
"2023-05-06 00:00:00",12172447,27766
"2023-05-05 00:00:00",12144681,0
"2023-05-04 00:00:00",12144681,53155
"2023-05-03 00:00:00",12091526,25660
"2023-05-02 00:00:00",12065866,24623
"2023-05-01 00:00:00",12041243,24623
"2023-04-30 00:00:00",12016620,28245
"2023-04-29 00:00:00",11988375,27649
"2023-04-28 00:00:00",11960726,28321
"2023-04-27 00:00:00",11932405,27740
"2023-04-26 00:00:00",11904665,27313
"2023-04-25 00:00:00",11877352,23808
"2023-04-24 00:00:00",11853545,23808
"2023-04-23 00:00:00",11829737,27204
"2023-04-22 00:00:00",11802533,27431
"2023-04-21 00:00:00",11775102,27039
"2023-04-20 00:00:00",11748063,27158
"2023-04-19 00:00:00",11720905,26834
"2023-04-18 00:00:00",11694071,0
"2023-04-17 00:00:00",11694071,50218
"2023-04-16 00:00:00",11643853,0
"2023-04-15 00:00:00",11643853,28997
"2023-04-14 00:00:00",11614856,56645
"2023-04-13 00:00:00",11558211,29691
"2023-04-12 00:00:00",11528520,27979
"2023-04-11 00:00:00",11500541,24218
"2023-04-10 00:00:00",11476323,0
"2023-04-09 00:00:00",11476323,27711
"2023-04-08 00:00:00",11448612,29063
"2023-04-07 00:00:00",11419549,59508
"2023-04-06 00:00:00",11360041,29109
"2023-04-05 00:00:00",11330932,29112
"2023-04-04 00:00:00",11301820,25629
"2023-04-03 00:00:00",11276191,27809
"2023-04-02 00:00:00",11248382,30880
"2023-04-01 00:00:00",11217502,33015
"2023-03-31 00:00:00",11184487,33222
"2023-03-30 00:00:00",11151265,33041
"2023-03-29 00:00:00",11118224,32287
"2023-03-28 00:00:00",11085937,28878
"2023-03-27 00:00:00",11057059,31305
"2023-03-26 00:00:00",11025754,0
"2023-03-25 00:00:00",11025754,66210
"2023-03-24 00:00:00",10959544,31993
"2023-03-23 00:00:00",10927551,32391
"2023-03-22 00:00:00",10895160,31934
"2023-03-21 00:00:00",10863226,0
"2023-03-20 00:00:00",10863226,57135
"2023-03-19 00:00:00",10806091,32485
"2023-03-18 00:00:00",10773606,32724
"2023-03-17 00:00:00",10740882,0
"2023-03-16 00:00:00",10740882,34391
"2023-03-15 00:00:00",10706491,68481
"2023-03-14 00:00:00",10638010,0
"2023-03-13 00:00:00",10638010,66793
"2023-03-12 00:00:00",10571217,38515
"2023-03-11 00:00:00",10532702,38711
"2023-03-10 00:00:00",10493991,40548
"2023-03-09 00:00:00",10453443,41300
"2023-03-08 00:00:00",10412143,40566
"2023-03-07 00:00:00",10371577,34797
"2023-03-06 00:00:00",10336780,38076
"2023-03-05 00:00:00",10298704,42559
"2023-03-04 00:00:00",10256145,38761
"2023-03-03 00:00:00",10217384,0
"2023-03-02 00:00:00",10217384,70705
"2023-03-01 00:00:00",10146679,34620
"2023-02-28 00:00:00",10112059,0
"2023-02-27 00:00:00",10112059,61874
"2023-02-26 00:00:00",10050185,33979
"2023-02-25 00:00:00",10016206,34905
"2023-02-24 00:00:00",9981301,36963
"2023-02-23 00:00:00",9944338,39171
"2023-02-22 00:00:00",9905167,34708
"2023-02-21 00:00:00",9870459,32252
"2023-02-20 00:00:00",9838207,0
"2023-02-19 00:00:00",9838207,73741
"2023-02-18 00:00:00",9764466,39686
"2023-02-17 00:00:00",9724780,35847
"2023-02-16 00:00:00",9688933,37896
"2023-02-15 00:00:00",9651037,35154
"2023-02-14 00:00:00",9615883,31942
"2023-02-13 00:00:00",9583941,0
"2023-02-12 00:00:00",9583941,74617
"2023-02-11 00:00:00",9509324,38533
"2023-02-10 00:00:00",9470791,38090
"2023-02-09 00:00:00",9432701,38620
"2023-02-08 00:00:00",9394081,37696
"2023-02-07 00:00:00",9356385,33080
"2023-02-06 00:00:00",9323305,36437
"2023-02-05 00:00:00",9286868,39877
"2023-02-04 00:00:00",9246991,38502
"2023-02-03 00:00:00",9208489,37588
"2023-02-02 00:00:00",9170901,38217
"2023-02-01 00:00:00",9132684,37427
"2023-01-31 00:00:00",9095257,32916
"2023-01-30 00:00:00",9062341,36416
"2023-01-29 00:00:00",9025925,0
"2023-01-28 00:00:00",9025925,79706
"2023-01-27 00:00:00",8946219,40687
"2023-01-26 00:00:00",8905532,41330
"2023-01-25 00:00:00",8864202,39810
"2023-01-24 00:00:00",8824392,34363
"2023-01-23 00:00:00",8790029,39285
"2023-01-22 00:00:00",8750744,0
"2023-01-21 00:00:00",8750744,43621
"2023-01-20 00:00:00",8707123,97627
"2023-01-19 00:00:00",8609496,51246
"2023-01-18 00:00:00",8558250,45879
"2023-01-17 00:00:00",8512371,39294
"2023-01-16 00:00:00",8473077,41127
"2023-01-15 00:00:00",8431950,50413
"2023-01-14 00:00:00",8381537,51626
"2023-01-13 00:00:00",8329911,47690
"2023-01-12 00:00:00",8282221,45776
"2023-01-11 00:00:00",8236445,43637
"2023-01-10 00:00:00",8192808,38078
"2023-01-09 00:00:00",8154730,0
"2023-01-08 00:00:00",8154730,85874
"2023-01-07 00:00:00",8068856,44889
"2023-01-06 00:00:00",8023967,45646
"2023-01-05 00:00:00",7978321,43446
"2023-01-04 00:00:00",7934875,40477
"2023-01-03 00:00:00",7894398,36712
"2023-01-02 00:00:00",7857686,42593
"2023-01-01 00:00:00",7815093,45223
"2022-12-31 00:00:00",7769870,45152
"2022-12-30 00:00:00",7724718,45560
"2022-12-29 00:00:00",7679158,44015
"2022-12-28 00:00:00",7635143,38453
"2022-12-27 00:00:00",7596690,34657
"2022-12-26 00:00:00",7562033,40588
"2022-12-25 00:00:00",7521445,46712
"2022-12-24 00:00:00",7474733,48750
"2022-12-23 00:00:00",7425983,49939
"2022-12-22 00:00:00",7376044,48326
"2022-12-21 00:00:00",7327718,45041
"2022-12-20 00:00:00",7282677,40225
"2022-12-19 00:00:00",7242452,47392
"2022-12-18 00:00:00",7195060,49494
"2022-12-17 00:00:00",7145566,52469
"2022-12-16 00:00:00",7093097,50439
"2022-12-15 00:00:00",7042658,52385
"2022-12-14 00:00:00",6990273,49494
"2022-12-13 00:00:00",6940779,0
"2022-12-12 00:00:00",6940779,92057
"2022-12-11 00:00:00",6848722,49916
"2022-12-10 00:00:00",6798806,54754
"2022-12-09 00:00:00",6744052,55242
"2022-12-08 00:00:00",6688810,53315
"2022-12-07 00:00:00",6635495,48244
"2022-12-06 00:00:00",6587251,52022
"2022-12-05 00:00:00",6535229,52022
"2022-12-04 00:00:00",6483208,52022
"2022-12-03 00:00:00",6431186,52022
"2022-12-02 00:00:00",6379165,52022
"2022-12-01 00:00:00",6327143,0
"2022-11-30 00:00:00",6327143,117517
"2022-11-29 00:00:00",6209626,51297
"2022-11-28 00:00:00",6158329,57023
"2022-11-27 00:00:00",6101306,59449
"2022-11-26 00:00:00",6041857,62394
"2022-11-25 00:00:00",5979463,69441
"2022-11-24 00:00:00",5910022,65803
"2022-11-23 00:00:00",5844219,63224
"2022-11-22 00:00:00",5780995,57245
"2022-11-21 00:00:00",5723750,67551
"2022-11-20 00:00:00",5656199,74261
"2022-11-19 00:00:00",5581938,74406
"2022-11-18 00:00:00",5507532,77547
"2022-11-17 00:00:00",5429985,80474
"2022-11-16 00:00:00",5349511,78793
"2022-11-15 00:00:00",5270718,69407
"2022-11-14 00:00:00",5201311,84835
"2022-11-13 00:00:00",5116477,84835
"2022-11-12 00:00:00",5031642,100293
"2022-11-11 00:00:00",4931349,96247
"2022-11-10 00:00:00",4835102,94786
"2022-11-09 00:00:00",4740316,91665
"2022-11-08 00:00:00",4648651,78494
"2022-11-07 00:00:00",4570157,89371
"2022-11-06 00:00:00",4480786,103753
"2022-11-05 00:00:00",4377033,115527
"2022-11-04 00:00:00",4261506,111480
"2022-11-03 00:00:00",4150026,111961
"2022-11-02 00:00:00",4038065,119479
"2022-11-01 00:00:00",3918586,105901
"2022-10-31 00:00:00",3812685,127020
"2022-10-30 00:00:00",3685665,145557
"2022-10-29 00:00:00",3540108,155544
"2022-10-28 00:00:00",3384564,155433
"2022-10-27 00:00:00",3229131,157717
"2022-10-26 00:00:00",3071414,164243
"2022-10-25 00:00:00",2907171,146144
"2022-10-24 00:00:00",2761027,177227
"2022-10-23 00:00:00",2583800,225175
"2022-10-22 00:00:00",2358625,238252
"2022-10-21 00:00:00",2120373,238060
"2022-10-20 00:00:00",1882313,274528
"2022-10-19 00:00:00",1607785,312461
"2022-10-18 00:00:00",1295324,0
"2022-10-17 00:00:00",1295324,731561
"2022-10-16 00:00:00",563763,0