﻿"DateTime","Spotify Streams","Change"
"2023-05-15 00:00:00",688452,976
"2023-05-14 00:00:00",687476,1061
"2023-05-13 00:00:00",686415,1061
"2023-05-12 00:00:00",685354,1053
"2023-05-11 00:00:00",684301,1053
"2023-05-10 00:00:00",683248,1081
"2023-05-09 00:00:00",682167,928
"2023-05-08 00:00:00",681239,0
"2023-05-07 00:00:00",681239,1727
"2023-05-06 00:00:00",679512,1727
"2023-05-05 00:00:00",677785,1096
"2023-05-04 00:00:00",676689,0
"2023-05-03 00:00:00",676689,2027
"2023-05-02 00:00:00",674662,0
"2023-05-01 00:00:00",674662,830
"2023-04-30 00:00:00",673832,2312
"2023-04-29 00:00:00",671520,994
"2023-04-28 00:00:00",670526,0
"2023-04-27 00:00:00",670526,2126
"2023-04-26 00:00:00",668400,1042
"2023-04-25 00:00:00",667358,879
"2023-04-24 00:00:00",666479,0
"2023-04-23 00:00:00",666479,1636
"2023-04-22 00:00:00",664844,1636
"2023-04-21 00:00:00",663208,1133
"2023-04-20 00:00:00",662075,1133
"2023-04-19 00:00:00",660942,1067
"2023-04-18 00:00:00",659875,1219
"2023-04-17 00:00:00",658656,1081
"2023-04-16 00:00:00",657575,1118
"2023-04-15 00:00:00",656457,1138
"2023-04-14 00:00:00",655319,1132
"2023-04-13 00:00:00",654187,1179
"2023-04-12 00:00:00",653008,1042
"2023-04-11 00:00:00",651966,940
"2023-04-10 00:00:00",651026,1085
"2023-04-09 00:00:00",649941,1185
"2023-04-08 00:00:00",648756,1158
"2023-04-07 00:00:00",647598,1199
"2023-04-06 00:00:00",646399,1232
"2023-04-05 00:00:00",645167,0
"2023-04-04 00:00:00",645167,2303
"2023-04-03 00:00:00",642864,1184
"2023-04-02 00:00:00",641680,1194
"2023-04-01 00:00:00",640486,0
"2023-03-31 00:00:00",640486,2513
"2023-03-30 00:00:00",637973,1210
"2023-03-29 00:00:00",636763,1147
"2023-03-28 00:00:00",635616,1086
"2023-03-27 00:00:00",634530,1159
"2023-03-26 00:00:00",633371,1254
"2023-03-25 00:00:00",632117,1265
"2023-03-24 00:00:00",630852,1398
"2023-03-23 00:00:00",629454,1328
"2023-03-22 00:00:00",628126,1229
"2023-03-21 00:00:00",626897,0
"2023-03-20 00:00:00",626897,2330
"2023-03-19 00:00:00",624567,1462
"2023-03-18 00:00:00",623105,1488
"2023-03-17 00:00:00",621617,1430
"2023-03-16 00:00:00",620187,1516
"2023-03-15 00:00:00",618671,1356
"2023-03-14 00:00:00",617315,0
"2023-03-13 00:00:00",617315,2500
"2023-03-12 00:00:00",614815,0
"2023-03-11 00:00:00",614815,2939
"2023-03-10 00:00:00",611876,1506
"2023-03-09 00:00:00",610370,1460
"2023-03-08 00:00:00",608910,1286
"2023-03-07 00:00:00",607624,1262
"2023-03-06 00:00:00",606362,1408
"2023-03-05 00:00:00",604954,1460
"2023-03-04 00:00:00",603494,1537
"2023-03-03 00:00:00",601957,0
"2023-03-02 00:00:00",601957,2882
"2023-03-01 00:00:00",599075,1389
"2023-02-28 00:00:00",597686,1244
"2023-02-27 00:00:00",596442,0
"2023-02-26 00:00:00",596442,2791
"2023-02-25 00:00:00",593651,1396
"2023-02-24 00:00:00",592255,1371
"2023-02-23 00:00:00",590884,1521
"2023-02-22 00:00:00",589363,1297
"2023-02-21 00:00:00",588066,0
"2023-02-20 00:00:00",588066,2610
"2023-02-19 00:00:00",585456,1476
"2023-02-18 00:00:00",583980,0
"2023-02-17 00:00:00",583980,2947
"2023-02-16 00:00:00",581033,1561
"2023-02-15 00:00:00",579472,1319
"2023-02-14 00:00:00",578153,1280
"2023-02-13 00:00:00",576873,1487
"2023-02-12 00:00:00",575386,1554
"2023-02-11 00:00:00",573832,0
"2023-02-10 00:00:00",573832,3019
"2023-02-09 00:00:00",570813,1548
"2023-02-08 00:00:00",569265,0
"2023-02-07 00:00:00",569265,2571
"2023-02-06 00:00:00",566694,1469
"2023-02-05 00:00:00",565225,1610
"2023-02-04 00:00:00",563615,1637
"2023-02-03 00:00:00",561978,1545
"2023-02-02 00:00:00",560433,1596
"2023-02-01 00:00:00",558837,1558
"2023-01-31 00:00:00",557279,1392
"2023-01-30 00:00:00",555887,1611
"2023-01-29 00:00:00",554276,831
"2023-01-28 00:00:00",553446,831
"2023-01-27 00:00:00",552615,2990
"2023-01-26 00:00:00",549625,0
"2023-01-25 00:00:00",549625,2944
"2023-01-24 00:00:00",546681,1268
"2023-01-23 00:00:00",545413,1442
"2023-01-22 00:00:00",543971,1587
"2023-01-21 00:00:00",542384,1639
"2023-01-20 00:00:00",540745,1665
"2023-01-19 00:00:00",539080,1556
"2023-01-18 00:00:00",537524,1430
"2023-01-17 00:00:00",536094,1347
"2023-01-16 00:00:00",534747,1424
"2023-01-15 00:00:00",533323,1610
"2023-01-14 00:00:00",531713,1760
"2023-01-13 00:00:00",529953,1764
"2023-01-12 00:00:00",528189,1709
"2023-01-11 00:00:00",526480,1635
"2023-01-10 00:00:00",524845,1443
"2023-01-09 00:00:00",523402,1653
"2023-01-08 00:00:00",521749,1686
"2023-01-07 00:00:00",520063,1743
"2023-01-06 00:00:00",518320,1689
"2023-01-05 00:00:00",516631,1635
"2023-01-04 00:00:00",514996,1513
"2023-01-03 00:00:00",513483,1463
"2023-01-02 00:00:00",512020,1719
"2023-01-01 00:00:00",510301,1766
"2022-12-31 00:00:00",508535,0
"2022-12-30 00:00:00",508535,3435
"2022-12-29 00:00:00",505100,1707
"2022-12-28 00:00:00",503393,1393
"2022-12-27 00:00:00",502000,1226
"2022-12-26 00:00:00",500774,1543
"2022-12-25 00:00:00",499231,1641
"2022-12-24 00:00:00",497590,1677
"2022-12-23 00:00:00",495913,1797
"2022-12-22 00:00:00",494116,1731
"2022-12-21 00:00:00",492385,1615
"2022-12-20 00:00:00",490770,1453
"2022-12-19 00:00:00",489317,1718
"2022-12-18 00:00:00",487599,1790
"2022-12-17 00:00:00",485809,1847
"2022-12-16 00:00:00",483962,1720
"2022-12-15 00:00:00",482242,1793
"2022-12-14 00:00:00",480449,1705
"2022-12-13 00:00:00",478744,1544
"2022-12-12 00:00:00",477200,1705
"2022-12-11 00:00:00",475495,1908
"2022-12-10 00:00:00",473587,2022
"2022-12-09 00:00:00",471565,1916
"2022-12-08 00:00:00",469649,1905
"2022-12-07 00:00:00",467744,1855
"2022-12-06 00:00:00",465889,1990
"2022-12-05 00:00:00",463899,1990
"2022-12-04 00:00:00",461910,1990
"2022-12-03 00:00:00",459920,1990
"2022-12-02 00:00:00",457931,1990
"2022-12-01 00:00:00",455941,2064
"2022-11-30 00:00:00",453877,1951
"2022-11-29 00:00:00",451926,1712
"2022-11-28 00:00:00",450214,1908
"2022-11-27 00:00:00",448306,1895
"2022-11-26 00:00:00",446411,2015
"2022-11-25 00:00:00",444396,2204
"2022-11-24 00:00:00",442192,2163
"2022-11-23 00:00:00",440029,2136
"2022-11-22 00:00:00",437893,1844
"2022-11-21 00:00:00",436049,2015
"2022-11-20 00:00:00",434034,2391
"2022-11-19 00:00:00",431643,2405
"2022-11-18 00:00:00",429238,2341
"2022-11-17 00:00:00",426897,2454
"2022-11-16 00:00:00",424443,2453
"2022-11-15 00:00:00",421990,1991
"2022-11-14 00:00:00",419999,2267
"2022-11-13 00:00:00",417732,2411
"2022-11-12 00:00:00",415321,2586
"2022-11-11 00:00:00",412735,2512
"2022-11-10 00:00:00",410223,2631
"2022-11-09 00:00:00",407592,2556
"2022-11-08 00:00:00",405036,2227
"2022-11-07 00:00:00",402809,2499
"2022-11-06 00:00:00",400310,2836
"2022-11-05 00:00:00",397474,3125
"2022-11-04 00:00:00",394349,2974
"2022-11-03 00:00:00",391375,3029
"2022-11-02 00:00:00",388346,2926
"2022-11-01 00:00:00",385420,2688
"2022-10-31 00:00:00",382732,3274
"2022-10-30 00:00:00",379458,3727
"2022-10-29 00:00:00",375731,3640
"2022-10-28 00:00:00",372091,3696
"2022-10-27 00:00:00",368395,3744
"2022-10-26 00:00:00",364651,3555
"2022-10-25 00:00:00",361096,3155
"2022-10-24 00:00:00",357941,3750
"2022-10-23 00:00:00",354191,3965
"2022-10-22 00:00:00",350226,4024
"2022-10-21 00:00:00",346202,4059
"2022-10-20 00:00:00",342143,3979
"2022-10-19 00:00:00",338164,3803
"2022-10-18 00:00:00",334361,3635
"2022-10-17 00:00:00",330726,4159
"2022-10-16 00:00:00",326567,4646
"2022-10-15 00:00:00",321921,10654
"2022-10-14 00:00:00",311267,0
"2022-10-13 00:00:00",311267,5193
"2022-10-12 00:00:00",306074,5008
"2022-10-11 00:00:00",301066,4698
"2022-10-10 00:00:00",296368,5544
"2022-10-09 00:00:00",290824,6227
"2022-10-08 00:00:00",284597,7001
"2022-10-07 00:00:00",277596,6761
"2022-10-06 00:00:00",270835,6439
"2022-10-05 00:00:00",264396,6305
"2022-10-04 00:00:00",258091,5796
"2022-10-03 00:00:00",252295,6649
"2022-10-02 00:00:00",245646,7440
"2022-10-01 00:00:00",238206,8283
"2022-09-30 00:00:00",229923,8576
"2022-09-29 00:00:00",221347,9918
"2022-09-28 00:00:00",211429,9918
"2022-09-27 00:00:00",201511,9538
"2022-09-26 00:00:00",191973,12396
"2022-09-25 00:00:00",179577,15125
"2022-09-24 00:00:00",164452,16652
"2022-09-23 00:00:00",147800,39555
"2022-09-22 00:00:00",108245,0
"2022-09-21 00:00:00",108245,22019
"2022-09-20 00:00:00",86226,20853
"2022-09-19 00:00:00",65373,28422
"2022-09-18 00:00:00",36951,0