﻿"DateTime","Spotify Streams","Change"
"2023-05-14 00:00:00",801484,962
"2023-05-13 00:00:00",800522,1073
"2023-05-12 00:00:00",799449,1014
"2023-05-11 00:00:00",798435,1102
"2023-05-10 00:00:00",797333,1013
"2023-05-09 00:00:00",796320,1011
"2023-05-08 00:00:00",795309,1034
"2023-05-07 00:00:00",794275,1086
"2023-05-06 00:00:00",793189,1086
"2023-05-05 00:00:00",792103,1007
"2023-05-04 00:00:00",791096,980
"2023-05-03 00:00:00",790116,942
"2023-05-02 00:00:00",789174,942
"2023-05-01 00:00:00",788232,937
"2023-04-30 00:00:00",787295,996
"2023-04-29 00:00:00",786299,959
"2023-04-28 00:00:00",785340,645
"2023-04-27 00:00:00",784695,645
"2023-04-26 00:00:00",784049,645
"2023-04-25 00:00:00",783404,1780
"2023-04-24 00:00:00",781624,0
"2023-04-23 00:00:00",781624,1835
"2023-04-22 00:00:00",779789,1012
"2023-04-21 00:00:00",778777,967
"2023-04-20 00:00:00",777810,967
"2023-04-19 00:00:00",776843,917
"2023-04-18 00:00:00",775927,917
"2023-04-17 00:00:00",775010,939
"2023-04-16 00:00:00",774071,1100
"2023-04-15 00:00:00",772971,1058
"2023-04-14 00:00:00",771913,998
"2023-04-13 00:00:00",770915,1075
"2023-04-12 00:00:00",769840,1039
"2023-04-11 00:00:00",768801,910
"2023-04-10 00:00:00",767891,992
"2023-04-09 00:00:00",766899,1085
"2023-04-08 00:00:00",765814,1167
"2023-04-07 00:00:00",764647,1138
"2023-04-06 00:00:00",763509,1367
"2023-04-05 00:00:00",762142,1116
"2023-04-04 00:00:00",761026,1054
"2023-04-03 00:00:00",759972,1115
"2023-04-02 00:00:00",758857,1103
"2023-04-01 00:00:00",757754,1132
"2023-03-31 00:00:00",756622,1130
"2023-03-30 00:00:00",755492,1106
"2023-03-29 00:00:00",754386,1038
"2023-03-28 00:00:00",753348,959
"2023-03-27 00:00:00",752389,1212
"2023-03-26 00:00:00",751177,1366
"2023-03-25 00:00:00",749811,1705
"2023-03-24 00:00:00",748106,1225
"2023-03-23 00:00:00",746881,0
"2023-03-22 00:00:00",746881,2190
"2023-03-21 00:00:00",744691,964
"2023-03-20 00:00:00",743727,1188
"2023-03-19 00:00:00",742539,1291
"2023-03-18 00:00:00",741248,1245
"2023-03-17 00:00:00",740003,1041
"2023-03-16 00:00:00",738962,989
"2023-03-15 00:00:00",737973,963
"2023-03-14 00:00:00",737010,892
"2023-03-13 00:00:00",736118,965
"2023-03-12 00:00:00",735153,1092
"2023-03-11 00:00:00",734061,1067
"2023-03-10 00:00:00",732994,1084
"2023-03-09 00:00:00",731910,1035
"2023-03-08 00:00:00",730875,981
"2023-03-07 00:00:00",729894,795
"2023-03-06 00:00:00",729099,946
"2023-03-05 00:00:00",728153,1046
"2023-03-04 00:00:00",727107,1098
"2023-03-03 00:00:00",726009,0
"2023-03-02 00:00:00",726009,1073
"2023-03-01 00:00:00",724936,2173
"2023-02-28 00:00:00",722763,913
"2023-02-27 00:00:00",721850,985
"2023-02-26 00:00:00",720865,1036
"2023-02-25 00:00:00",719829,1131
"2023-02-24 00:00:00",718698,1243
"2023-02-23 00:00:00",717455,1247
"2023-02-22 00:00:00",716208,0
"2023-02-21 00:00:00",716208,2147
"2023-02-20 00:00:00",714061,0
"2023-02-19 00:00:00",714061,2313
"2023-02-18 00:00:00",711748,1165
"2023-02-17 00:00:00",710583,1230
"2023-02-16 00:00:00",709353,1201
"2023-02-15 00:00:00",708152,1152
"2023-02-14 00:00:00",707000,1071
"2023-02-13 00:00:00",705929,1231
"2023-02-12 00:00:00",704698,1241
"2023-02-11 00:00:00",703457,1294
"2023-02-10 00:00:00",702163,1415
"2023-02-09 00:00:00",700748,1295
"2023-02-08 00:00:00",699453,1209
"2023-02-07 00:00:00",698244,0
"2023-02-06 00:00:00",698244,2324
"2023-02-05 00:00:00",695920,1338
"2023-02-04 00:00:00",694582,1397
"2023-02-03 00:00:00",693185,1392
"2023-02-02 00:00:00",691793,1380
"2023-02-01 00:00:00",690413,0
"2023-01-31 00:00:00",690413,2490
"2023-01-30 00:00:00",687923,1293
"2023-01-29 00:00:00",686630,1465
"2023-01-28 00:00:00",685165,1465
"2023-01-27 00:00:00",683700,1398
"2023-01-26 00:00:00",682302,1414
"2023-01-25 00:00:00",680888,1367
"2023-01-24 00:00:00",679521,1266
"2023-01-23 00:00:00",678255,1326
"2023-01-22 00:00:00",676929,1410
"2023-01-21 00:00:00",675519,1385
"2023-01-20 00:00:00",674134,1492
"2023-01-19 00:00:00",672642,1455
"2023-01-18 00:00:00",671187,1414
"2023-01-17 00:00:00",669773,1279
"2023-01-16 00:00:00",668494,1375
"2023-01-15 00:00:00",667119,1596
"2023-01-14 00:00:00",665523,1615
"2023-01-13 00:00:00",663908,1520
"2023-01-12 00:00:00",662388,1582
"2023-01-11 00:00:00",660806,1614
"2023-01-10 00:00:00",659192,1362
"2023-01-09 00:00:00",657830,1505
"2023-01-08 00:00:00",656325,1694
"2023-01-07 00:00:00",654631,0
"2023-01-06 00:00:00",654631,3361
"2023-01-05 00:00:00",651270,1748
"2023-01-04 00:00:00",649522,1503
"2023-01-03 00:00:00",648019,1452
"2023-01-02 00:00:00",646567,1701
"2023-01-01 00:00:00",644866,1839
"2022-12-31 00:00:00",643027,1738
"2022-12-30 00:00:00",641289,1691
"2022-12-29 00:00:00",639598,1768
"2022-12-28 00:00:00",637830,1556
"2022-12-27 00:00:00",636274,1269
"2022-12-26 00:00:00",635005,1509
"2022-12-25 00:00:00",633496,1831
"2022-12-24 00:00:00",631665,1977
"2022-12-23 00:00:00",629688,2132
"2022-12-22 00:00:00",627556,1816
"2022-12-21 00:00:00",625740,1755
"2022-12-20 00:00:00",623985,1577
"2022-12-19 00:00:00",622408,1956
"2022-12-18 00:00:00",620452,2248
"2022-12-17 00:00:00",618204,2202
"2022-12-16 00:00:00",616002,2054
"2022-12-15 00:00:00",613948,2172
"2022-12-14 00:00:00",611776,2251
"2022-12-13 00:00:00",609525,1854
"2022-12-12 00:00:00",607671,2005
"2022-12-11 00:00:00",605666,2403
"2022-12-10 00:00:00",603263,2574
"2022-12-09 00:00:00",600689,2611
"2022-12-08 00:00:00",598078,2611
"2022-12-07 00:00:00",595467,2252
"2022-12-06 00:00:00",593215,2710
"2022-12-05 00:00:00",590505,2710
"2022-12-04 00:00:00",587794,2710
"2022-12-03 00:00:00",585084,2710
"2022-12-02 00:00:00",582373,2710
"2022-12-01 00:00:00",579663,3147
"2022-11-30 00:00:00",576516,3354
"2022-11-29 00:00:00",573162,2745
"2022-11-28 00:00:00",570417,2510
"2022-11-27 00:00:00",567907,2223
"2022-11-26 00:00:00",565684,2444
"2022-11-25 00:00:00",563240,3007
"2022-11-24 00:00:00",560233,3004
"2022-11-23 00:00:00",557229,2415
"2022-11-22 00:00:00",554814,2315
"2022-11-21 00:00:00",552499,2534
"2022-11-20 00:00:00",549965,2982
"2022-11-19 00:00:00",546983,3127
"2022-11-18 00:00:00",543856,3100
"2022-11-17 00:00:00",540756,2997
"2022-11-16 00:00:00",537759,2937
"2022-11-15 00:00:00",534822,2662
"2022-11-14 00:00:00",532160,3162
"2022-11-13 00:00:00",528998,3483
"2022-11-12 00:00:00",525515,3610
"2022-11-11 00:00:00",521905,3725
"2022-11-10 00:00:00",518180,3668
"2022-11-09 00:00:00",514512,0
"2022-11-08 00:00:00",514512,6601
"2022-11-07 00:00:00",507911,3365
"2022-11-06 00:00:00",504546,3948
"2022-11-05 00:00:00",500598,4933
"2022-11-04 00:00:00",495665,4872
"2022-11-03 00:00:00",490793,4294
"2022-11-02 00:00:00",486499,4301
"2022-11-01 00:00:00",482198,4007
"2022-10-31 00:00:00",478191,4762
"2022-10-30 00:00:00",473429,5500
"2022-10-29 00:00:00",467929,6059
"2022-10-28 00:00:00",461870,5710
"2022-10-27 00:00:00",456160,5218
"2022-10-26 00:00:00",450942,5307
"2022-10-25 00:00:00",445635,4897
"2022-10-24 00:00:00",440738,5573
"2022-10-23 00:00:00",435165,6599
"2022-10-22 00:00:00",428566,7412
"2022-10-21 00:00:00",421154,6797
"2022-10-20 00:00:00",414357,7208
"2022-10-19 00:00:00",407149,7314
"2022-10-18 00:00:00",399835,6204
"2022-10-17 00:00:00",393631,7518
"2022-10-16 00:00:00",386113,16622
"2022-10-15 00:00:00",369491,0
"2022-10-14 00:00:00",369491,7603
"2022-10-13 00:00:00",361888,7039
"2022-10-12 00:00:00",354849,7212
"2022-10-11 00:00:00",347637,6198
"2022-10-10 00:00:00",341439,7707
"2022-10-09 00:00:00",333732,9911
"2022-10-08 00:00:00",323821,12571
"2022-10-07 00:00:00",311250,13525
"2022-10-06 00:00:00",297725,12053
"2022-10-05 00:00:00",285672,11916
"2022-10-04 00:00:00",273756,10416
"2022-10-03 00:00:00",263340,13457
"2022-10-02 00:00:00",249883,17675
"2022-10-01 00:00:00",232208,24157
"2022-09-30 00:00:00",208051,27535
"2022-09-29 00:00:00",180516,21712
"2022-09-28 00:00:00",158804,25247
"2022-09-27 00:00:00",133557,24778
"2022-09-26 00:00:00",108779,40341
"2022-09-25 00:00:00",68438,0