﻿"DateTime","Spotify Streams","Change"
"2023-05-17 00:00:00",5960401,9442
"2023-05-16 00:00:00",5950959,9442
"2023-05-15 00:00:00",5941517,8968
"2023-05-14 00:00:00",5932549,0
"2023-05-13 00:00:00",5932549,21436
"2023-05-12 00:00:00",5911113,11027
"2023-05-11 00:00:00",5900086,10832
"2023-05-10 00:00:00",5889254,10693
"2023-05-09 00:00:00",5878561,8944
"2023-05-08 00:00:00",5869617,9466
"2023-05-07 00:00:00",5860151,11100
"2023-05-06 00:00:00",5849052,11100
"2023-05-05 00:00:00",5837952,11514
"2023-05-04 00:00:00",5826438,11288
"2023-05-03 00:00:00",5815150,0
"2023-05-02 00:00:00",5815150,10914
"2023-05-01 00:00:00",5804236,19558
"2023-04-30 00:00:00",5784678,11925
"2023-04-29 00:00:00",5772753,11796
"2023-04-28 00:00:00",5760957,11796
"2023-04-27 00:00:00",5749161,5914
"2023-04-26 00:00:00",5743247,5914
"2023-04-25 00:00:00",5737333,11744
"2023-04-24 00:00:00",5725589,19693
"2023-04-23 00:00:00",5705896,11538
"2023-04-22 00:00:00",5694358,11618
"2023-04-21 00:00:00",5682741,11618
"2023-04-20 00:00:00",5671123,11375
"2023-04-19 00:00:00",5659748,10745
"2023-04-18 00:00:00",5649004,10745
"2023-04-17 00:00:00",5638259,10094
"2023-04-16 00:00:00",5628165,11789
"2023-04-15 00:00:00",5616376,12176
"2023-04-14 00:00:00",5604200,12358
"2023-04-13 00:00:00",5591842,12708
"2023-04-12 00:00:00",5579134,11746
"2023-04-11 00:00:00",5567388,10315
"2023-04-10 00:00:00",5557073,11585
"2023-04-09 00:00:00",5545488,0
"2023-04-08 00:00:00",5545488,25724
"2023-04-07 00:00:00",5519764,13657
"2023-04-06 00:00:00",5506107,13583
"2023-04-05 00:00:00",5492524,0
"2023-04-04 00:00:00",5492524,26356
"2023-04-03 00:00:00",5466168,13013
"2023-04-02 00:00:00",5453155,14881
"2023-04-01 00:00:00",5438274,15861
"2023-03-31 00:00:00",5422413,16302
"2023-03-30 00:00:00",5406111,16600
"2023-03-29 00:00:00",5389511,17454
"2023-03-28 00:00:00",5372057,15133
"2023-03-27 00:00:00",5356924,15217
"2023-03-26 00:00:00",5341707,18538
"2023-03-25 00:00:00",5323169,18849
"2023-03-24 00:00:00",5304320,19796
"2023-03-23 00:00:00",5284524,19249
"2023-03-22 00:00:00",5265275,16897
"2023-03-21 00:00:00",5248378,13336
"2023-03-20 00:00:00",5235042,13996
"2023-03-19 00:00:00",5221046,15754
"2023-03-18 00:00:00",5205292,15665
"2023-03-17 00:00:00",5189627,15950
"2023-03-16 00:00:00",5173677,15910
"2023-03-15 00:00:00",5157767,16392
"2023-03-14 00:00:00",5141375,13655
"2023-03-13 00:00:00",5127720,14947
"2023-03-12 00:00:00",5112773,0
"2023-03-11 00:00:00",5112773,35307
"2023-03-10 00:00:00",5077466,18257
"2023-03-09 00:00:00",5059209,17992
"2023-03-08 00:00:00",5041217,17655
"2023-03-07 00:00:00",5023562,14809
"2023-03-06 00:00:00",5008753,0
"2023-03-05 00:00:00",5008753,34892
"2023-03-04 00:00:00",4973861,19352
"2023-03-03 00:00:00",4954509,19417
"2023-03-02 00:00:00",4935092,19349
"2023-03-01 00:00:00",4915743,19321
"2023-02-28 00:00:00",4896422,16251
"2023-02-27 00:00:00",4880171,16995
"2023-02-26 00:00:00",4863176,19458
"2023-02-25 00:00:00",4843718,19702
"2023-02-24 00:00:00",4824016,20732
"2023-02-23 00:00:00",4803284,21719
"2023-02-22 00:00:00",4781565,18531
"2023-02-21 00:00:00",4763034,16969
"2023-02-20 00:00:00",4746065,18137
"2023-02-19 00:00:00",4727928,0
"2023-02-18 00:00:00",4727928,42510
"2023-02-17 00:00:00",4685418,21324
"2023-02-16 00:00:00",4664094,21764
"2023-02-15 00:00:00",4642330,20262
"2023-02-14 00:00:00",4622068,18208
"2023-02-13 00:00:00",4603860,19690
"2023-02-12 00:00:00",4584170,23235
"2023-02-11 00:00:00",4560935,24150
"2023-02-10 00:00:00",4536785,24861
"2023-02-09 00:00:00",4511924,24484
"2023-02-08 00:00:00",4487440,24338
"2023-02-07 00:00:00",4463102,20434
"2023-02-06 00:00:00",4442668,21715
"2023-02-05 00:00:00",4420953,24958
"2023-02-04 00:00:00",4395995,25523
"2023-02-03 00:00:00",4370472,25937
"2023-02-02 00:00:00",4344535,26733
"2023-02-01 00:00:00",4317802,26240
"2023-01-31 00:00:00",4291562,21783
"2023-01-30 00:00:00",4269779,23640
"2023-01-29 00:00:00",4246139,27668
"2023-01-28 00:00:00",4218471,28267
"2023-01-27 00:00:00",4190204,29606
"2023-01-26 00:00:00",4160598,30430
"2023-01-25 00:00:00",4130168,29864
"2023-01-24 00:00:00",4100304,24842
"2023-01-23 00:00:00",4075462,27497
"2023-01-22 00:00:00",4047965,32349
"2023-01-21 00:00:00",4015616,32422
"2023-01-20 00:00:00",3983194,33499
"2023-01-19 00:00:00",3949695,34431
"2023-01-18 00:00:00",3915264,30784
"2023-01-17 00:00:00",3884480,27983
"2023-01-16 00:00:00",3856497,28857
"2023-01-15 00:00:00",3827640,35913
"2023-01-14 00:00:00",3791727,37984
"2023-01-13 00:00:00",3753743,38260
"2023-01-12 00:00:00",3715483,39937
"2023-01-11 00:00:00",3675546,40315
"2023-01-10 00:00:00",3635231,33848
"2023-01-09 00:00:00",3601383,36371
"2023-01-08 00:00:00",3565012,43618
"2023-01-07 00:00:00",3521394,44649
"2023-01-06 00:00:00",3476745,52899
"2023-01-05 00:00:00",3423846,54394
"2023-01-04 00:00:00",3369452,47914
"2023-01-03 00:00:00",3321538,44223
"2023-01-02 00:00:00",3277315,54858
"2023-01-01 00:00:00",3222457,60271
"2022-12-31 00:00:00",3162186,59250
"2022-12-30 00:00:00",3102936,63614
"2022-12-29 00:00:00",3039322,63826
"2022-12-28 00:00:00",2975496,57477
"2022-12-27 00:00:00",2918019,50481
"2022-12-26 00:00:00",2867538,61462
"2022-12-25 00:00:00",2806076,88847
"2022-12-24 00:00:00",2717229,94307
"2022-12-23 00:00:00",2622922,97451
"2022-12-22 00:00:00",2525471,88366
"2022-12-21 00:00:00",2437105,95815
"2022-12-20 00:00:00",2341290,89407
"2022-12-19 00:00:00",2251883,107228
"2022-12-18 00:00:00",2144655,133003
"2022-12-17 00:00:00",2011652,159262
"2022-12-16 00:00:00",1852390,154654
"2022-12-15 00:00:00",1697736,174154
"2022-12-14 00:00:00",1523582,212529
"2022-12-13 00:00:00",1311053,216443
"2022-12-12 00:00:00",1094610,306312
"2022-12-11 00:00:00",788298,776636
"2022-12-10 00:00:00",11662,0