﻿"DateTime","Spotify Streams","Change"
"2023-05-14 00:00:00",940910,1087
"2023-05-13 00:00:00",939823,1127
"2023-05-12 00:00:00",938696,1180
"2023-05-11 00:00:00",937516,1142
"2023-05-10 00:00:00",936374,1075
"2023-05-09 00:00:00",935299,1024
"2023-05-08 00:00:00",934275,1085
"2023-05-07 00:00:00",933190,1233
"2023-05-06 00:00:00",931958,1233
"2023-05-05 00:00:00",930725,1160
"2023-05-04 00:00:00",929565,1111
"2023-05-03 00:00:00",928454,1105
"2023-05-02 00:00:00",927349,1105
"2023-05-01 00:00:00",926244,1093
"2023-04-30 00:00:00",925151,1097
"2023-04-29 00:00:00",924054,1017
"2023-04-28 00:00:00",923037,662
"2023-04-27 00:00:00",922375,662
"2023-04-26 00:00:00",921712,662
"2023-04-25 00:00:00",921050,1722
"2023-04-24 00:00:00",919328,0
"2023-04-23 00:00:00",919328,1897
"2023-04-22 00:00:00",917431,931
"2023-04-21 00:00:00",916500,1037
"2023-04-20 00:00:00",915463,1037
"2023-04-19 00:00:00",914426,904
"2023-04-18 00:00:00",913522,904
"2023-04-17 00:00:00",912618,952
"2023-04-16 00:00:00",911666,1068
"2023-04-15 00:00:00",910598,993
"2023-04-14 00:00:00",909605,1018
"2023-04-13 00:00:00",908587,987
"2023-04-12 00:00:00",907600,951
"2023-04-11 00:00:00",906649,942
"2023-04-10 00:00:00",905707,1005
"2023-04-09 00:00:00",904702,1090
"2023-04-08 00:00:00",903612,1138
"2023-04-07 00:00:00",902474,1182
"2023-04-06 00:00:00",901292,1112
"2023-04-05 00:00:00",900180,1072
"2023-04-04 00:00:00",899108,900
"2023-04-03 00:00:00",898208,1008
"2023-04-02 00:00:00",897200,1098
"2023-04-01 00:00:00",896102,1100
"2023-03-31 00:00:00",895002,1059
"2023-03-30 00:00:00",893943,1036
"2023-03-29 00:00:00",892907,1004
"2023-03-28 00:00:00",891903,915
"2023-03-27 00:00:00",890988,1032
"2023-03-26 00:00:00",889956,1024
"2023-03-25 00:00:00",888932,1149
"2023-03-24 00:00:00",887783,1125
"2023-03-23 00:00:00",886658,0
"2023-03-22 00:00:00",886658,1987
"2023-03-21 00:00:00",884671,876
"2023-03-20 00:00:00",883795,1040
"2023-03-19 00:00:00",882755,1119
"2023-03-18 00:00:00",881636,1089
"2023-03-17 00:00:00",880547,1056
"2023-03-16 00:00:00",879491,1002
"2023-03-15 00:00:00",878489,994
"2023-03-14 00:00:00",877495,911
"2023-03-13 00:00:00",876584,988
"2023-03-12 00:00:00",875596,994
"2023-03-11 00:00:00",874602,1092
"2023-03-10 00:00:00",873510,1033
"2023-03-09 00:00:00",872477,995
"2023-03-08 00:00:00",871482,912
"2023-03-07 00:00:00",870570,883
"2023-03-06 00:00:00",869687,973
"2023-03-05 00:00:00",868714,1065
"2023-03-04 00:00:00",867649,1034
"2023-03-03 00:00:00",866615,0
"2023-03-02 00:00:00",866615,1063
"2023-03-01 00:00:00",865552,2046
"2023-02-28 00:00:00",863506,926
"2023-02-27 00:00:00",862580,1017
"2023-02-26 00:00:00",861563,1036
"2023-02-25 00:00:00",860527,1034
"2023-02-24 00:00:00",859493,1134
"2023-02-23 00:00:00",858359,1194
"2023-02-22 00:00:00",857165,0
"2023-02-21 00:00:00",857165,2084
"2023-02-20 00:00:00",855081,0
"2023-02-19 00:00:00",855081,2338
"2023-02-18 00:00:00",852743,1152
"2023-02-17 00:00:00",851591,1166
"2023-02-16 00:00:00",850425,1116
"2023-02-15 00:00:00",849309,1067
"2023-02-14 00:00:00",848242,1003
"2023-02-13 00:00:00",847239,1162
"2023-02-12 00:00:00",846077,1238
"2023-02-11 00:00:00",844839,1281
"2023-02-10 00:00:00",843558,1309
"2023-02-09 00:00:00",842249,1210
"2023-02-08 00:00:00",841039,1262
"2023-02-07 00:00:00",839777,0
"2023-02-06 00:00:00",839777,2423
"2023-02-05 00:00:00",837354,1334
"2023-02-04 00:00:00",836020,1436
"2023-02-03 00:00:00",834584,1411
"2023-02-02 00:00:00",833173,1459
"2023-02-01 00:00:00",831714,0
"2023-01-31 00:00:00",831714,2580
"2023-01-30 00:00:00",829134,1346
"2023-01-29 00:00:00",827788,1409
"2023-01-28 00:00:00",826379,1409
"2023-01-27 00:00:00",824970,1392
"2023-01-26 00:00:00",823578,1424
"2023-01-25 00:00:00",822154,1340
"2023-01-24 00:00:00",820814,1282
"2023-01-23 00:00:00",819532,1448
"2023-01-22 00:00:00",818084,1482
"2023-01-21 00:00:00",816602,1424
"2023-01-20 00:00:00",815178,1480
"2023-01-19 00:00:00",813698,1457
"2023-01-18 00:00:00",812241,1536
"2023-01-17 00:00:00",810705,1316
"2023-01-16 00:00:00",809389,1469
"2023-01-15 00:00:00",807920,1615
"2023-01-14 00:00:00",806305,1575
"2023-01-13 00:00:00",804730,1515
"2023-01-12 00:00:00",803215,1561
"2023-01-11 00:00:00",801654,1537
"2023-01-10 00:00:00",800117,1361
"2023-01-09 00:00:00",798756,1539
"2023-01-08 00:00:00",797217,1661
"2023-01-07 00:00:00",795556,0
"2023-01-06 00:00:00",795556,3338
"2023-01-05 00:00:00",792218,1645
"2023-01-04 00:00:00",790573,1456
"2023-01-03 00:00:00",789117,1333
"2023-01-02 00:00:00",787784,1689
"2023-01-01 00:00:00",786095,1793
"2022-12-31 00:00:00",784302,1656
"2022-12-30 00:00:00",782646,1741
"2022-12-29 00:00:00",780905,1625
"2022-12-28 00:00:00",779280,1434
"2022-12-27 00:00:00",777846,1255
"2022-12-26 00:00:00",776591,1596
"2022-12-25 00:00:00",774995,1744
"2022-12-24 00:00:00",773251,1830
"2022-12-23 00:00:00",771421,1794
"2022-12-22 00:00:00",769627,1802
"2022-12-21 00:00:00",767825,1727
"2022-12-20 00:00:00",766098,1509
"2022-12-19 00:00:00",764589,1693
"2022-12-18 00:00:00",762896,1953
"2022-12-17 00:00:00",760943,1925
"2022-12-16 00:00:00",759018,1799
"2022-12-15 00:00:00",757219,1903
"2022-12-14 00:00:00",755316,2076
"2022-12-13 00:00:00",753240,1728
"2022-12-12 00:00:00",751512,1899
"2022-12-11 00:00:00",749613,2184
"2022-12-10 00:00:00",747429,2442
"2022-12-09 00:00:00",744987,2396
"2022-12-08 00:00:00",742591,2467
"2022-12-07 00:00:00",740124,2426
"2022-12-06 00:00:00",737698,2795
"2022-12-05 00:00:00",734903,2795
"2022-12-04 00:00:00",732109,2795
"2022-12-03 00:00:00",729314,2795
"2022-12-02 00:00:00",726520,2795
"2022-12-01 00:00:00",723725,3242
"2022-11-30 00:00:00",720483,3456
"2022-11-29 00:00:00",717027,2785
"2022-11-28 00:00:00",714242,2684
"2022-11-27 00:00:00",711558,2449
"2022-11-26 00:00:00",709109,2600
"2022-11-25 00:00:00",706509,3244
"2022-11-24 00:00:00",703265,2986
"2022-11-23 00:00:00",700279,2506
"2022-11-22 00:00:00",697773,2430
"2022-11-21 00:00:00",695343,2828
"2022-11-20 00:00:00",692515,3209
"2022-11-19 00:00:00",689306,3025
"2022-11-18 00:00:00",686281,3320
"2022-11-17 00:00:00",682961,3155
"2022-11-16 00:00:00",679806,2787
"2022-11-15 00:00:00",677019,2682
"2022-11-14 00:00:00",674337,3156
"2022-11-13 00:00:00",671181,3565
"2022-11-12 00:00:00",667616,3420
"2022-11-11 00:00:00",664196,3520
"2022-11-10 00:00:00",660676,3396
"2022-11-09 00:00:00",657280,0
"2022-11-08 00:00:00",657280,6157
"2022-11-07 00:00:00",651123,3270
"2022-11-06 00:00:00",647853,3848
"2022-11-05 00:00:00",644005,4254
"2022-11-04 00:00:00",639751,4010
"2022-11-03 00:00:00",635741,3667
"2022-11-02 00:00:00",632074,4474
"2022-11-01 00:00:00",627600,3862
"2022-10-31 00:00:00",623738,4224
"2022-10-30 00:00:00",619514,4820
"2022-10-29 00:00:00",614694,5179
"2022-10-28 00:00:00",609515,4837
"2022-10-27 00:00:00",604678,4720
"2022-10-26 00:00:00",599958,4705
"2022-10-25 00:00:00",595253,4293
"2022-10-24 00:00:00",590960,5025
"2022-10-23 00:00:00",585935,6727
"2022-10-22 00:00:00",579208,6594
"2022-10-21 00:00:00",572614,6517
"2022-10-20 00:00:00",566097,6822
"2022-10-19 00:00:00",559275,6891
"2022-10-18 00:00:00",552384,6129
"2022-10-17 00:00:00",546255,7303
"2022-10-16 00:00:00",538952,16433
"2022-10-15 00:00:00",522519,0
"2022-10-14 00:00:00",522519,7946
"2022-10-13 00:00:00",514573,8065
"2022-10-12 00:00:00",506508,8098
"2022-10-11 00:00:00",498410,7452
"2022-10-10 00:00:00",490958,8944
"2022-10-09 00:00:00",482014,10973
"2022-10-08 00:00:00",471041,12874
"2022-10-07 00:00:00",458167,14090
"2022-10-06 00:00:00",444077,14922
"2022-10-05 00:00:00",429155,15117
"2022-10-04 00:00:00",414038,13330
"2022-10-03 00:00:00",400708,17691
"2022-10-02 00:00:00",383017,23392
"2022-10-01 00:00:00",359625,35113
"2022-09-30 00:00:00",324512,42913
"2022-09-29 00:00:00",281599,31261
"2022-09-28 00:00:00",250338,36834
"2022-09-27 00:00:00",213504,36840
"2022-09-26 00:00:00",176664,62074
"2022-09-25 00:00:00",114590,113567
"2022-09-24 00:00:00",1023,0
"2022-09-23 00:00:00",1023,0