﻿"DateTime","Spotify Streams","Change"
"2023-05-14 00:00:00",909748,1149
"2023-05-13 00:00:00",908599,1182
"2023-05-12 00:00:00",907417,1169
"2023-05-11 00:00:00",906248,1169
"2023-05-10 00:00:00",905079,1102
"2023-05-09 00:00:00",903977,1036
"2023-05-08 00:00:00",902941,1177
"2023-05-07 00:00:00",901764,1246
"2023-05-06 00:00:00",900519,1246
"2023-05-05 00:00:00",899273,1251
"2023-05-04 00:00:00",898022,1166
"2023-05-03 00:00:00",896856,1064
"2023-05-02 00:00:00",895792,1064
"2023-05-01 00:00:00",894728,1115
"2023-04-30 00:00:00",893613,1115
"2023-04-29 00:00:00",892498,1029
"2023-04-28 00:00:00",891469,735
"2023-04-27 00:00:00",890734,735
"2023-04-26 00:00:00",890000,735
"2023-04-25 00:00:00",889265,2088
"2023-04-24 00:00:00",887177,0
"2023-04-23 00:00:00",887177,2072
"2023-04-22 00:00:00",885105,1119
"2023-04-21 00:00:00",883986,1073
"2023-04-20 00:00:00",882913,1073
"2023-04-19 00:00:00",881840,1038
"2023-04-18 00:00:00",880803,1038
"2023-04-17 00:00:00",879765,1127
"2023-04-16 00:00:00",878638,1196
"2023-04-15 00:00:00",877442,1172
"2023-04-14 00:00:00",876270,1161
"2023-04-13 00:00:00",875109,1094
"2023-04-12 00:00:00",874015,1062
"2023-04-11 00:00:00",872953,967
"2023-04-10 00:00:00",871986,1049
"2023-04-09 00:00:00",870937,1180
"2023-04-08 00:00:00",869757,1218
"2023-04-07 00:00:00",868539,1187
"2023-04-06 00:00:00",867352,1192
"2023-04-05 00:00:00",866160,1143
"2023-04-04 00:00:00",865017,1038
"2023-04-03 00:00:00",863979,1063
"2023-04-02 00:00:00",862916,1195
"2023-04-01 00:00:00",861721,1213
"2023-03-31 00:00:00",860508,1167
"2023-03-30 00:00:00",859341,1252
"2023-03-29 00:00:00",858089,1110
"2023-03-28 00:00:00",856979,1058
"2023-03-27 00:00:00",855921,1129
"2023-03-26 00:00:00",854792,1185
"2023-03-25 00:00:00",853607,1454
"2023-03-24 00:00:00",852153,1258
"2023-03-23 00:00:00",850895,0
"2023-03-22 00:00:00",850895,2269
"2023-03-21 00:00:00",848626,1136
"2023-03-20 00:00:00",847490,1143
"2023-03-19 00:00:00",846347,1324
"2023-03-18 00:00:00",845023,1231
"2023-03-17 00:00:00",843792,1200
"2023-03-16 00:00:00",842592,1099
"2023-03-15 00:00:00",841493,1181
"2023-03-14 00:00:00",840312,1043
"2023-03-13 00:00:00",839269,1075
"2023-03-12 00:00:00",838194,1158
"2023-03-11 00:00:00",837036,1216
"2023-03-10 00:00:00",835820,1218
"2023-03-09 00:00:00",834602,1107
"2023-03-08 00:00:00",833495,1128
"2023-03-07 00:00:00",832367,1057
"2023-03-06 00:00:00",831310,1189
"2023-03-05 00:00:00",830121,1147
"2023-03-04 00:00:00",828974,1249
"2023-03-03 00:00:00",827725,0
"2023-03-02 00:00:00",827725,1238
"2023-03-01 00:00:00",826487,2352
"2023-02-28 00:00:00",824135,1099
"2023-02-27 00:00:00",823036,1096
"2023-02-26 00:00:00",821940,1221
"2023-02-25 00:00:00",820719,1226
"2023-02-24 00:00:00",819493,1297
"2023-02-23 00:00:00",818196,1252
"2023-02-22 00:00:00",816944,0
"2023-02-21 00:00:00",816944,2330
"2023-02-20 00:00:00",814614,0
"2023-02-19 00:00:00",814614,2707
"2023-02-18 00:00:00",811907,1392
"2023-02-17 00:00:00",810515,1317
"2023-02-16 00:00:00",809198,1324
"2023-02-15 00:00:00",807874,1241
"2023-02-14 00:00:00",806633,1169
"2023-02-13 00:00:00",805464,1299
"2023-02-12 00:00:00",804165,1535
"2023-02-11 00:00:00",802630,1609
"2023-02-10 00:00:00",801021,1627
"2023-02-09 00:00:00",799394,1435
"2023-02-08 00:00:00",797959,1409
"2023-02-07 00:00:00",796550,0
"2023-02-06 00:00:00",796550,2757
"2023-02-05 00:00:00",793793,1513
"2023-02-04 00:00:00",792280,1650
"2023-02-03 00:00:00",790630,1616
"2023-02-02 00:00:00",789014,1597
"2023-02-01 00:00:00",787417,0
"2023-01-31 00:00:00",787417,2907
"2023-01-30 00:00:00",784510,1572
"2023-01-29 00:00:00",782938,1604
"2023-01-28 00:00:00",781335,1604
"2023-01-27 00:00:00",779731,1656
"2023-01-26 00:00:00",778075,1573
"2023-01-25 00:00:00",776502,1543
"2023-01-24 00:00:00",774959,1392
"2023-01-23 00:00:00",773567,1515
"2023-01-22 00:00:00",772052,1688
"2023-01-21 00:00:00",770364,1653
"2023-01-20 00:00:00",768711,1658
"2023-01-19 00:00:00",767053,1716
"2023-01-18 00:00:00",765337,1640
"2023-01-17 00:00:00",763697,1562
"2023-01-16 00:00:00",762135,1615
"2023-01-15 00:00:00",760520,1842
"2023-01-14 00:00:00",758678,1810
"2023-01-13 00:00:00",756868,1846
"2023-01-12 00:00:00",755022,1825
"2023-01-11 00:00:00",753197,1783
"2023-01-10 00:00:00",751414,1540
"2023-01-09 00:00:00",749874,1755
"2023-01-08 00:00:00",748119,2020
"2023-01-07 00:00:00",746099,0
"2023-01-06 00:00:00",746099,3893
"2023-01-05 00:00:00",742206,2268
"2023-01-04 00:00:00",739938,1727
"2023-01-03 00:00:00",738211,1590
"2023-01-02 00:00:00",736621,1886
"2023-01-01 00:00:00",734735,2091
"2022-12-31 00:00:00",732644,2019
"2022-12-30 00:00:00",730625,2043
"2022-12-29 00:00:00",728582,2037
"2022-12-28 00:00:00",726545,1736
"2022-12-27 00:00:00",724809,1466
"2022-12-26 00:00:00",723343,1790
"2022-12-25 00:00:00",721553,2000
"2022-12-24 00:00:00",719553,2151
"2022-12-23 00:00:00",717402,2171
"2022-12-22 00:00:00",715231,2204
"2022-12-21 00:00:00",713027,2128
"2022-12-20 00:00:00",710899,1842
"2022-12-19 00:00:00",709057,2076
"2022-12-18 00:00:00",706981,2223
"2022-12-17 00:00:00",704758,2303
"2022-12-16 00:00:00",702455,2253
"2022-12-15 00:00:00",700202,2371
"2022-12-14 00:00:00",697831,2337
"2022-12-13 00:00:00",695494,2100
"2022-12-12 00:00:00",693394,2304
"2022-12-11 00:00:00",691090,2643
"2022-12-10 00:00:00",688447,2897
"2022-12-09 00:00:00",685550,2809
"2022-12-08 00:00:00",682741,2867
"2022-12-07 00:00:00",679874,2861
"2022-12-06 00:00:00",677013,3022
"2022-12-05 00:00:00",673991,3022
"2022-12-04 00:00:00",670969,3022
"2022-12-03 00:00:00",667947,3022
"2022-12-02 00:00:00",664925,3022
"2022-12-01 00:00:00",661903,3439
"2022-11-30 00:00:00",658464,3524
"2022-11-29 00:00:00",654940,2916
"2022-11-28 00:00:00",652024,2906
"2022-11-27 00:00:00",649118,2617
"2022-11-26 00:00:00",646501,2736
"2022-11-25 00:00:00",643765,3244
"2022-11-24 00:00:00",640521,3215
"2022-11-23 00:00:00",637306,2787
"2022-11-22 00:00:00",634519,2678
"2022-11-21 00:00:00",631841,3284
"2022-11-20 00:00:00",628557,3413
"2022-11-19 00:00:00",625144,3434
"2022-11-18 00:00:00",621710,3405
"2022-11-17 00:00:00",618305,3298
"2022-11-16 00:00:00",615007,3110
"2022-11-15 00:00:00",611897,3158
"2022-11-14 00:00:00",608739,3568
"2022-11-13 00:00:00",605171,3915
"2022-11-12 00:00:00",601256,4052
"2022-11-11 00:00:00",597204,3917
"2022-11-10 00:00:00",593287,3824
"2022-11-09 00:00:00",589463,0
"2022-11-08 00:00:00",589463,7179
"2022-11-07 00:00:00",582284,3704
"2022-11-06 00:00:00",578580,4474
"2022-11-05 00:00:00",574106,5002
"2022-11-04 00:00:00",569104,4823
"2022-11-03 00:00:00",564281,4341
"2022-11-02 00:00:00",559940,4666
"2022-11-01 00:00:00",555274,4213
"2022-10-31 00:00:00",551061,4808
"2022-10-30 00:00:00",546253,5659
"2022-10-29 00:00:00",540594,5807
"2022-10-28 00:00:00",534787,5557
"2022-10-27 00:00:00",529230,5640
"2022-10-26 00:00:00",523590,5514
"2022-10-25 00:00:00",518076,5193
"2022-10-24 00:00:00",512883,5921
"2022-10-23 00:00:00",506962,6897
"2022-10-22 00:00:00",500065,7211
"2022-10-21 00:00:00",492854,6820
"2022-10-20 00:00:00",486034,7149
"2022-10-19 00:00:00",478885,7350
"2022-10-18 00:00:00",471535,6563
"2022-10-17 00:00:00",464972,7702
"2022-10-16 00:00:00",457270,17694
"2022-10-15 00:00:00",439576,0
"2022-10-14 00:00:00",439576,8428
"2022-10-13 00:00:00",431148,8090
"2022-10-12 00:00:00",423058,8060
"2022-10-11 00:00:00",414998,7189
"2022-10-10 00:00:00",407809,8903
"2022-10-09 00:00:00",398906,10542
"2022-10-08 00:00:00",388364,12218
"2022-10-07 00:00:00",376146,13075
"2022-10-06 00:00:00",363071,13604
"2022-10-05 00:00:00",349467,13599
"2022-10-04 00:00:00",335868,12231
"2022-10-03 00:00:00",323637,15567
"2022-10-02 00:00:00",308070,20346
"2022-10-01 00:00:00",287724,29759
"2022-09-30 00:00:00",257965,34228
"2022-09-29 00:00:00",223737,26055
"2022-09-28 00:00:00",197682,30823
"2022-09-27 00:00:00",166859,29825
"2022-09-26 00:00:00",137034,49362
"2022-09-25 00:00:00",87672,0