﻿"DateTime","Spotify Streams","Change"
"2023-05-15 00:00:00",6028417,12660
"2023-05-14 00:00:00",6015758,12660
"2023-05-13 00:00:00",6003098,29329
"2023-05-12 00:00:00",5973769,12386
"2023-05-11 00:00:00",5961383,11933
"2023-05-10 00:00:00",5949450,11291
"2023-05-09 00:00:00",5938159,10290
"2023-05-08 00:00:00",5927869,11711
"2023-05-07 00:00:00",5916158,12699
"2023-05-06 00:00:00",5903459,12563
"2023-05-05 00:00:00",5890896,12757
"2023-05-04 00:00:00",5878139,11891
"2023-05-03 00:00:00",5866248,11599
"2023-05-02 00:00:00",5854649,11599
"2023-05-01 00:00:00",5843050,11599
"2023-04-30 00:00:00",5831451,13148
"2023-04-29 00:00:00",5818303,12402
"2023-04-28 00:00:00",5805901,5889
"2023-04-27 00:00:00",5800013,5889
"2023-04-26 00:00:00",5794124,16397
"2023-04-25 00:00:00",5777727,16397
"2023-04-24 00:00:00",5761330,5663
"2023-04-23 00:00:00",5755668,5663
"2023-04-22 00:00:00",5750005,27031
"2023-04-21 00:00:00",5722974,13150
"2023-04-20 00:00:00",5709824,13367
"2023-04-19 00:00:00",5696457,12574
"2023-04-18 00:00:00",5683883,0
"2023-04-17 00:00:00",5683883,23653
"2023-04-16 00:00:00",5660230,13643
"2023-04-15 00:00:00",5646587,13739
"2023-04-14 00:00:00",5632848,0
"2023-04-13 00:00:00",5632848,28777
"2023-04-12 00:00:00",5604071,13985
"2023-04-11 00:00:00",5590086,12026
"2023-04-10 00:00:00",5578060,13600
"2023-04-09 00:00:00",5564460,0
"2023-04-08 00:00:00",5564460,30527
"2023-04-07 00:00:00",5533933,15562
"2023-04-06 00:00:00",5518371,15980
"2023-04-05 00:00:00",5502391,15769
"2023-04-04 00:00:00",5486622,0
"2023-04-03 00:00:00",5486622,29561
"2023-04-02 00:00:00",5457061,16825
"2023-04-01 00:00:00",5440236,0
"2023-03-31 00:00:00",5440236,33976
"2023-03-30 00:00:00",5406260,16376
"2023-03-29 00:00:00",5389884,16153
"2023-03-28 00:00:00",5373731,14609
"2023-03-27 00:00:00",5359122,15849
"2023-03-26 00:00:00",5343273,17731
"2023-03-25 00:00:00",5325542,16550
"2023-03-24 00:00:00",5308992,15869
"2023-03-23 00:00:00",5293123,15814
"2023-03-22 00:00:00",5277309,15341
"2023-03-21 00:00:00",5261968,13650
"2023-03-20 00:00:00",5248318,0
"2023-03-19 00:00:00",5248318,31650
"2023-03-18 00:00:00",5216668,16162
"2023-03-17 00:00:00",5200506,16044
"2023-03-16 00:00:00",5184462,15573
"2023-03-15 00:00:00",5168889,15297
"2023-03-14 00:00:00",5153592,14224
"2023-03-13 00:00:00",5139368,15841
"2023-03-12 00:00:00",5123527,17398
"2023-03-11 00:00:00",5106129,16961
"2023-03-10 00:00:00",5089168,16759
"2023-03-09 00:00:00",5072409,16696
"2023-03-08 00:00:00",5055713,17018
"2023-03-07 00:00:00",5038695,15138
"2023-03-06 00:00:00",5023557,17250
"2023-03-05 00:00:00",5006307,0
"2023-03-04 00:00:00",5006307,37466
"2023-03-03 00:00:00",4968841,17149
"2023-03-02 00:00:00",4951692,17290
"2023-03-01 00:00:00",4934402,16885
"2023-02-28 00:00:00",4917517,15325
"2023-02-27 00:00:00",4902192,17074
"2023-02-26 00:00:00",4885118,19688
"2023-02-25 00:00:00",4865430,19506
"2023-02-24 00:00:00",4845924,21340
"2023-02-23 00:00:00",4824584,22469
"2023-02-22 00:00:00",4802115,19567
"2023-02-21 00:00:00",4782548,17943
"2023-02-20 00:00:00",4764605,19790
"2023-02-19 00:00:00",4744815,21451
"2023-02-18 00:00:00",4723364,19248
"2023-02-17 00:00:00",4704116,0
"2023-02-16 00:00:00",4704116,36445
"2023-02-15 00:00:00",4667671,18329
"2023-02-14 00:00:00",4649342,0
"2023-02-13 00:00:00",4649342,36529
"2023-02-12 00:00:00",4612813,21544
"2023-02-11 00:00:00",4591269,21204
"2023-02-10 00:00:00",4570065,20976
"2023-02-09 00:00:00",4549089,19377
"2023-02-08 00:00:00",4529712,19325
"2023-02-07 00:00:00",4510387,16764
"2023-02-06 00:00:00",4493623,18142
"2023-02-05 00:00:00",4475481,20030
"2023-02-04 00:00:00",4455451,19679
"2023-02-03 00:00:00",4435772,0
"2023-02-02 00:00:00",4435772,38245
"2023-02-01 00:00:00",4397527,19399
"2023-01-31 00:00:00",4378128,17918
"2023-01-30 00:00:00",4360210,20167
"2023-01-29 00:00:00",4340043,22213
"2023-01-28 00:00:00",4317830,20567
"2023-01-27 00:00:00",4297263,20917
"2023-01-26 00:00:00",4276346,20568
"2023-01-25 00:00:00",4255778,19155
"2023-01-24 00:00:00",4236623,17216
"2023-01-23 00:00:00",4219407,20712
"2023-01-22 00:00:00",4198695,22566
"2023-01-21 00:00:00",4176129,20678
"2023-01-20 00:00:00",4155451,20631
"2023-01-19 00:00:00",4134820,20226
"2023-01-18 00:00:00",4114594,18736
"2023-01-17 00:00:00",4095858,17928
"2023-01-16 00:00:00",4077930,19356
"2023-01-15 00:00:00",4058574,21757
"2023-01-14 00:00:00",4036817,21233
"2023-01-13 00:00:00",4015584,20831
"2023-01-12 00:00:00",3994753,20888
"2023-01-11 00:00:00",3973865,20089
"2023-01-10 00:00:00",3953776,18511
"2023-01-09 00:00:00",3935265,21153
"2023-01-08 00:00:00",3914112,21910
"2023-01-07 00:00:00",3892202,21793
"2023-01-06 00:00:00",3870409,21672
"2023-01-05 00:00:00",3848737,20563
"2023-01-04 00:00:00",3828174,18581
"2023-01-03 00:00:00",3809593,18523
"2023-01-02 00:00:00",3791070,21083
"2023-01-01 00:00:00",3769987,21675
"2022-12-31 00:00:00",3748312,21705
"2022-12-30 00:00:00",3726607,21033
"2022-12-29 00:00:00",3705574,20524
"2022-12-28 00:00:00",3685050,18006
"2022-12-27 00:00:00",3667044,14660
"2022-12-26 00:00:00",3652384,18904
"2022-12-25 00:00:00",3633480,21909
"2022-12-24 00:00:00",3611571,23979
"2022-12-23 00:00:00",3587592,25278
"2022-12-22 00:00:00",3562314,25633
"2022-12-21 00:00:00",3536681,24777
"2022-12-20 00:00:00",3511904,22752
"2022-12-19 00:00:00",3489152,27244
"2022-12-18 00:00:00",3461908,30356
"2022-12-17 00:00:00",3431552,31031
"2022-12-16 00:00:00",3400521,29685
"2022-12-15 00:00:00",3370836,29425
"2022-12-14 00:00:00",3341411,28558
"2022-12-13 00:00:00",3312853,26333
"2022-12-12 00:00:00",3286520,29240
"2022-12-11 00:00:00",3257280,33444
"2022-12-10 00:00:00",3223836,40632
"2022-12-09 00:00:00",3183204,39709
"2022-12-08 00:00:00",3143495,38307
"2022-12-07 00:00:00",3105188,36353
"2022-12-06 00:00:00",3068835,41171
"2022-12-05 00:00:00",3027664,41171
"2022-12-04 00:00:00",2986494,41171
"2022-12-03 00:00:00",2945323,41171
"2022-12-02 00:00:00",2904153,41171
"2022-12-01 00:00:00",2862982,49960
"2022-11-30 00:00:00",2813022,45336
"2022-11-29 00:00:00",2767686,39698
"2022-11-28 00:00:00",2727988,45112
"2022-11-27 00:00:00",2682876,48199
"2022-11-26 00:00:00",2634677,51450
"2022-11-25 00:00:00",2583227,60435
"2022-11-24 00:00:00",2522792,58910
"2022-11-23 00:00:00",2463882,55493
"2022-11-22 00:00:00",2408389,48298
"2022-11-21 00:00:00",2360091,55625
"2022-11-20 00:00:00",2304466,61673
"2022-11-19 00:00:00",2242793,62462
"2022-11-18 00:00:00",2180331,64053
"2022-11-17 00:00:00",2116278,63430
"2022-11-16 00:00:00",2052848,62787
"2022-11-15 00:00:00",1990061,55888
"2022-11-14 00:00:00",1934173,67177
"2022-11-13 00:00:00",1866996,83170
"2022-11-12 00:00:00",1783826,93834
"2022-11-11 00:00:00",1689992,91763
"2022-11-10 00:00:00",1598229,92615
"2022-11-09 00:00:00",1505614,91674
"2022-11-08 00:00:00",1413940,79818
"2022-11-07 00:00:00",1334122,90776
"2022-11-06 00:00:00",1243346,114955
"2022-11-05 00:00:00",1128391,141047
"2022-11-04 00:00:00",987344,139603
"2022-11-03 00:00:00",847741,137942
"2022-11-02 00:00:00",709799,146864
"2022-11-01 00:00:00",562935,129997
"2022-10-31 00:00:00",432938,165636
"2022-10-30 00:00:00",267302,263207
"2022-10-29 00:00:00",4095,0