﻿"DateTime","Spotify Streams","Change"
"2023-05-14 00:00:00",11146249,24446
"2023-05-13 00:00:00",11121803,24514
"2023-05-12 00:00:00",11097289,24690
"2023-05-11 00:00:00",11072599,24428
"2023-05-10 00:00:00",11048171,23905
"2023-05-09 00:00:00",11024266,21897
"2023-05-08 00:00:00",11002369,22475
"2023-05-07 00:00:00",10979894,24287
"2023-05-06 00:00:00",10955607,24441
"2023-05-05 00:00:00",10931166,23585
"2023-05-04 00:00:00",10907581,24138
"2023-05-03 00:00:00",10883443,22216
"2023-05-02 00:00:00",10861227,20853
"2023-05-01 00:00:00",10840374,21942
"2023-04-30 00:00:00",10818432,24598
"2023-04-29 00:00:00",10793834,25338
"2023-04-28 00:00:00",10768496,26010
"2023-04-27 00:00:00",10742486,26259
"2023-04-26 00:00:00",10716227,25333
"2023-04-25 00:00:00",10690894,23005
"2023-04-24 00:00:00",10667889,24255
"2023-04-23 00:00:00",10643634,27271
"2023-04-22 00:00:00",10616363,26702
"2023-04-21 00:00:00",10589661,26189
"2023-04-20 00:00:00",10563472,26578
"2023-04-19 00:00:00",10536894,24924
"2023-04-18 00:00:00",10511970,21640
"2023-04-17 00:00:00",10490330,22794
"2023-04-16 00:00:00",10467536,24671
"2023-04-15 00:00:00",10442865,24711
"2023-04-14 00:00:00",10418154,24716
"2023-04-13 00:00:00",10393438,25975
"2023-04-12 00:00:00",10367463,24534
"2023-04-11 00:00:00",10342929,21196
"2023-04-10 00:00:00",10321733,23281
"2023-04-09 00:00:00",10298452,24900
"2023-04-08 00:00:00",10273552,27087
"2023-04-07 00:00:00",10246465,27739
"2023-04-06 00:00:00",10218726,28218
"2023-04-05 00:00:00",10190508,27442
"2023-04-04 00:00:00",10163066,24587
"2023-04-03 00:00:00",10138479,26442
"2023-04-02 00:00:00",10112037,29756
"2023-04-01 00:00:00",10082281,31945
"2023-03-31 00:00:00",10050336,33394
"2023-03-30 00:00:00",10016942,31888
"2023-03-29 00:00:00",9985054,31395
"2023-03-28 00:00:00",9953659,28371
"2023-03-27 00:00:00",9925288,30415
"2023-03-26 00:00:00",9894873,32161
"2023-03-25 00:00:00",9862712,30931
"2023-03-24 00:00:00",9831781,29735
"2023-03-23 00:00:00",9802046,29607
"2023-03-22 00:00:00",9772439,29554
"2023-03-21 00:00:00",9742885,26427
"2023-03-20 00:00:00",9716458,28324
"2023-03-19 00:00:00",9688134,30561
"2023-03-18 00:00:00",9657573,31082
"2023-03-17 00:00:00",9626491,32130
"2023-03-16 00:00:00",9594361,31980
"2023-03-15 00:00:00",9562381,30728
"2023-03-14 00:00:00",9531653,28841
"2023-03-13 00:00:00",9502812,30588
"2023-03-12 00:00:00",9472224,33505
"2023-03-11 00:00:00",9438719,34514
"2023-03-10 00:00:00",9404205,34345
"2023-03-09 00:00:00",9369860,34377
"2023-03-08 00:00:00",9335483,32865
"2023-03-07 00:00:00",9302618,29551
"2023-03-06 00:00:00",9273067,32440
"2023-03-05 00:00:00",9240627,35248
"2023-03-04 00:00:00",9205379,37018
"2023-03-03 00:00:00",9168361,39032
"2023-03-02 00:00:00",9129329,40594
"2023-03-01 00:00:00",9088735,36365
"2023-02-28 00:00:00",9052370,32543
"2023-02-27 00:00:00",9019827,35924
"2023-02-26 00:00:00",8983903,41949
"2023-02-25 00:00:00",8941954,47558
"2023-02-24 00:00:00",8894396,50567
"2023-02-23 00:00:00",8843829,32074
"2023-02-22 00:00:00",8811755,30352
"2023-02-21 00:00:00",8781403,29612
"2023-02-20 00:00:00",8751791,32724
"2023-02-19 00:00:00",8719067,35103
"2023-02-18 00:00:00",8683964,35498
"2023-02-17 00:00:00",8648466,34910
"2023-02-16 00:00:00",8613556,35353
"2023-02-15 00:00:00",8578203,33174
"2023-02-14 00:00:00",8545029,30354
"2023-02-13 00:00:00",8514675,33331
"2023-02-12 00:00:00",8481344,36353
"2023-02-11 00:00:00",8444991,36408
"2023-02-10 00:00:00",8408583,37109
"2023-02-09 00:00:00",8371474,37023
"2023-02-08 00:00:00",8334451,34790
"2023-02-07 00:00:00",8299661,31426
"2023-02-06 00:00:00",8268235,33792
"2023-02-05 00:00:00",8234443,37225
"2023-02-04 00:00:00",8197218,36768
"2023-02-03 00:00:00",8160450,37634
"2023-02-02 00:00:00",8122816,38386
"2023-02-01 00:00:00",8084430,36809
"2023-01-31 00:00:00",8047621,31979
"2023-01-30 00:00:00",8015642,35129
"2023-01-29 00:00:00",7980513,0
"2023-01-28 00:00:00",7980513,80088
"2023-01-27 00:00:00",7900425,38453
"2023-01-26 00:00:00",7861972,38687
"2023-01-25 00:00:00",7823285,37140
"2023-01-24 00:00:00",7786145,33393
"2023-01-23 00:00:00",7752752,36168
"2023-01-22 00:00:00",7716584,40338
"2023-01-21 00:00:00",7676246,38707
"2023-01-20 00:00:00",7637539,39395
"2023-01-19 00:00:00",7598144,39990
"2023-01-18 00:00:00",7558154,36938
"2023-01-17 00:00:00",7521216,33781
"2023-01-16 00:00:00",7487435,34793
"2023-01-15 00:00:00",7452642,41342
"2023-01-14 00:00:00",7411300,41841
"2023-01-13 00:00:00",7369459,39912
"2023-01-12 00:00:00",7329547,42154
"2023-01-11 00:00:00",7287393,42241
"2023-01-10 00:00:00",7245152,38521
"2023-01-09 00:00:00",7206631,41399
"2023-01-08 00:00:00",7165232,44218
"2023-01-07 00:00:00",7121014,43670
"2023-01-06 00:00:00",7077344,43307
"2023-01-05 00:00:00",7034037,41247
"2023-01-04 00:00:00",6992790,40180
"2023-01-03 00:00:00",6952610,34970
"2023-01-02 00:00:00",6917640,39382
"2023-01-01 00:00:00",6878258,43035
"2022-12-31 00:00:00",6835223,42880
"2022-12-30 00:00:00",6792343,42842
"2022-12-29 00:00:00",6749501,43297
"2022-12-28 00:00:00",6706204,39493
"2022-12-27 00:00:00",6666711,35190
"2022-12-26 00:00:00",6631521,40342
"2022-12-25 00:00:00",6591179,45523
"2022-12-24 00:00:00",6545656,47477
"2022-12-23 00:00:00",6498179,47867
"2022-12-22 00:00:00",6450312,47831
"2022-12-21 00:00:00",6402481,48899
"2022-12-20 00:00:00",6353582,43116
"2022-12-19 00:00:00",6310466,48367
"2022-12-18 00:00:00",6262099,52338
"2022-12-17 00:00:00",6209761,51556
"2022-12-16 00:00:00",6158205,51827
"2022-12-15 00:00:00",6106378,51962
"2022-12-14 00:00:00",6054416,51210
"2022-12-13 00:00:00",6003206,48191
"2022-12-12 00:00:00",5955015,51244
"2022-12-11 00:00:00",5903771,55794
"2022-12-10 00:00:00",5847977,57519
"2022-12-09 00:00:00",5790458,56403
"2022-12-08 00:00:00",5734055,54242
"2022-12-07 00:00:00",5679813,53173
"2022-12-06 00:00:00",5626640,54893
"2022-12-05 00:00:00",5571747,54893
"2022-12-04 00:00:00",5516853,54893
"2022-12-03 00:00:00",5461960,54893
"2022-12-02 00:00:00",5407066,54893
"2022-12-01 00:00:00",5352173,57094
"2022-11-30 00:00:00",5295079,55202
"2022-11-29 00:00:00",5239877,50668
"2022-11-28 00:00:00",5189209,51326
"2022-11-27 00:00:00",5137883,53078
"2022-11-26 00:00:00",5084805,51816
"2022-11-25 00:00:00",5032989,56367
"2022-11-24 00:00:00",4976622,57434
"2022-11-23 00:00:00",4919188,57260
"2022-11-22 00:00:00",4861928,52308
"2022-11-21 00:00:00",4809620,59681
"2022-11-20 00:00:00",4749939,67514
"2022-11-19 00:00:00",4682425,74021
"2022-11-18 00:00:00",4608404,75885
"2022-11-17 00:00:00",4532519,76331
"2022-11-16 00:00:00",4456188,62862
"2022-11-15 00:00:00",4393326,52049
"2022-11-14 00:00:00",4341277,50402
"2022-11-13 00:00:00",4290875,44015
"2022-11-12 00:00:00",4246860,41965
"2022-11-11 00:00:00",4204895,40467
"2022-11-10 00:00:00",4164428,41135
"2022-11-09 00:00:00",4123293,40253
"2022-11-08 00:00:00",4083040,35822
"2022-11-07 00:00:00",4047218,39240
"2022-11-06 00:00:00",4007978,43883
"2022-11-05 00:00:00",3964095,47676
"2022-11-04 00:00:00",3916419,48899
"2022-11-03 00:00:00",3867520,45747
"2022-11-02 00:00:00",3821773,44991
"2022-11-01 00:00:00",3776782,40029
"2022-10-31 00:00:00",3736753,40030
"2022-10-30 00:00:00",3696723,44406
"2022-10-29 00:00:00",3652317,43083
"2022-10-28 00:00:00",3609234,40711
"2022-10-27 00:00:00",3568523,39693
"2022-10-26 00:00:00",3528830,39192
"2022-10-25 00:00:00",3489638,36371
"2022-10-24 00:00:00",3453267,38485
"2022-10-23 00:00:00",3414782,41612
"2022-10-22 00:00:00",3373170,40371
"2022-10-21 00:00:00",3332799,38989
"2022-10-20 00:00:00",3293810,38866
"2022-10-19 00:00:00",3254944,37763
"2022-10-18 00:00:00",3217181,34782
"2022-10-17 00:00:00",3182399,37371
"2022-10-16 00:00:00",3145028,42090
"2022-10-15 00:00:00",3102938,82554
"2022-10-14 00:00:00",3020384,0
"2022-10-13 00:00:00",3020384,38897
"2022-10-12 00:00:00",2981487,37421
"2022-10-11 00:00:00",2944066,34538
"2022-10-10 00:00:00",2909528,38263
"2022-10-09 00:00:00",2871265,39262
"2022-10-08 00:00:00",2832003,37394
"2022-10-07 00:00:00",2794609,37166
"2022-10-06 00:00:00",2757443,36291
"2022-10-05 00:00:00",2721152,34775
"2022-10-04 00:00:00",2686377,31182
"2022-10-03 00:00:00",2655195,34096
"2022-10-02 00:00:00",2621099,37445
"2022-10-01 00:00:00",2583654,36631
"2022-09-30 00:00:00",2547023,36367
"2022-09-29 00:00:00",2510656,37499
"2022-09-28 00:00:00",2473157,35800
"2022-09-27 00:00:00",2437357,33297
"2022-09-26 00:00:00",2404060,36124
"2022-09-25 00:00:00",2367936,40513
"2022-09-24 00:00:00",2327423,39359
"2022-09-23 00:00:00",2288064,39929
"2022-09-22 00:00:00",2248135,39288
"2022-09-21 00:00:00",2208847,38814
"2022-09-20 00:00:00",2170033,35815
"2022-09-19 00:00:00",2134218,39390
"2022-09-18 00:00:00",2094828,44877
"2022-09-17 00:00:00",2049951,45058
"2022-09-16 00:00:00",2004893,43568
"2022-09-15 00:00:00",1961325,43490
"2022-09-14 00:00:00",1917835,43165
"2022-09-13 00:00:00",1874670,41267
"2022-09-12 00:00:00",1833403,42889
"2022-09-11 00:00:00",1790514,46784
"2022-09-10 00:00:00",1743730,45224
"2022-09-09 00:00:00",1698506,48160
"2022-09-08 00:00:00",1650346,93374
"2022-09-07 00:00:00",1556972,0
"2022-09-06 00:00:00",1556972,44062
"2022-09-05 00:00:00",1512910,49244
"2022-09-04 00:00:00",1463666,58446
"2022-09-03 00:00:00",1405220,54962
"2022-09-02 00:00:00",1350258,55234
"2022-09-01 00:00:00",1295024,54631
"2022-08-31 00:00:00",1240393,53103
"2022-08-30 00:00:00",1187290,48361
"2022-08-29 00:00:00",1138929,51274
"2022-08-28 00:00:00",1087655,55906
"2022-08-27 00:00:00",1031749,54724
"2022-08-26 00:00:00",977025,56314
"2022-08-25 00:00:00",920711,57450
"2022-08-24 00:00:00",863261,58947
"2022-08-23 00:00:00",804314,55987
"2022-08-22 00:00:00",748327,62253
"2022-08-21 00:00:00",686074,70126
"2022-08-20 00:00:00",615948,73713
"2022-08-19 00:00:00",542235,74373
"2022-08-18 00:00:00",467862,73574
"2022-08-17 00:00:00",394288,71762
"2022-08-16 00:00:00",322526,69908
"2022-08-15 00:00:00",252618,80339
"2022-08-14 00:00:00",172279,102551
"2022-08-13 00:00:00",69728,0