﻿"DateTime","Spotify Streams","Change"
"2023-05-09 00:00:00",10457913,9911
"2023-05-08 00:00:00",10448002,11486
"2023-05-07 00:00:00",10436516,12774
"2023-05-06 00:00:00",10423742,11793
"2023-05-05 00:00:00",10411949,0
"2023-05-04 00:00:00",10411949,23355
"2023-05-03 00:00:00",10388594,10480
"2023-05-02 00:00:00",10378114,9551
"2023-05-01 00:00:00",10368563,8118
"2023-04-30 00:00:00",10360445,8118
"2023-04-29 00:00:00",10352328,8118
"2023-04-28 00:00:00",10344210,24039
"2023-04-27 00:00:00",10320171,0
"2023-04-26 00:00:00",10320171,23316
"2023-04-25 00:00:00",10296855,10696
"2023-04-24 00:00:00",10286159,10696
"2023-04-23 00:00:00",10275463,12353
"2023-04-22 00:00:00",10263110,12566
"2023-04-21 00:00:00",10250544,0
"2023-04-20 00:00:00",10250544,17869
"2023-04-19 00:00:00",10232676,17869
"2023-04-18 00:00:00",10214807,0
"2023-04-17 00:00:00",10214807,22283
"2023-04-16 00:00:00",10192524,13159
"2023-04-15 00:00:00",10179365,12783
"2023-04-14 00:00:00",10166582,12510
"2023-04-13 00:00:00",10154072,12418
"2023-04-12 00:00:00",10141654,11176
"2023-04-11 00:00:00",10130478,10028
"2023-04-10 00:00:00",10120450,0
"2023-04-09 00:00:00",10120450,25274
"2023-04-08 00:00:00",10095176,14355
"2023-04-07 00:00:00",10080821,13864
"2023-04-06 00:00:00",10066957,14154
"2023-04-05 00:00:00",10052803,13694
"2023-04-04 00:00:00",10039109,11590
"2023-04-03 00:00:00",10027519,13695
"2023-04-02 00:00:00",10013824,15468
"2023-04-01 00:00:00",9998356,15487
"2023-03-31 00:00:00",9982869,15321
"2023-03-30 00:00:00",9967548,15296
"2023-03-29 00:00:00",9952252,15061
"2023-03-28 00:00:00",9937191,13002
"2023-03-27 00:00:00",9924189,0
"2023-03-26 00:00:00",9924189,15820
"2023-03-25 00:00:00",9908369,16898
"2023-03-24 00:00:00",9891471,35169
"2023-03-23 00:00:00",9856302,18104
"2023-03-22 00:00:00",9838198,17657
"2023-03-21 00:00:00",9820541,14773
"2023-03-20 00:00:00",9805768,0
"2023-03-19 00:00:00",9805768,35803
"2023-03-18 00:00:00",9769965,18291
"2023-03-17 00:00:00",9751674,18527
"2023-03-16 00:00:00",9733147,18307
"2023-03-15 00:00:00",9714840,0
"2023-03-14 00:00:00",9714840,18729
"2023-03-13 00:00:00",9696111,15983
"2023-03-12 00:00:00",9680128,37731
"2023-03-11 00:00:00",9642397,0
"2023-03-10 00:00:00",9642397,39884
"2023-03-09 00:00:00",9602513,21393
"2023-03-08 00:00:00",9581120,20800
"2023-03-07 00:00:00",9560320,0
"2023-03-06 00:00:00",9560320,35952
"2023-03-05 00:00:00",9524368,21525
"2023-03-04 00:00:00",9502843,21514
"2023-03-03 00:00:00",9481329,21058
"2023-03-02 00:00:00",9460271,0
"2023-03-01 00:00:00",9460271,21400
"2023-02-28 00:00:00",9438871,36730
"2023-02-27 00:00:00",9402141,19318
"2023-02-26 00:00:00",9382823,22032
"2023-02-25 00:00:00",9360791,21736
"2023-02-24 00:00:00",9339055,0
"2023-02-23 00:00:00",9339055,41877
"2023-02-22 00:00:00",9297178,20632
"2023-02-21 00:00:00",9276546,17910
"2023-02-20 00:00:00",9258636,0
"2023-02-19 00:00:00",9258636,19344
"2023-02-18 00:00:00",9239292,42075
"2023-02-17 00:00:00",9197217,21117
"2023-02-16 00:00:00",9176100,0
"2023-02-15 00:00:00",9176100,40944
"2023-02-14 00:00:00",9135156,16078
"2023-02-13 00:00:00",9119078,16558
"2023-02-12 00:00:00",9102520,17478
"2023-02-11 00:00:00",9085042,17387
"2023-02-10 00:00:00",9067655,17565
"2023-02-09 00:00:00",9050090,17999
"2023-02-08 00:00:00",9032091,16733
"2023-02-07 00:00:00",9015358,13587
"2023-02-06 00:00:00",9001771,15084
"2023-02-05 00:00:00",8986687,15097
"2023-02-04 00:00:00",8971590,14828
"2023-02-03 00:00:00",8956762,14365
"2023-02-02 00:00:00",8942397,14182
"2023-02-01 00:00:00",8928215,13486
"2023-01-31 00:00:00",8914729,11406
"2023-01-30 00:00:00",8903323,13549
"2023-01-29 00:00:00",8889774,7417
"2023-01-28 00:00:00",8882358,7417
"2023-01-27 00:00:00",8874941,28116
"2023-01-26 00:00:00",8846825,13586
"2023-01-25 00:00:00",8833239,12850
"2023-01-24 00:00:00",8820389,11201
"2023-01-23 00:00:00",8809188,12812
"2023-01-22 00:00:00",8796376,0
"2023-01-21 00:00:00",8796376,28811
"2023-01-20 00:00:00",8767565,14960
"2023-01-19 00:00:00",8752605,14449
"2023-01-18 00:00:00",8738156,0
"2023-01-17 00:00:00",8738156,26201
"2023-01-16 00:00:00",8711955,13823
"2023-01-15 00:00:00",8698132,15338
"2023-01-14 00:00:00",8682794,15093
"2023-01-13 00:00:00",8667701,14969
"2023-01-12 00:00:00",8652732,14388
"2023-01-11 00:00:00",8638344,14341
"2023-01-10 00:00:00",8624003,12069
"2023-01-09 00:00:00",8611934,13751
"2023-01-08 00:00:00",8598183,14594
"2023-01-07 00:00:00",8583589,14155
"2023-01-06 00:00:00",8569434,0
"2023-01-05 00:00:00",8569434,27580
"2023-01-04 00:00:00",8541854,12840
"2023-01-03 00:00:00",8529014,10841
"2023-01-02 00:00:00",8518173,14405
"2023-01-01 00:00:00",8503768,14542
"2022-12-31 00:00:00",8489226,14640
"2022-12-30 00:00:00",8474586,14339
"2022-12-29 00:00:00",8460247,14169
"2022-12-28 00:00:00",8446078,13201
"2022-12-27 00:00:00",8432877,12328
"2022-12-26 00:00:00",8420549,15125
"2022-12-25 00:00:00",8405424,16881
"2022-12-24 00:00:00",8388543,17572
"2022-12-23 00:00:00",8370971,17236
"2022-12-22 00:00:00",8353735,17012
"2022-12-21 00:00:00",8336723,16703
"2022-12-20 00:00:00",8320020,14129
"2022-12-19 00:00:00",8305891,16718
"2022-12-18 00:00:00",8289173,18898
"2022-12-17 00:00:00",8270275,19526
"2022-12-16 00:00:00",8250749,19129
"2022-12-15 00:00:00",8231620,19303
"2022-12-14 00:00:00",8212317,0
"2022-12-13 00:00:00",8212317,36737
"2022-12-12 00:00:00",8175580,20810
"2022-12-11 00:00:00",8154770,22093
"2022-12-10 00:00:00",8132677,21933
"2022-12-09 00:00:00",8110744,20352
"2022-12-08 00:00:00",8090392,18321
"2022-12-07 00:00:00",8072071,17239
"2022-12-06 00:00:00",8054832,18916
"2022-12-05 00:00:00",8035916,18916
"2022-12-04 00:00:00",8017000,18916
"2022-12-03 00:00:00",7998084,18916
"2022-12-02 00:00:00",7979168,18916
"2022-12-01 00:00:00",7960252,19157
"2022-11-30 00:00:00",7941095,18559
"2022-11-29 00:00:00",7922536,0
"2022-11-28 00:00:00",7922536,34337
"2022-11-27 00:00:00",7888199,18141
"2022-11-26 00:00:00",7870058,19703
"2022-11-25 00:00:00",7850355,21538
"2022-11-24 00:00:00",7828817,23681
"2022-11-23 00:00:00",7805136,25864
"2022-11-22 00:00:00",7779272,19414
"2022-11-21 00:00:00",7759858,23784
"2022-11-20 00:00:00",7736074,24097
"2022-11-19 00:00:00",7711977,20541
"2022-11-18 00:00:00",7691436,20682
"2022-11-17 00:00:00",7670754,20344
"2022-11-16 00:00:00",7650410,19691
"2022-11-15 00:00:00",7630719,16981
"2022-11-14 00:00:00",7613738,19703
"2022-11-13 00:00:00",7594035,21345
"2022-11-12 00:00:00",7572690,21464
"2022-11-11 00:00:00",7551226,20603
"2022-11-10 00:00:00",7530623,19928
"2022-11-09 00:00:00",7510695,19245
"2022-11-08 00:00:00",7491450,16867
"2022-11-07 00:00:00",7474583,19317
"2022-11-06 00:00:00",7455266,21318
"2022-11-05 00:00:00",7433948,0
"2022-11-04 00:00:00",7433948,44620
"2022-11-03 00:00:00",7389328,21558
"2022-11-02 00:00:00",7367770,21897
"2022-11-01 00:00:00",7345873,19696
"2022-10-31 00:00:00",7326177,22648
"2022-10-30 00:00:00",7303529,25101
"2022-10-29 00:00:00",7278428,24858
"2022-10-28 00:00:00",7253570,23950
"2022-10-27 00:00:00",7229620,23825
"2022-10-26 00:00:00",7205795,23037
"2022-10-25 00:00:00",7182758,20364
"2022-10-24 00:00:00",7162394,23361
"2022-10-23 00:00:00",7139033,25571
"2022-10-22 00:00:00",7113462,23901
"2022-10-21 00:00:00",7089561,22382
"2022-10-20 00:00:00",7067179,22382
"2022-10-19 00:00:00",7044797,21370
"2022-10-18 00:00:00",7023427,0
"2022-10-17 00:00:00",7023427,41417
"2022-10-16 00:00:00",6982010,24684
"2022-10-15 00:00:00",6957326,25040
"2022-10-14 00:00:00",6932286,24729
"2022-10-13 00:00:00",6907557,24607
"2022-10-12 00:00:00",6882950,23799
"2022-10-11 00:00:00",6859151,21128
"2022-10-10 00:00:00",6838023,24983
"2022-10-09 00:00:00",6813040,27102
"2022-10-08 00:00:00",6785938,27905
"2022-10-07 00:00:00",6758033,28377
"2022-10-06 00:00:00",6729656,28302
"2022-10-05 00:00:00",6701354,25825
"2022-10-04 00:00:00",6675529,21440
"2022-10-03 00:00:00",6654089,24827
"2022-10-02 00:00:00",6629262,27688
"2022-10-01 00:00:00",6601574,28027
"2022-09-30 00:00:00",6573547,27128
"2022-09-29 00:00:00",6546419,27037
"2022-09-28 00:00:00",6519382,25811
"2022-09-27 00:00:00",6493571,22945
"2022-09-26 00:00:00",6470626,26935
"2022-09-25 00:00:00",6443691,29747
"2022-09-24 00:00:00",6413944,29294
"2022-09-23 00:00:00",6384650,28600
"2022-09-22 00:00:00",6356050,28778
"2022-09-21 00:00:00",6327272,26914
"2022-09-20 00:00:00",6300358,24776
"2022-09-19 00:00:00",6275582,29394
"2022-09-18 00:00:00",6246188,31563
"2022-09-17 00:00:00",6214625,31213
"2022-09-16 00:00:00",6183412,30482
"2022-09-15 00:00:00",6152930,30016
"2022-09-14 00:00:00",6122914,29986
"2022-09-13 00:00:00",6092928,26038
"2022-09-12 00:00:00",6066890,30583
"2022-09-11 00:00:00",6036307,34620
"2022-09-10 00:00:00",6001687,34757
"2022-09-09 00:00:00",5966930,33164
"2022-09-08 00:00:00",5933766,66223
"2022-09-07 00:00:00",5867543,0
"2022-09-06 00:00:00",5867543,29982
"2022-09-05 00:00:00",5837561,35002
"2022-09-04 00:00:00",5802559,38622
"2022-09-03 00:00:00",5763937,39647
"2022-09-02 00:00:00",5724290,39828
"2022-09-01 00:00:00",5684462,39189
"2022-08-31 00:00:00",5645273,38145
"2022-08-30 00:00:00",5607128,34567
"2022-08-29 00:00:00",5572561,39998
"2022-08-28 00:00:00",5532563,43271
"2022-08-27 00:00:00",5489292,42740
"2022-08-26 00:00:00",5446552,39863
"2022-08-25 00:00:00",5406689,38008
"2022-08-24 00:00:00",5368681,38088
"2022-08-23 00:00:00",5330593,40475
"2022-08-22 00:00:00",5290118,40475
"2022-08-21 00:00:00",5249643,40475
"2022-08-20 00:00:00",5209167,40475
"2022-08-19 00:00:00",5168692,40475
"2022-08-18 00:00:00",5128217,39085
"2022-08-17 00:00:00",5089132,37367
"2022-08-16 00:00:00",5051765,34907
"2022-08-15 00:00:00",5016858,39985
"2022-08-14 00:00:00",4976873,43340
"2022-08-13 00:00:00",4933533,43286
"2022-08-12 00:00:00",4890247,43675
"2022-08-11 00:00:00",4846572,44491
"2022-08-10 00:00:00",4802081,44384
"2022-08-09 00:00:00",4757697,40055
"2022-08-08 00:00:00",4717642,46732
"2022-08-07 00:00:00",4670910,50446
"2022-08-06 00:00:00",4620464,50801
"2022-08-05 00:00:00",4569663,51296
"2022-08-04 00:00:00",4518367,52594
"2022-08-03 00:00:00",4465773,52384
"2022-08-02 00:00:00",4413389,49152
"2022-08-01 00:00:00",4364237,57776
"2022-07-31 00:00:00",4306461,64756
"2022-07-30 00:00:00",4241705,0
"2022-07-29 00:00:00",4241705,113187
"2022-07-28 00:00:00",4128518,56219
"2022-07-27 00:00:00",4072299,56045
"2022-07-26 00:00:00",4016254,51756
"2022-07-25 00:00:00",3964498,60448
"2022-07-24 00:00:00",3904050,66085
"2022-07-23 00:00:00",3837965,65310
"2022-07-22 00:00:00",3772655,66075
"2022-07-21 00:00:00",3706580,67208
"2022-07-20 00:00:00",3639372,67763
"2022-07-19 00:00:00",3571609,63367
"2022-07-18 00:00:00",3508242,73802
"2022-07-17 00:00:00",3434440,80107
"2022-07-16 00:00:00",3354333,82890
"2022-07-15 00:00:00",3271443,83993
"2022-07-14 00:00:00",3187450,87206
"2022-07-13 00:00:00",3100244,90316
"2022-07-12 00:00:00",3009928,83280
"2022-07-11 00:00:00",2926648,97580
"2022-07-10 00:00:00",2829068,115540
"2022-07-09 00:00:00",2713528,110166
"2022-07-08 00:00:00",2603362,112047
"2022-07-07 00:00:00",2491315,113873
"2022-07-06 00:00:00",2377442,114168
"2022-07-05 00:00:00",2263274,109657
"2022-07-04 00:00:00",2153617,129990
"2022-07-03 00:00:00",2023627,156986
"2022-07-02 00:00:00",1866641,176366
"2022-07-01 00:00:00",1690275,187508
"2022-06-30 00:00:00",1502767,207673
"2022-06-29 00:00:00",1295094,230167
"2022-06-28 00:00:00",1064927,231616
"2022-06-27 00:00:00",833311,325505
"2022-06-26 00:00:00",507806,488748
"2022-06-25 00:00:00",19058,0