﻿"DateTime","Spotify Streams","Change"
"2023-05-01 00:00:00",13401093,27076
"2023-04-30 00:00:00",13374017,14865
"2023-04-29 00:00:00",13359152,14865
"2023-04-28 00:00:00",13344287,14754
"2023-04-27 00:00:00",13329533,0
"2023-04-26 00:00:00",13329533,14864
"2023-04-25 00:00:00",13314669,19303
"2023-04-24 00:00:00",13295367,19303
"2023-04-23 00:00:00",13276064,0
"2023-04-22 00:00:00",13276064,29924
"2023-04-21 00:00:00",13246140,16055
"2023-04-20 00:00:00",13230086,16055
"2023-04-19 00:00:00",13214031,15970
"2023-04-18 00:00:00",13198061,12982
"2023-04-17 00:00:00",13185079,0
"2023-04-16 00:00:00",13185079,28639
"2023-04-15 00:00:00",13156440,12875
"2023-04-14 00:00:00",13143565,11628
"2023-04-13 00:00:00",13131937,11947
"2023-04-12 00:00:00",13119990,10377
"2023-04-11 00:00:00",13109613,8752
"2023-04-10 00:00:00",13100861,9878
"2023-04-09 00:00:00",13090983,10375
"2023-04-08 00:00:00",13080608,11718
"2023-04-07 00:00:00",13068890,11576
"2023-04-06 00:00:00",13057314,11626
"2023-04-05 00:00:00",13045688,11107
"2023-04-04 00:00:00",13034581,9639
"2023-04-03 00:00:00",13024942,10065
"2023-04-02 00:00:00",13014877,11506
"2023-04-01 00:00:00",13003371,11905
"2023-03-31 00:00:00",12991466,11557
"2023-03-30 00:00:00",12979909,11906
"2023-03-29 00:00:00",12968003,11868
"2023-03-28 00:00:00",12956135,10447
"2023-03-27 00:00:00",12945688,10522
"2023-03-26 00:00:00",12935166,0
"2023-03-25 00:00:00",12935166,23380
"2023-03-24 00:00:00",12911786,12066
"2023-03-23 00:00:00",12899720,11763
"2023-03-22 00:00:00",12887957,11732
"2023-03-21 00:00:00",12876225,9979
"2023-03-20 00:00:00",12866246,10732
"2023-03-19 00:00:00",12855514,12139
"2023-03-18 00:00:00",12843375,12527
"2023-03-17 00:00:00",12830848,0
"2023-03-16 00:00:00",12830848,26430
"2023-03-15 00:00:00",12804418,12916
"2023-03-14 00:00:00",12791502,11392
"2023-03-13 00:00:00",12780110,12183
"2023-03-12 00:00:00",12767927,14307
"2023-03-11 00:00:00",12753620,15288
"2023-03-10 00:00:00",12738332,15757
"2023-03-09 00:00:00",12722575,16028
"2023-03-08 00:00:00",12706547,15922
"2023-03-07 00:00:00",12690625,0
"2023-03-06 00:00:00",12690625,28144
"2023-03-05 00:00:00",12662481,17887
"2023-03-04 00:00:00",12644594,17628
"2023-03-03 00:00:00",12626966,16887
"2023-03-02 00:00:00",12610079,0
"2023-03-01 00:00:00",12610079,27348
"2023-02-28 00:00:00",12582731,10720
"2023-02-27 00:00:00",12572011,11276
"2023-02-26 00:00:00",12560735,12738
"2023-02-25 00:00:00",12547997,13144
"2023-02-24 00:00:00",12534853,13221
"2023-02-23 00:00:00",12521632,13155
"2023-02-22 00:00:00",12508477,12806
"2023-02-21 00:00:00",12495671,11215
"2023-02-20 00:00:00",12484456,12180
"2023-02-19 00:00:00",12472276,13733
"2023-02-18 00:00:00",12458543,13989
"2023-02-17 00:00:00",12444554,0
"2023-02-16 00:00:00",12444554,28198
"2023-02-15 00:00:00",12416356,13776
"2023-02-14 00:00:00",12402580,12464
"2023-02-13 00:00:00",12390116,13208
"2023-02-12 00:00:00",12376908,15284
"2023-02-11 00:00:00",12361624,16666
"2023-02-10 00:00:00",12344958,16862
"2023-02-09 00:00:00",12328096,17025
"2023-02-08 00:00:00",12311071,15000
"2023-02-07 00:00:00",12296071,12075
"2023-02-06 00:00:00",12283996,12588
"2023-02-05 00:00:00",12271408,13834
"2023-02-04 00:00:00",12257574,14110
"2023-02-03 00:00:00",12243464,13514
"2023-02-02 00:00:00",12229950,13763
"2023-02-01 00:00:00",12216187,12743
"2023-01-31 00:00:00",12203444,11268
"2023-01-30 00:00:00",12192176,11541
"2023-01-29 00:00:00",12180635,0
"2023-01-28 00:00:00",12180635,13195
"2023-01-27 00:00:00",12167440,27487
"2023-01-26 00:00:00",12139953,0
"2023-01-25 00:00:00",12139953,26100
"2023-01-24 00:00:00",12113853,10659
"2023-01-23 00:00:00",12103194,11297
"2023-01-22 00:00:00",12091897,13387
"2023-01-21 00:00:00",12078510,15274
"2023-01-20 00:00:00",12063236,16233
"2023-01-19 00:00:00",12047003,15672
"2023-01-18 00:00:00",12031331,14838
"2023-01-17 00:00:00",12016493,12844
"2023-01-16 00:00:00",12003649,13421
"2023-01-15 00:00:00",11990228,16390
"2023-01-14 00:00:00",11973838,17318
"2023-01-13 00:00:00",11956520,16003
"2023-01-12 00:00:00",11940517,14234
"2023-01-11 00:00:00",11926283,13715
"2023-01-10 00:00:00",11912568,11604
"2023-01-09 00:00:00",11900964,13311
"2023-01-08 00:00:00",11887653,14499
"2023-01-07 00:00:00",11873154,13820
"2023-01-06 00:00:00",11859334,13736
"2023-01-05 00:00:00",11845598,13576
"2023-01-04 00:00:00",11832022,0
"2023-01-03 00:00:00",11832022,22631
"2023-01-02 00:00:00",11809391,12266
"2023-01-01 00:00:00",11797125,13504
"2022-12-31 00:00:00",11783621,13654
"2022-12-30 00:00:00",11769967,13864
"2022-12-29 00:00:00",11756103,13051
"2022-12-28 00:00:00",11743052,11342
"2022-12-27 00:00:00",11731710,9375
"2022-12-26 00:00:00",11722335,12035
"2022-12-25 00:00:00",11710300,13701
"2022-12-24 00:00:00",11696599,15062
"2022-12-23 00:00:00",11681537,14409
"2022-12-22 00:00:00",11667128,14546
"2022-12-21 00:00:00",11652582,13870
"2022-12-20 00:00:00",11638712,11005
"2022-12-19 00:00:00",11627707,13417
"2022-12-18 00:00:00",11614290,14459
"2022-12-17 00:00:00",11599831,15209
"2022-12-16 00:00:00",11584622,15417
"2022-12-15 00:00:00",11569205,14845
"2022-12-14 00:00:00",11554360,15388
"2022-12-13 00:00:00",11538972,13636
"2022-12-12 00:00:00",11525336,13670
"2022-12-11 00:00:00",11511666,15029
"2022-12-10 00:00:00",11496637,16889
"2022-12-09 00:00:00",11479748,17425
"2022-12-08 00:00:00",11462323,16840
"2022-12-07 00:00:00",11445483,16712
"2022-12-06 00:00:00",11428771,16544
"2022-12-05 00:00:00",11412227,16544
"2022-12-04 00:00:00",11395683,16544
"2022-12-03 00:00:00",11379140,16544
"2022-12-02 00:00:00",11362596,16544
"2022-12-01 00:00:00",11346052,15557
"2022-11-30 00:00:00",11330495,14769
"2022-11-29 00:00:00",11315726,12681
"2022-11-28 00:00:00",11303045,12792
"2022-11-27 00:00:00",11290253,13522
"2022-11-26 00:00:00",11276731,14522
"2022-11-25 00:00:00",11262209,16207
"2022-11-24 00:00:00",11246002,15314
"2022-11-23 00:00:00",11230688,14983
"2022-11-22 00:00:00",11215705,13151
"2022-11-21 00:00:00",11202554,14438
"2022-11-20 00:00:00",11188116,16438
"2022-11-19 00:00:00",11171678,17951
"2022-11-18 00:00:00",11153727,17465
"2022-11-17 00:00:00",11136262,17341
"2022-11-16 00:00:00",11118921,16996
"2022-11-15 00:00:00",11101925,14273
"2022-11-14 00:00:00",11087652,15355
"2022-11-13 00:00:00",11072297,18375
"2022-11-12 00:00:00",11053922,17883
"2022-11-11 00:00:00",11036039,17806
"2022-11-10 00:00:00",11018233,17566
"2022-11-09 00:00:00",11000667,17309
"2022-11-08 00:00:00",10983358,14483
"2022-11-07 00:00:00",10968875,15502
"2022-11-06 00:00:00",10953373,17763
"2022-11-05 00:00:00",10935610,18947
"2022-11-04 00:00:00",10916663,18226
"2022-11-03 00:00:00",10898437,17881
"2022-11-02 00:00:00",10880556,18552
"2022-11-01 00:00:00",10862004,15075
"2022-10-31 00:00:00",10846929,16797
"2022-10-30 00:00:00",10830132,20120
"2022-10-29 00:00:00",10810012,20797
"2022-10-28 00:00:00",10789215,21383
"2022-10-27 00:00:00",10767832,21207
"2022-10-26 00:00:00",10746625,20939
"2022-10-25 00:00:00",10725686,0
"2022-10-24 00:00:00",10725686,37201
"2022-10-23 00:00:00",10688485,21970
"2022-10-22 00:00:00",10666515,21762
"2022-10-21 00:00:00",10644753,21036
"2022-10-20 00:00:00",10623717,21286
"2022-10-19 00:00:00",10602431,20517
"2022-10-18 00:00:00",10581914,17410
"2022-10-17 00:00:00",10564504,19857
"2022-10-16 00:00:00",10544647,21937
"2022-10-15 00:00:00",10522710,22858
"2022-10-14 00:00:00",10499852,22531
"2022-10-13 00:00:00",10477321,22786
"2022-10-12 00:00:00",10454535,22024
"2022-10-11 00:00:00",10432511,19094
"2022-10-10 00:00:00",10413417,20860
"2022-10-09 00:00:00",10392557,23985
"2022-10-08 00:00:00",10368572,27934
"2022-10-07 00:00:00",10340638,30059
"2022-10-06 00:00:00",10310579,30310
"2022-10-05 00:00:00",10280269,26347
"2022-10-04 00:00:00",10253922,20370
"2022-10-03 00:00:00",10233552,21558
"2022-10-02 00:00:00",10211994,24553
"2022-10-01 00:00:00",10187441,25064
"2022-09-30 00:00:00",10162377,25328
"2022-09-29 00:00:00",10137049,25500
"2022-09-28 00:00:00",10111549,24799
"2022-09-27 00:00:00",10086750,20877
"2022-09-26 00:00:00",10065873,24236
"2022-09-25 00:00:00",10041637,27028
"2022-09-24 00:00:00",10014609,27389
"2022-09-23 00:00:00",9987220,28615
"2022-09-22 00:00:00",9958605,28051
"2022-09-21 00:00:00",9930554,27224
"2022-09-20 00:00:00",9903330,23363
"2022-09-19 00:00:00",9879967,25248
"2022-09-18 00:00:00",9854719,28665
"2022-09-17 00:00:00",9826054,30533
"2022-09-16 00:00:00",9795521,29962
"2022-09-15 00:00:00",9765559,29751
"2022-09-14 00:00:00",9735808,31127
"2022-09-13 00:00:00",9704681,24618
"2022-09-12 00:00:00",9680063,27067
"2022-09-11 00:00:00",9652996,29179
"2022-09-10 00:00:00",9623817,31234
"2022-09-09 00:00:00",9592583,29208
"2022-09-08 00:00:00",9563375,60349
"2022-09-07 00:00:00",9503026,0
"2022-09-06 00:00:00",9503026,24354
"2022-09-05 00:00:00",9478672,24401
"2022-09-04 00:00:00",9454271,27779
"2022-09-03 00:00:00",9426492,28731
"2022-09-02 00:00:00",9397761,28423
"2022-09-01 00:00:00",9369338,27953
"2022-08-31 00:00:00",9341385,26865
"2022-08-30 00:00:00",9314520,23644
"2022-08-29 00:00:00",9290876,25323
"2022-08-28 00:00:00",9265553,29643
"2022-08-27 00:00:00",9235910,29952
"2022-08-26 00:00:00",9205958,30882
"2022-08-25 00:00:00",9175076,29971
"2022-08-24 00:00:00",9145105,29050
"2022-08-23 00:00:00",9116055,0
"2022-08-22 00:00:00",9116055,39068
"2022-08-21 00:00:00",9076987,39068
"2022-08-20 00:00:00",9037918,39068
"2022-08-19 00:00:00",8998850,32033
"2022-08-18 00:00:00",8966817,31644
"2022-08-17 00:00:00",8935173,31643
"2022-08-16 00:00:00",8903530,28842
"2022-08-15 00:00:00",8874688,30527
"2022-08-14 00:00:00",8844161,34161
"2022-08-13 00:00:00",8810000,34273
"2022-08-12 00:00:00",8775727,35357
"2022-08-11 00:00:00",8740370,36305
"2022-08-10 00:00:00",8704065,35853
"2022-08-09 00:00:00",8668212,32422
"2022-08-08 00:00:00",8635790,34800
"2022-08-07 00:00:00",8600990,38312
"2022-08-06 00:00:00",8562678,39760
"2022-08-05 00:00:00",8522918,41344
"2022-08-04 00:00:00",8481574,42022
"2022-08-03 00:00:00",8439552,41936
"2022-08-02 00:00:00",8397616,37086
"2022-08-01 00:00:00",8360530,40666
"2022-07-31 00:00:00",8319864,45919
"2022-07-30 00:00:00",8273945,48116
"2022-07-29 00:00:00",8225829,47032
"2022-07-28 00:00:00",8178797,46516
"2022-07-27 00:00:00",8132281,43208
"2022-07-26 00:00:00",8089073,37157
"2022-07-25 00:00:00",8051916,40626
"2022-07-24 00:00:00",8011290,46323
"2022-07-23 00:00:00",7964967,48152
"2022-07-22 00:00:00",7916815,47688
"2022-07-21 00:00:00",7869127,48305
"2022-07-20 00:00:00",7820822,47962
"2022-07-19 00:00:00",7772860,42819
"2022-07-18 00:00:00",7730041,47826
"2022-07-17 00:00:00",7682215,53704
"2022-07-16 00:00:00",7628511,54872
"2022-07-15 00:00:00",7573639,55947
"2022-07-14 00:00:00",7517692,57809
"2022-07-13 00:00:00",7459883,58827
"2022-07-12 00:00:00",7401056,52026
"2022-07-11 00:00:00",7349030,56885
"2022-07-10 00:00:00",7292145,64128
"2022-07-09 00:00:00",7228017,68638
"2022-07-08 00:00:00",7159379,68975
"2022-07-07 00:00:00",7090404,68762
"2022-07-06 00:00:00",7021642,65849
"2022-07-05 00:00:00",6955793,60320
"2022-07-04 00:00:00",6895473,67940
"2022-07-03 00:00:00",6827533,78332
"2022-07-02 00:00:00",6749201,83591
"2022-07-01 00:00:00",6665610,86292
"2022-06-30 00:00:00",6579318,93467
"2022-06-29 00:00:00",6485851,94345
"2022-06-28 00:00:00",6391506,80838
"2022-06-27 00:00:00",6310668,88044
"2022-06-26 00:00:00",6222624,101224
"2022-06-25 00:00:00",6121400,110221
"2022-06-24 00:00:00",6011179,117915
"2022-06-23 00:00:00",5893264,124176
"2022-06-22 00:00:00",5769088,133996
"2022-06-21 00:00:00",5635092,121484
"2022-06-20 00:00:00",5513608,137294
"2022-06-19 00:00:00",5376314,166317
"2022-06-18 00:00:00",5209997,159352
"2022-06-17 00:00:00",5050645,166487
"2022-06-16 00:00:00",4884158,177418
"2022-06-15 00:00:00",4706740,188422
"2022-06-14 00:00:00",4518318,170081
"2022-06-13 00:00:00",4348237,206405
"2022-06-12 00:00:00",4141832,271805
"2022-06-11 00:00:00",3870027,298919
"2022-06-10 00:00:00",3571108,446738
"2022-06-09 00:00:00",3124370,362198
"2022-06-08 00:00:00",2762172,491570
"2022-06-07 00:00:00",2270602,488084
"2022-06-06 00:00:00",1782518,723149
"2022-06-05 00:00:00",1059369,1035903
"2022-06-04 00:00:00",23466,0