﻿"DateTime","Spotify Streams","Change"
"2023-05-01 00:00:00",11434684,12038
"2023-04-30 00:00:00",11422646,0
"2023-04-29 00:00:00",11422646,14106
"2023-04-28 00:00:00",11408540,25327
"2023-04-27 00:00:00",11383213,10067
"2023-04-26 00:00:00",11373146,8969
"2023-04-25 00:00:00",11364178,8969
"2023-04-24 00:00:00",11355209,0
"2023-04-23 00:00:00",11355209,8863
"2023-04-22 00:00:00",11346346,20464
"2023-04-21 00:00:00",11325882,10408
"2023-04-20 00:00:00",11315474,10566
"2023-04-19 00:00:00",11304908,10158
"2023-04-18 00:00:00",11294750,8747
"2023-04-17 00:00:00",11286003,9479
"2023-04-16 00:00:00",11276524,10527
"2023-04-15 00:00:00",11265997,10641
"2023-04-14 00:00:00",11255356,10394
"2023-04-13 00:00:00",11244962,10324
"2023-04-12 00:00:00",11234638,0
"2023-04-11 00:00:00",11234638,17620
"2023-04-10 00:00:00",11217018,9224
"2023-04-09 00:00:00",11207794,9807
"2023-04-08 00:00:00",11197987,11025
"2023-04-07 00:00:00",11186962,11029
"2023-04-06 00:00:00",11175933,11235
"2023-04-05 00:00:00",11164698,10929
"2023-04-04 00:00:00",11153769,0
"2023-04-03 00:00:00",11153769,18425
"2023-04-02 00:00:00",11135344,11875
"2023-04-01 00:00:00",11123469,10929
"2023-03-31 00:00:00",11112540,10879
"2023-03-30 00:00:00",11101661,10544
"2023-03-29 00:00:00",11091117,10217
"2023-03-28 00:00:00",11080900,8696
"2023-03-27 00:00:00",11072204,9306
"2023-03-26 00:00:00",11062898,10611
"2023-03-25 00:00:00",11052287,10474
"2023-03-24 00:00:00",11041813,10507
"2023-03-23 00:00:00",11031306,0
"2023-03-22 00:00:00",11031306,20623
"2023-03-21 00:00:00",11010683,9001
"2023-03-20 00:00:00",11001682,9310
"2023-03-19 00:00:00",10992372,10246
"2023-03-18 00:00:00",10982126,10458
"2023-03-17 00:00:00",10971668,10643
"2023-03-16 00:00:00",10961025,10590
"2023-03-15 00:00:00",10950435,10236
"2023-03-14 00:00:00",10940199,9146
"2023-03-13 00:00:00",10931053,9663
"2023-03-12 00:00:00",10921390,0
"2023-03-11 00:00:00",10921390,21377
"2023-03-10 00:00:00",10900013,10656
"2023-03-09 00:00:00",10889357,11019
"2023-03-08 00:00:00",10878338,10516
"2023-03-07 00:00:00",10867822,8864
"2023-03-06 00:00:00",10858958,9734
"2023-03-05 00:00:00",10849224,10585
"2023-03-04 00:00:00",10838639,10948
"2023-03-03 00:00:00",10827691,0
"2023-03-02 00:00:00",10827691,21578
"2023-03-01 00:00:00",10806113,10394
"2023-02-28 00:00:00",10795719,0
"2023-02-27 00:00:00",10795719,18345
"2023-02-26 00:00:00",10777374,10716
"2023-02-25 00:00:00",10766658,11007
"2023-02-24 00:00:00",10755651,11068
"2023-02-23 00:00:00",10744583,11268
"2023-02-22 00:00:00",10733315,10527
"2023-02-21 00:00:00",10722788,9345
"2023-02-20 00:00:00",10713443,10160
"2023-02-19 00:00:00",10703283,11760
"2023-02-18 00:00:00",10691523,11601
"2023-02-17 00:00:00",10679922,11882
"2023-02-16 00:00:00",10668040,11538
"2023-02-15 00:00:00",10656502,10938
"2023-02-14 00:00:00",10645564,9641
"2023-02-13 00:00:00",10635923,10508
"2023-02-12 00:00:00",10625415,12524
"2023-02-11 00:00:00",10612891,12213
"2023-02-10 00:00:00",10600678,12632
"2023-02-09 00:00:00",10588046,12945
"2023-02-08 00:00:00",10575101,12389
"2023-02-07 00:00:00",10562712,0
"2023-02-06 00:00:00",10562712,20603
"2023-02-05 00:00:00",10542109,0
"2023-02-04 00:00:00",10542109,11704
"2023-02-03 00:00:00",10530405,23022
"2023-02-02 00:00:00",10507383,11264
"2023-02-01 00:00:00",10496119,11016
"2023-01-31 00:00:00",10485103,9499
"2023-01-30 00:00:00",10475604,10141
"2023-01-29 00:00:00",10465463,11710
"2023-01-28 00:00:00",10453753,12061
"2023-01-27 00:00:00",10441692,11811
"2023-01-26 00:00:00",10429881,12129
"2023-01-25 00:00:00",10417752,11427
"2023-01-24 00:00:00",10406325,9466
"2023-01-23 00:00:00",10396859,10728
"2023-01-22 00:00:00",10386131,11939
"2023-01-21 00:00:00",10374192,12406
"2023-01-20 00:00:00",10361786,12433
"2023-01-19 00:00:00",10349353,12358
"2023-01-18 00:00:00",10336995,11485
"2023-01-17 00:00:00",10325510,0
"2023-01-16 00:00:00",10325510,21544
"2023-01-15 00:00:00",10303966,12486
"2023-01-14 00:00:00",10291480,12853
"2023-01-13 00:00:00",10278627,12767
"2023-01-12 00:00:00",10265860,12619
"2023-01-11 00:00:00",10253241,12646
"2023-01-10 00:00:00",10240595,10781
"2023-01-09 00:00:00",10229814,11817
"2023-01-08 00:00:00",10217997,12574
"2023-01-07 00:00:00",10205423,12867
"2023-01-06 00:00:00",10192556,12545
"2023-01-05 00:00:00",10180011,12404
"2023-01-04 00:00:00",10167607,11353
"2023-01-03 00:00:00",10156254,9894
"2023-01-02 00:00:00",10146360,11983
"2023-01-01 00:00:00",10134377,12663
"2022-12-31 00:00:00",10121714,12468
"2022-12-30 00:00:00",10109246,12509
"2022-12-29 00:00:00",10096737,12215
"2022-12-28 00:00:00",10084522,10467
"2022-12-27 00:00:00",10074055,7948
"2022-12-26 00:00:00",10066107,10096
"2022-12-25 00:00:00",10056011,11894
"2022-12-24 00:00:00",10044117,12887
"2022-12-23 00:00:00",10031230,13202
"2022-12-22 00:00:00",10018028,13631
"2022-12-21 00:00:00",10004397,13190
"2022-12-20 00:00:00",9991207,11401
"2022-12-19 00:00:00",9979806,0
"2022-12-18 00:00:00",9979806,26520
"2022-12-17 00:00:00",9953286,14258
"2022-12-16 00:00:00",9939028,13858
"2022-12-15 00:00:00",9925170,13780
"2022-12-14 00:00:00",9911390,12965
"2022-12-13 00:00:00",9898425,10883
"2022-12-12 00:00:00",9887542,11903
"2022-12-11 00:00:00",9875639,13212
"2022-12-10 00:00:00",9862427,14562
"2022-12-09 00:00:00",9847865,14476
"2022-12-08 00:00:00",9833389,14240
"2022-12-07 00:00:00",9819149,14177
"2022-12-06 00:00:00",9804972,15586
"2022-12-05 00:00:00",9789386,15586
"2022-12-04 00:00:00",9773800,15586
"2022-12-03 00:00:00",9758213,15586
"2022-12-02 00:00:00",9742627,15586
"2022-12-01 00:00:00",9727041,13737
"2022-11-30 00:00:00",9713304,13418
"2022-11-29 00:00:00",9699886,11366
"2022-11-28 00:00:00",9688520,11688
"2022-11-27 00:00:00",9676832,11767
"2022-11-26 00:00:00",9665065,12360
"2022-11-25 00:00:00",9652705,14033
"2022-11-24 00:00:00",9638672,14277
"2022-11-23 00:00:00",9624395,13792
"2022-11-22 00:00:00",9610603,12355
"2022-11-21 00:00:00",9598248,13693
"2022-11-20 00:00:00",9584555,15464
"2022-11-19 00:00:00",9569091,15729
"2022-11-18 00:00:00",9553362,16032
"2022-11-17 00:00:00",9537330,15587
"2022-11-16 00:00:00",9521743,15631
"2022-11-15 00:00:00",9506112,12470
"2022-11-14 00:00:00",9493642,14491
"2022-11-13 00:00:00",9479151,16233
"2022-11-12 00:00:00",9462918,17158
"2022-11-11 00:00:00",9445760,16562
"2022-11-10 00:00:00",9429198,16441
"2022-11-09 00:00:00",9412757,16284
"2022-11-08 00:00:00",9396473,13449
"2022-11-07 00:00:00",9383024,14510
"2022-11-06 00:00:00",9368514,17659
"2022-11-05 00:00:00",9350855,18818
"2022-11-04 00:00:00",9332037,17540
"2022-11-03 00:00:00",9314497,16504
"2022-11-02 00:00:00",9297993,17008
"2022-11-01 00:00:00",9280985,13709
"2022-10-31 00:00:00",9267276,13264
"2022-10-30 00:00:00",9254012,15167
"2022-10-29 00:00:00",9238845,15854
"2022-10-28 00:00:00",9222991,15721
"2022-10-27 00:00:00",9207270,15673
"2022-10-26 00:00:00",9191597,14895
"2022-10-25 00:00:00",9176702,12865
"2022-10-24 00:00:00",9163837,14077
"2022-10-23 00:00:00",9149760,16057
"2022-10-22 00:00:00",9133703,16616
"2022-10-21 00:00:00",9117087,16243
"2022-10-20 00:00:00",9100844,17508
"2022-10-19 00:00:00",9083336,15952
"2022-10-18 00:00:00",9067384,13233
"2022-10-17 00:00:00",9054151,14377
"2022-10-16 00:00:00",9039774,16380
"2022-10-15 00:00:00",9023394,16742
"2022-10-14 00:00:00",9006652,16505
"2022-10-13 00:00:00",8990147,17229
"2022-10-12 00:00:00",8972918,16584
"2022-10-11 00:00:00",8956334,13899
"2022-10-10 00:00:00",8942435,15680
"2022-10-09 00:00:00",8926755,18629
"2022-10-08 00:00:00",8908126,18588
"2022-10-07 00:00:00",8889538,19592
"2022-10-06 00:00:00",8869946,18166
"2022-10-05 00:00:00",8851780,17087
"2022-10-04 00:00:00",8834693,14293
"2022-10-03 00:00:00",8820400,15863
"2022-10-02 00:00:00",8804537,18391
"2022-10-01 00:00:00",8786146,18371
"2022-09-30 00:00:00",8767775,18457
"2022-09-29 00:00:00",8749318,18093
"2022-09-28 00:00:00",8731225,17467
"2022-09-27 00:00:00",8713758,15016
"2022-09-26 00:00:00",8698742,16208
"2022-09-25 00:00:00",8682534,18934
"2022-09-24 00:00:00",8663600,18881
"2022-09-23 00:00:00",8644719,18672
"2022-09-22 00:00:00",8626047,19132
"2022-09-21 00:00:00",8606915,17498
"2022-09-20 00:00:00",8589417,15245
"2022-09-19 00:00:00",8574172,17182
"2022-09-18 00:00:00",8556990,19154
"2022-09-17 00:00:00",8537836,18971
"2022-09-16 00:00:00",8518865,19934
"2022-09-15 00:00:00",8498931,19569
"2022-09-14 00:00:00",8479362,19139
"2022-09-13 00:00:00",8460223,15591
"2022-09-12 00:00:00",8444632,17043
"2022-09-11 00:00:00",8427589,19377
"2022-09-10 00:00:00",8408212,19715
"2022-09-09 00:00:00",8388497,19584
"2022-09-08 00:00:00",8368913,36900
"2022-09-07 00:00:00",8332013,0
"2022-09-06 00:00:00",8332013,15718
"2022-09-05 00:00:00",8316295,17196
"2022-09-04 00:00:00",8299099,19592
"2022-09-03 00:00:00",8279507,19771
"2022-09-02 00:00:00",8259736,19868
"2022-09-01 00:00:00",8239868,19774
"2022-08-31 00:00:00",8220094,18897
"2022-08-30 00:00:00",8201197,15950
"2022-08-29 00:00:00",8185247,17553
"2022-08-28 00:00:00",8167694,19937
"2022-08-27 00:00:00",8147757,21218
"2022-08-26 00:00:00",8126539,20013
"2022-08-25 00:00:00",8106526,20881
"2022-08-24 00:00:00",8085645,19736
"2022-08-23 00:00:00",8065909,0
"2022-08-22 00:00:00",8065909,28488
"2022-08-21 00:00:00",8037422,28488
"2022-08-20 00:00:00",8008934,20373
"2022-08-19 00:00:00",7988561,20373
"2022-08-18 00:00:00",7968188,20554
"2022-08-17 00:00:00",7947634,19930
"2022-08-16 00:00:00",7927704,18062
"2022-08-15 00:00:00",7909642,20096
"2022-08-14 00:00:00",7889546,21965
"2022-08-13 00:00:00",7867581,22743
"2022-08-12 00:00:00",7844838,21483
"2022-08-11 00:00:00",7823355,21556
"2022-08-10 00:00:00",7801799,21033
"2022-08-09 00:00:00",7780766,19635
"2022-08-08 00:00:00",7761131,21283
"2022-08-07 00:00:00",7739848,22775
"2022-08-06 00:00:00",7717073,23056
"2022-08-05 00:00:00",7694017,23752
"2022-08-04 00:00:00",7670265,24095
"2022-08-03 00:00:00",7646170,23687
"2022-08-02 00:00:00",7622483,21471
"2022-08-01 00:00:00",7601012,23663
"2022-07-31 00:00:00",7577349,26108
"2022-07-30 00:00:00",7551241,27482
"2022-07-29 00:00:00",7523759,26840
"2022-07-28 00:00:00",7496919,26271
"2022-07-27 00:00:00",7470648,25437
"2022-07-26 00:00:00",7445211,22381
"2022-07-25 00:00:00",7422830,24582
"2022-07-24 00:00:00",7398248,26626
"2022-07-23 00:00:00",7371622,28708
"2022-07-22 00:00:00",7342914,29681
"2022-07-21 00:00:00",7313233,28901
"2022-07-20 00:00:00",7284332,27616
"2022-07-19 00:00:00",7256716,24773
"2022-07-18 00:00:00",7231943,27265
"2022-07-17 00:00:00",7204678,29780
"2022-07-16 00:00:00",7174898,29651
"2022-07-15 00:00:00",7145247,29355
"2022-07-14 00:00:00",7115892,61066
"2022-07-13 00:00:00",7054826,0
"2022-07-12 00:00:00",7054826,27227
"2022-07-11 00:00:00",7027599,29325
"2022-07-10 00:00:00",6998274,31807
"2022-07-09 00:00:00",6966467,33454
"2022-07-08 00:00:00",6933013,32696
"2022-07-07 00:00:00",6900317,31520
"2022-07-06 00:00:00",6868797,30573
"2022-07-05 00:00:00",6838224,28771
"2022-07-04 00:00:00",6809453,32246
"2022-07-03 00:00:00",6777207,35366
"2022-07-02 00:00:00",6741841,36126
"2022-07-01 00:00:00",6705715,37274
"2022-06-30 00:00:00",6668441,38092
"2022-06-29 00:00:00",6630349,36810
"2022-06-28 00:00:00",6593539,33399
"2022-06-27 00:00:00",6560140,36153
"2022-06-26 00:00:00",6523987,39884
"2022-06-25 00:00:00",6484103,45514
"2022-06-24 00:00:00",6438589,46197
"2022-06-23 00:00:00",6392392,40702
"2022-06-22 00:00:00",6351690,40886
"2022-06-21 00:00:00",6310804,35955
"2022-06-20 00:00:00",6274849,40072
"2022-06-19 00:00:00",6234777,44120
"2022-06-18 00:00:00",6190657,48356
"2022-06-17 00:00:00",6142301,50470
"2022-06-16 00:00:00",6091831,52355
"2022-06-15 00:00:00",6039476,51793
"2022-06-14 00:00:00",5987683,45949
"2022-06-13 00:00:00",5941734,51506
"2022-06-12 00:00:00",5890228,59993
"2022-06-11 00:00:00",5830235,59228
"2022-06-10 00:00:00",5771007,59728
"2022-06-09 00:00:00",5711279,63731
"2022-06-08 00:00:00",5647548,59685
"2022-06-07 00:00:00",5587863,54379
"2022-06-06 00:00:00",5533484,61923
"2022-06-05 00:00:00",5471561,71456
"2022-06-04 00:00:00",5400105,73221
"2022-06-03 00:00:00",5326884,70919
"2022-06-02 00:00:00",5255965,70796
"2022-06-01 00:00:00",5185169,67281
"2022-05-31 00:00:00",5117888,65161
"2022-05-30 00:00:00",5052727,70488
"2022-05-29 00:00:00",4982239,0
"2022-05-28 00:00:00",4982239,171433
"2022-05-27 00:00:00",4810806,91156
"2022-05-26 00:00:00",4719650,97988
"2022-05-25 00:00:00",4621662,97012
"2022-05-24 00:00:00",4524650,86234
"2022-05-23 00:00:00",4438416,100740
"2022-05-22 00:00:00",4337676,119317
"2022-05-21 00:00:00",4218359,131908
"2022-05-20 00:00:00",4086451,144924
"2022-05-19 00:00:00",3941527,159046
"2022-05-18 00:00:00",3782481,164792
"2022-05-17 00:00:00",3617689,146471
"2022-05-16 00:00:00",3471218,173192
"2022-05-15 00:00:00",3298026,218588
"2022-05-14 00:00:00",3079438,260797
"2022-05-13 00:00:00",2818641,293326
"2022-05-12 00:00:00",2525315,343357
"2022-05-11 00:00:00",2181958,387560
"2022-05-10 00:00:00",1794398,375830
"2022-05-09 00:00:00",1418568,570831
"2022-05-08 00:00:00",847737,0