﻿"DateTime","Spotify Streams","Change"
"2023-05-14 00:00:00",16281134,33437
"2023-05-13 00:00:00",16247697,33487
"2023-05-12 00:00:00",16214210,33134
"2023-05-11 00:00:00",16181076,32927
"2023-05-10 00:00:00",16148149,0
"2023-05-09 00:00:00",16148149,59062
"2023-05-08 00:00:00",16089087,28895
"2023-05-07 00:00:00",16060192,0
"2023-05-06 00:00:00",16060192,66947
"2023-05-05 00:00:00",15993245,32739
"2023-05-04 00:00:00",15960506,32553
"2023-05-03 00:00:00",15927953,15657
"2023-05-02 00:00:00",15912296,15657
"2023-05-01 00:00:00",15896639,45080
"2023-04-30 00:00:00",15851559,45080
"2023-04-29 00:00:00",15806479,34239
"2023-04-28 00:00:00",15772240,34540
"2023-04-27 00:00:00",15737700,34195
"2023-04-26 00:00:00",15703505,0
"2023-04-25 00:00:00",15703505,60485
"2023-04-24 00:00:00",15643020,0
"2023-04-23 00:00:00",15643020,63627
"2023-04-22 00:00:00",15579393,34300
"2023-04-21 00:00:00",15545093,0
"2023-04-20 00:00:00",15545093,66667
"2023-04-19 00:00:00",15478426,33825
"2023-04-18 00:00:00",15444601,27586
"2023-04-17 00:00:00",15417015,29497
"2023-04-16 00:00:00",15387518,0
"2023-04-15 00:00:00",15387518,68157
"2023-04-14 00:00:00",15319361,32987
"2023-04-13 00:00:00",15286374,32711
"2023-04-12 00:00:00",15253663,31199
"2023-04-11 00:00:00",15222464,28003
"2023-04-10 00:00:00",15194461,29578
"2023-04-09 00:00:00",15164883,31736
"2023-04-08 00:00:00",15133147,34702
"2023-04-07 00:00:00",15098445,33327
"2023-04-06 00:00:00",15065118,33616
"2023-04-05 00:00:00",15031502,32671
"2023-04-04 00:00:00",14998831,28109
"2023-04-03 00:00:00",14970722,30426
"2023-04-02 00:00:00",14940296,34335
"2023-04-01 00:00:00",14905961,34781
"2023-03-31 00:00:00",14871180,34576
"2023-03-30 00:00:00",14836604,35337
"2023-03-29 00:00:00",14801267,34505
"2023-03-28 00:00:00",14766762,28885
"2023-03-27 00:00:00",14737877,31374
"2023-03-26 00:00:00",14706503,0
"2023-03-25 00:00:00",14706503,70707
"2023-03-24 00:00:00",14635796,35685
"2023-03-23 00:00:00",14600111,35038
"2023-03-22 00:00:00",14565073,35203
"2023-03-21 00:00:00",14529870,29386
"2023-03-20 00:00:00",14500484,31334
"2023-03-19 00:00:00",14469150,35603
"2023-03-18 00:00:00",14433547,36223
"2023-03-17 00:00:00",14397324,35537
"2023-03-16 00:00:00",14361787,34552
"2023-03-15 00:00:00",14327235,34682
"2023-03-14 00:00:00",14292553,30093
"2023-03-13 00:00:00",14262460,31702
"2023-03-12 00:00:00",14230758,35596
"2023-03-11 00:00:00",14195162,0
"2023-03-10 00:00:00",14195162,73019
"2023-03-09 00:00:00",14122143,35691
"2023-03-08 00:00:00",14086452,35184
"2023-03-07 00:00:00",14051268,0
"2023-03-06 00:00:00",14051268,62076
"2023-03-05 00:00:00",13989192,36537
"2023-03-04 00:00:00",13952655,36401
"2023-03-03 00:00:00",13916254,36406
"2023-03-02 00:00:00",13879848,36971
"2023-03-01 00:00:00",13842877,36010
"2023-02-28 00:00:00",13806867,0
"2023-02-27 00:00:00",13806867,61472
"2023-02-26 00:00:00",13745395,35703
"2023-02-25 00:00:00",13709692,37160
"2023-02-24 00:00:00",13672532,37550
"2023-02-23 00:00:00",13634982,37870
"2023-02-22 00:00:00",13597112,35727
"2023-02-21 00:00:00",13561385,32195
"2023-02-20 00:00:00",13529190,34269
"2023-02-19 00:00:00",13494921,38268
"2023-02-18 00:00:00",13456653,39657
"2023-02-17 00:00:00",13416996,37558
"2023-02-16 00:00:00",13379438,0
"2023-02-15 00:00:00",13379438,72194
"2023-02-14 00:00:00",13307244,0
"2023-02-13 00:00:00",13307244,62644
"2023-02-12 00:00:00",13244600,37481
"2023-02-11 00:00:00",13207119,37687
"2023-02-10 00:00:00",13169432,37881
"2023-02-09 00:00:00",13131551,37655
"2023-02-08 00:00:00",13093896,36942
"2023-02-07 00:00:00",13056954,30877
"2023-02-06 00:00:00",13026077,32281
"2023-02-05 00:00:00",12993796,37707
"2023-02-04 00:00:00",12956089,37631
"2023-02-03 00:00:00",12918458,37072
"2023-02-02 00:00:00",12881386,36899
"2023-02-01 00:00:00",12844487,0
"2023-01-31 00:00:00",12844487,68768
"2023-01-30 00:00:00",12775719,34038
"2023-01-29 00:00:00",12741681,39599
"2023-01-28 00:00:00",12702082,39240
"2023-01-27 00:00:00",12662842,38954
"2023-01-26 00:00:00",12623888,39141
"2023-01-25 00:00:00",12584747,38130
"2023-01-24 00:00:00",12546617,31811
"2023-01-23 00:00:00",12514806,35006
"2023-01-22 00:00:00",12479800,41307
"2023-01-21 00:00:00",12438493,41313
"2023-01-20 00:00:00",12397180,40783
"2023-01-19 00:00:00",12356397,40972
"2023-01-18 00:00:00",12315425,35466
"2023-01-17 00:00:00",12279959,33039
"2023-01-16 00:00:00",12246920,34595
"2023-01-15 00:00:00",12212325,41363
"2023-01-14 00:00:00",12170962,41865
"2023-01-13 00:00:00",12129097,0
"2023-01-12 00:00:00",12129097,82025
"2023-01-11 00:00:00",12047072,39689
"2023-01-10 00:00:00",12007383,33383
"2023-01-09 00:00:00",11974000,35265
"2023-01-08 00:00:00",11938735,40122
"2023-01-07 00:00:00",11898613,39675
"2023-01-06 00:00:00",11858938,39169
"2023-01-05 00:00:00",11819769,38257
"2023-01-04 00:00:00",11781512,34328
"2023-01-03 00:00:00",11747184,31867
"2023-01-02 00:00:00",11715317,36080
"2023-01-01 00:00:00",11679237,38331
"2022-12-31 00:00:00",11640906,38405
"2022-12-30 00:00:00",11602501,38509
"2022-12-29 00:00:00",11563992,0
"2022-12-28 00:00:00",11563992,72570
"2022-12-27 00:00:00",11491422,29956
"2022-12-26 00:00:00",11461466,35685
"2022-12-25 00:00:00",11425781,38726
"2022-12-24 00:00:00",11387055,41963
"2022-12-23 00:00:00",11345092,43003
"2022-12-22 00:00:00",11302089,42731
"2022-12-21 00:00:00",11259358,41118
"2022-12-20 00:00:00",11218240,35617
"2022-12-19 00:00:00",11182623,0
"2022-12-18 00:00:00",11182623,84130
"2022-12-17 00:00:00",11098493,47117
"2022-12-16 00:00:00",11051376,45660
"2022-12-15 00:00:00",11005716,45770
"2022-12-14 00:00:00",10959946,43429
"2022-12-13 00:00:00",10916517,0
"2022-12-12 00:00:00",10916517,75118
"2022-12-11 00:00:00",10841399,44843
"2022-12-10 00:00:00",10796556,47642
"2022-12-09 00:00:00",10748914,46415
"2022-12-08 00:00:00",10702499,45160
"2022-12-07 00:00:00",10657339,44299
"2022-12-06 00:00:00",10613040,44299
"2022-12-05 00:00:00",10568741,44299
"2022-12-04 00:00:00",10524442,44299
"2022-12-03 00:00:00",10480142,44299
"2022-12-02 00:00:00",10435843,44299
"2022-12-01 00:00:00",10391544,42849
"2022-11-30 00:00:00",10348695,43319
"2022-11-29 00:00:00",10305376,34850
"2022-11-28 00:00:00",10270526,36185
"2022-11-27 00:00:00",10234341,35914
"2022-11-26 00:00:00",10198427,36589
"2022-11-25 00:00:00",10161838,40706
"2022-11-24 00:00:00",10121132,41564
"2022-11-23 00:00:00",10079568,40764
"2022-11-22 00:00:00",10038804,35802
"2022-11-21 00:00:00",10003002,38183
"2022-11-20 00:00:00",9964819,43167
"2022-11-19 00:00:00",9921652,42984
"2022-11-18 00:00:00",9878668,43274
"2022-11-17 00:00:00",9835394,43221
"2022-11-16 00:00:00",9792173,43018
"2022-11-15 00:00:00",9749155,34864
"2022-11-14 00:00:00",9714291,38579
"2022-11-13 00:00:00",9675712,43130
"2022-11-12 00:00:00",9632582,44370
"2022-11-11 00:00:00",9588212,43734
"2022-11-10 00:00:00",9544478,43679
"2022-11-09 00:00:00",9500799,43818
"2022-11-08 00:00:00",9456981,36166
"2022-11-07 00:00:00",9420815,38934
"2022-11-06 00:00:00",9381881,44816
"2022-11-05 00:00:00",9337065,45834
"2022-11-04 00:00:00",9291231,45508
"2022-11-03 00:00:00",9245723,44911
"2022-11-02 00:00:00",9200812,47205
"2022-11-01 00:00:00",9153607,39748
"2022-10-31 00:00:00",9113859,43679
"2022-10-30 00:00:00",9070180,49053
"2022-10-29 00:00:00",9021127,49669
"2022-10-28 00:00:00",8971458,48981
"2022-10-27 00:00:00",8922477,49834
"2022-10-26 00:00:00",8872643,49730
"2022-10-25 00:00:00",8822913,42293
"2022-10-24 00:00:00",8780620,46073
"2022-10-23 00:00:00",8734547,53124
"2022-10-22 00:00:00",8681423,52301
"2022-10-21 00:00:00",8629122,53714
"2022-10-20 00:00:00",8575408,52578
"2022-10-19 00:00:00",8522830,52180
"2022-10-18 00:00:00",8470650,43735
"2022-10-17 00:00:00",8426915,47156
"2022-10-16 00:00:00",8379759,53992
"2022-10-15 00:00:00",8325767,54597
"2022-10-14 00:00:00",8271170,53347
"2022-10-13 00:00:00",8217823,54093
"2022-10-12 00:00:00",8163730,53161
"2022-10-11 00:00:00",8110569,45810
"2022-10-10 00:00:00",8064759,48454
"2022-10-09 00:00:00",8016305,56074
"2022-10-08 00:00:00",7960231,58471
"2022-10-07 00:00:00",7901760,60501
"2022-10-06 00:00:00",7841259,60503
"2022-10-05 00:00:00",7780756,57487
"2022-10-04 00:00:00",7723269,46456
"2022-10-03 00:00:00",7676813,51505
"2022-10-02 00:00:00",7625308,58652
"2022-10-01 00:00:00",7566656,60394
"2022-09-30 00:00:00",7506262,59475
"2022-09-29 00:00:00",7446787,58971
"2022-09-28 00:00:00",7387816,57929
"2022-09-27 00:00:00",7329887,49078
"2022-09-26 00:00:00",7280809,52424
"2022-09-25 00:00:00",7228385,61769
"2022-09-24 00:00:00",7166616,62722
"2022-09-23 00:00:00",7103894,63471
"2022-09-22 00:00:00",7040423,62826
"2022-09-21 00:00:00",6977597,61622
"2022-09-20 00:00:00",6915975,51107
"2022-09-19 00:00:00",6864868,56495
"2022-09-18 00:00:00",6808373,65798
"2022-09-17 00:00:00",6742575,65977
"2022-09-16 00:00:00",6676598,66487
"2022-09-15 00:00:00",6610111,67085
"2022-09-14 00:00:00",6543026,65480
"2022-09-13 00:00:00",6477546,53955
"2022-09-12 00:00:00",6423591,59500
"2022-09-11 00:00:00",6364091,71007
"2022-09-10 00:00:00",6293084,71105
"2022-09-09 00:00:00",6221979,71609
"2022-09-08 00:00:00",6150370,135126
"2022-09-07 00:00:00",6015244,0
"2022-09-06 00:00:00",6015244,60785
"2022-09-05 00:00:00",5954459,66629
"2022-09-04 00:00:00",5887830,77871
"2022-09-03 00:00:00",5809959,77223
"2022-09-02 00:00:00",5732736,78566
"2022-09-01 00:00:00",5654170,78511
"2022-08-31 00:00:00",5575659,77730
"2022-08-30 00:00:00",5497929,67371
"2022-08-29 00:00:00",5430558,74659
"2022-08-28 00:00:00",5355899,86000
"2022-08-27 00:00:00",5269899,88116
"2022-08-26 00:00:00",5181783,90896
"2022-08-25 00:00:00",5090887,92246
"2022-08-24 00:00:00",4998641,94630
"2022-08-23 00:00:00",4904011,0
"2022-08-22 00:00:00",4904011,127215
"2022-08-21 00:00:00",4776796,127215
"2022-08-20 00:00:00",4649582,127215
"2022-08-19 00:00:00",4522367,127215
"2022-08-18 00:00:00",4395152,122163
"2022-08-17 00:00:00",4272989,123550
"2022-08-16 00:00:00",4149439,111933
"2022-08-15 00:00:00",4037506,123634
"2022-08-14 00:00:00",3913872,140228
"2022-08-13 00:00:00",3773644,153750
"2022-08-12 00:00:00",3619894,148396
"2022-08-11 00:00:00",3471498,156273
"2022-08-10 00:00:00",3315225,155710
"2022-08-09 00:00:00",3159515,155046
"2022-08-08 00:00:00",3004469,188492
"2022-08-07 00:00:00",2815977,194619
"2022-08-06 00:00:00",2621358,506102
"2022-08-05 00:00:00",2115256,437391
"2022-08-04 00:00:00",1677865,372755
"2022-08-03 00:00:00",1305110,286311
"2022-08-02 00:00:00",1018799,263665
"2022-08-01 00:00:00",755134,337030
"2022-07-31 00:00:00",418104,412047
"2022-07-30 00:00:00",6057,0