﻿"DateTime","Spotify Streams","Change"
"2023-05-06 00:00:00",3140905,20442
"2023-05-05 00:00:00",3120463,20887
"2023-05-04 00:00:00",3099576,20578
"2023-05-03 00:00:00",3078998,0
"2023-05-02 00:00:00",3078998,38013
"2023-05-01 00:00:00",3040985,18367
"2023-04-30 00:00:00",3022618,22857
"2023-04-29 00:00:00",2999761,21995
"2023-04-28 00:00:00",2977766,21552
"2023-04-27 00:00:00",2956214,21666
"2023-04-26 00:00:00",2934548,19242
"2023-04-25 00:00:00",2915306,12727
"2023-04-24 00:00:00",2902580,12727
"2023-04-23 00:00:00",2889853,15391
"2023-04-22 00:00:00",2874462,15270
"2023-04-21 00:00:00",2859192,15208
"2023-04-20 00:00:00",2843984,15228
"2023-04-19 00:00:00",2828756,17024
"2023-04-18 00:00:00",2811732,13858
"2023-04-17 00:00:00",2797874,15706
"2023-04-16 00:00:00",2782168,19358
"2023-04-15 00:00:00",2762810,19255
"2023-04-14 00:00:00",2743555,18886
"2023-04-13 00:00:00",2724669,19389
"2023-04-12 00:00:00",2705280,18812
"2023-04-11 00:00:00",2686468,15779
"2023-04-10 00:00:00",2670689,17763
"2023-04-09 00:00:00",2652926,18540
"2023-04-08 00:00:00",2634386,18123
"2023-04-07 00:00:00",2616263,16107
"2023-04-06 00:00:00",2600156,16053
"2023-04-05 00:00:00",2584103,0
"2023-04-04 00:00:00",2584103,15638
"2023-04-03 00:00:00",2568465,13819
"2023-04-02 00:00:00",2554646,33361
"2023-04-01 00:00:00",2521285,0
"2023-03-31 00:00:00",2521285,40625
"2023-03-30 00:00:00",2480660,19871
"2023-03-29 00:00:00",2460789,19758
"2023-03-28 00:00:00",2441031,17469
"2023-03-27 00:00:00",2423562,17754
"2023-03-26 00:00:00",2405808,20254
"2023-03-25 00:00:00",2385554,19389
"2023-03-24 00:00:00",2366165,18384
"2023-03-23 00:00:00",2347781,0
"2023-03-22 00:00:00",2347781,36947
"2023-03-21 00:00:00",2310834,15334
"2023-03-20 00:00:00",2295500,0
"2023-03-19 00:00:00",2295500,16133
"2023-03-18 00:00:00",2279367,18668
"2023-03-17 00:00:00",2260699,18019
"2023-03-16 00:00:00",2242680,17429
"2023-03-15 00:00:00",2225251,17979
"2023-03-14 00:00:00",2207272,17657
"2023-03-13 00:00:00",2189615,32225
"2023-03-12 00:00:00",2157390,0
"2023-03-11 00:00:00",2157390,18936
"2023-03-10 00:00:00",2138454,38134
"2023-03-09 00:00:00",2100320,0
"2023-03-08 00:00:00",2100320,38441
"2023-03-07 00:00:00",2061879,0
"2023-03-06 00:00:00",2061879,31495
"2023-03-05 00:00:00",2030384,0
"2023-03-04 00:00:00",2030384,38037
"2023-03-03 00:00:00",1992347,0
"2023-03-02 00:00:00",1992347,17783
"2023-03-01 00:00:00",1974564,17351
"2023-02-28 00:00:00",1957213,17168
"2023-02-27 00:00:00",1940045,13345
"2023-02-26 00:00:00",1926700,30575
"2023-02-25 00:00:00",1896125,20021
"2023-02-24 00:00:00",1876104,0
"2023-02-23 00:00:00",1876104,41770
"2023-02-22 00:00:00",1834334,18601
"2023-02-21 00:00:00",1815733,18113
"2023-02-20 00:00:00",1797620,19745
"2023-02-19 00:00:00",1777875,23431
"2023-02-18 00:00:00",1754444,24305
"2023-02-17 00:00:00",1730139,23272
"2023-02-16 00:00:00",1706867,25896
"2023-02-15 00:00:00",1680971,24017
"2023-02-14 00:00:00",1656954,19529
"2023-02-13 00:00:00",1637425,21601
"2023-02-12 00:00:00",1615824,26979
"2023-02-11 00:00:00",1588845,26933
"2023-02-10 00:00:00",1561912,26619
"2023-02-09 00:00:00",1535293,24983
"2023-02-08 00:00:00",1510310,24014
"2023-02-07 00:00:00",1486296,18374
"2023-02-06 00:00:00",1467922,19713
"2023-02-05 00:00:00",1448209,23945
"2023-02-04 00:00:00",1424264,22798
"2023-02-03 00:00:00",1401466,22216
"2023-02-02 00:00:00",1379250,21957
"2023-02-01 00:00:00",1357293,22106
"2023-01-31 00:00:00",1335187,18122
"2023-01-30 00:00:00",1317065,18813
"2023-01-29 00:00:00",1298252,11652
"2023-01-28 00:00:00",1286601,11652
"2023-01-27 00:00:00",1274949,48874
"2023-01-26 00:00:00",1226075,24321
"2023-01-25 00:00:00",1201754,22531
"2023-01-24 00:00:00",1179223,17769
"2023-01-23 00:00:00",1161454,0
"2023-01-22 00:00:00",1161454,42876
"2023-01-21 00:00:00",1118578,23797
"2023-01-20 00:00:00",1094781,0
"2023-01-19 00:00:00",1094781,47476
"2023-01-18 00:00:00",1047305,0
"2023-01-17 00:00:00",1047305,37844
"2023-01-16 00:00:00",1009461,19227
"2023-01-15 00:00:00",990234,26792
"2023-01-14 00:00:00",963442,27239
"2023-01-13 00:00:00",936203,0
"2023-01-12 00:00:00",936203,27772
"2023-01-11 00:00:00",908431,23400
"2023-01-10 00:00:00",885031,16188
"2023-01-09 00:00:00",868843,25334
"2023-01-08 00:00:00",843509,16051
"2023-01-07 00:00:00",827458,15267
"2023-01-06 00:00:00",812191,0
"2023-01-05 00:00:00",812191,26452
"2023-01-04 00:00:00",785739,0
"2023-01-03 00:00:00",785739,11569
"2023-01-02 00:00:00",774170,22019
"2023-01-01 00:00:00",752151,12850
"2022-12-31 00:00:00",739301,12659
"2022-12-30 00:00:00",726642,12437
"2022-12-29 00:00:00",714205,12189
"2022-12-28 00:00:00",702016,11671
"2022-12-27 00:00:00",690345,11434
"2022-12-26 00:00:00",678911,11874
"2022-12-25 00:00:00",667037,12883
"2022-12-24 00:00:00",654154,0
"2022-12-23 00:00:00",654154,14109
"2022-12-22 00:00:00",640045,14090
"2022-12-21 00:00:00",625955,14135
"2022-12-20 00:00:00",611820,27164
"2022-12-19 00:00:00",584656,14076
"2022-12-18 00:00:00",570580,0
"2022-12-17 00:00:00",570580,16187
"2022-12-16 00:00:00",554393,17410
"2022-12-15 00:00:00",536983,17180
"2022-12-14 00:00:00",519803,17392
"2022-12-13 00:00:00",502411,17364
"2022-12-12 00:00:00",485047,28474
"2022-12-11 00:00:00",456573,18401
"2022-12-10 00:00:00",438172,19307
"2022-12-09 00:00:00",418865,18378
"2022-12-08 00:00:00",400487,18433
"2022-12-07 00:00:00",382054,18318
"2022-12-06 00:00:00",363736,16116
"2022-12-05 00:00:00",347621,16116
"2022-12-04 00:00:00",331505,16116
"2022-12-03 00:00:00",315390,16116
"2022-12-02 00:00:00",299274,16116
"2022-12-01 00:00:00",283159,16116
"2022-11-30 00:00:00",267043,55368
"2022-11-29 00:00:00",211675,0