﻿"DateTime","Spotify Streams","Change"
"2023-05-15 00:00:00",4206020,0
"2023-05-14 00:00:00",4206020,12775
"2023-05-13 00:00:00",4193245,6612
"2023-05-12 00:00:00",4186633,6348
"2023-05-11 00:00:00",4180285,0
"2023-05-10 00:00:00",4180285,6505
"2023-05-09 00:00:00",4173780,9209
"2023-05-08 00:00:00",4164571,9209
"2023-05-07 00:00:00",4155362,6949
"2023-05-06 00:00:00",4148413,7002
"2023-05-05 00:00:00",4141411,0
"2023-05-04 00:00:00",4141411,13795
"2023-05-03 00:00:00",4127616,6671
"2023-05-02 00:00:00",4120945,5937
"2023-05-01 00:00:00",4115008,6953
"2023-04-30 00:00:00",4108055,6953
"2023-04-29 00:00:00",4101102,7087
"2023-04-28 00:00:00",4094015,7052
"2023-04-27 00:00:00",4086963,7079
"2023-04-26 00:00:00",4079884,6947
"2023-04-25 00:00:00",4072937,5964
"2023-04-24 00:00:00",4066973,6688
"2023-04-23 00:00:00",4060285,7365
"2023-04-22 00:00:00",4052920,7649
"2023-04-21 00:00:00",4045271,7435
"2023-04-20 00:00:00",4037836,7270
"2023-04-19 00:00:00",4030566,6736
"2023-04-18 00:00:00",4023831,6736
"2023-04-17 00:00:00",4017095,7133
"2023-04-16 00:00:00",4009962,0
"2023-04-15 00:00:00",4009962,15217
"2023-04-14 00:00:00",3994745,7282
"2023-04-13 00:00:00",3987463,7538
"2023-04-12 00:00:00",3979925,7086
"2023-04-11 00:00:00",3972839,6239
"2023-04-10 00:00:00",3966600,6998
"2023-04-09 00:00:00",3959602,0
"2023-04-08 00:00:00",3959602,15693
"2023-04-07 00:00:00",3943909,7816
"2023-04-06 00:00:00",3936093,7692
"2023-04-05 00:00:00",3928401,0
"2023-04-04 00:00:00",3928401,14476
"2023-04-03 00:00:00",3913925,7524
"2023-04-02 00:00:00",3906401,8232
"2023-04-01 00:00:00",3898169,0
"2023-03-31 00:00:00",3898169,8083
"2023-03-30 00:00:00",3890086,16211
"2023-03-29 00:00:00",3873875,7870
"2023-03-28 00:00:00",3866005,6897
"2023-03-27 00:00:00",3859108,0
"2023-03-26 00:00:00",3859108,16431
"2023-03-25 00:00:00",3842677,8119
"2023-03-24 00:00:00",3834558,8181
"2023-03-23 00:00:00",3826377,7874
"2023-03-22 00:00:00",3818503,7869
"2023-03-21 00:00:00",3810634,7014
"2023-03-20 00:00:00",3803620,7414
"2023-03-19 00:00:00",3796206,0
"2023-03-18 00:00:00",3796206,16482
"2023-03-17 00:00:00",3779724,8127
"2023-03-16 00:00:00",3771597,8319
"2023-03-15 00:00:00",3763278,8147
"2023-03-14 00:00:00",3755131,7525
"2023-03-13 00:00:00",3747606,0
"2023-03-12 00:00:00",3747606,17495
"2023-03-11 00:00:00",3730111,0
"2023-03-10 00:00:00",3730111,17626
"2023-03-09 00:00:00",3712485,8918
"2023-03-08 00:00:00",3703567,8809
"2023-03-07 00:00:00",3694758,7620
"2023-03-06 00:00:00",3687138,8559
"2023-03-05 00:00:00",3678579,9268
"2023-03-04 00:00:00",3669311,9061
"2023-03-03 00:00:00",3660250,9212
"2023-03-02 00:00:00",3651038,9380
"2023-03-01 00:00:00",3641658,8950
"2023-02-28 00:00:00",3632708,7911
"2023-02-27 00:00:00",3624797,8724
"2023-02-26 00:00:00",3616073,9786
"2023-02-25 00:00:00",3606287,9737
"2023-02-24 00:00:00",3596550,9850
"2023-02-23 00:00:00",3586700,9911
"2023-02-22 00:00:00",3576789,0
"2023-02-21 00:00:00",3576789,17716
"2023-02-20 00:00:00",3559073,9826
"2023-02-19 00:00:00",3549247,10319
"2023-02-18 00:00:00",3538928,11047
"2023-02-17 00:00:00",3527881,10529
"2023-02-16 00:00:00",3517352,0
"2023-02-15 00:00:00",3517352,20767
"2023-02-14 00:00:00",3496585,9313
"2023-02-13 00:00:00",3487272,10482
"2023-02-12 00:00:00",3476790,11699
"2023-02-11 00:00:00",3465091,11891
"2023-02-10 00:00:00",3453200,11282
"2023-02-09 00:00:00",3441918,11405
"2023-02-08 00:00:00",3430513,11336
"2023-02-07 00:00:00",3419177,0
"2023-02-06 00:00:00",3419177,10278
"2023-02-05 00:00:00",3408899,11201
"2023-02-04 00:00:00",3397698,24655
"2023-02-03 00:00:00",3373043,12336
"2023-02-02 00:00:00",3360707,12822
"2023-02-01 00:00:00",3347885,12114
"2023-01-31 00:00:00",3335771,10915
"2023-01-30 00:00:00",3324856,12828
"2023-01-29 00:00:00",3312028,13659
"2023-01-28 00:00:00",3298369,13546
"2023-01-27 00:00:00",3284823,13646
"2023-01-26 00:00:00",3271177,13525
"2023-01-25 00:00:00",3257652,13682
"2023-01-24 00:00:00",3243970,11481
"2023-01-23 00:00:00",3232489,12859
"2023-01-22 00:00:00",3219630,14294
"2023-01-21 00:00:00",3205336,14369
"2023-01-20 00:00:00",3190967,14730
"2023-01-19 00:00:00",3176237,14510
"2023-01-18 00:00:00",3161727,13306
"2023-01-17 00:00:00",3148421,12699
"2023-01-16 00:00:00",3135722,13488
"2023-01-15 00:00:00",3122234,15164
"2023-01-14 00:00:00",3107070,15084
"2023-01-13 00:00:00",3091986,0
"2023-01-12 00:00:00",3091986,29717
"2023-01-11 00:00:00",3062269,14602
"2023-01-10 00:00:00",3047667,12744
"2023-01-09 00:00:00",3034923,14067
"2023-01-08 00:00:00",3020856,14805
"2023-01-07 00:00:00",3006051,14774
"2023-01-06 00:00:00",2991277,14968
"2023-01-05 00:00:00",2976309,0
"2023-01-04 00:00:00",2976309,27750
"2023-01-03 00:00:00",2948559,13589
"2023-01-02 00:00:00",2934970,15669
"2023-01-01 00:00:00",2919301,16150
"2022-12-31 00:00:00",2903151,16216
"2022-12-30 00:00:00",2886935,16418
"2022-12-29 00:00:00",2870517,0
"2022-12-28 00:00:00",2870517,31697
"2022-12-27 00:00:00",2838820,0
"2022-12-26 00:00:00",2838820,30113
"2022-12-25 00:00:00",2808707,17270
"2022-12-24 00:00:00",2791437,18205
"2022-12-23 00:00:00",2773232,18711
"2022-12-22 00:00:00",2754521,18651
"2022-12-21 00:00:00",2735870,18349
"2022-12-20 00:00:00",2717521,17195
"2022-12-19 00:00:00",2700326,20232
"2022-12-18 00:00:00",2680094,23782
"2022-12-17 00:00:00",2656312,30602
"2022-12-16 00:00:00",2625710,29589
"2022-12-15 00:00:00",2596121,28256
"2022-12-14 00:00:00",2567865,34596
"2022-12-13 00:00:00",2533269,30163
"2022-12-12 00:00:00",2503106,34314
"2022-12-11 00:00:00",2468792,35379
"2022-12-10 00:00:00",2433413,38582
"2022-12-09 00:00:00",2394831,41394
"2022-12-08 00:00:00",2353437,38190
"2022-12-07 00:00:00",2315247,28953
"2022-12-06 00:00:00",2286294,33155
"2022-12-05 00:00:00",2253139,33155
"2022-12-04 00:00:00",2219984,33155
"2022-12-03 00:00:00",2186830,33155
"2022-12-02 00:00:00",2153675,33155
"2022-12-01 00:00:00",2120520,40527
"2022-11-30 00:00:00",2079993,39257
"2022-11-29 00:00:00",2040736,32926
"2022-11-28 00:00:00",2007810,35361
"2022-11-27 00:00:00",1972449,34836
"2022-11-26 00:00:00",1937613,38431
"2022-11-25 00:00:00",1899182,48329
"2022-11-24 00:00:00",1850853,47406
"2022-11-23 00:00:00",1803447,45783
"2022-11-22 00:00:00",1757664,41903
"2022-11-21 00:00:00",1715761,49173
"2022-11-20 00:00:00",1666588,50530
"2022-11-19 00:00:00",1616058,57552
"2022-11-18 00:00:00",1558506,58693
"2022-11-17 00:00:00",1499813,54272
"2022-11-16 00:00:00",1445541,56991
"2022-11-15 00:00:00",1388550,56749
"2022-11-14 00:00:00",1331801,64095
"2022-11-13 00:00:00",1267706,54959
"2022-11-12 00:00:00",1212747,56405
"2022-11-11 00:00:00",1156342,58490
"2022-11-10 00:00:00",1097852,59808
"2022-11-09 00:00:00",1038044,58382
"2022-11-08 00:00:00",979662,49715
"2022-11-07 00:00:00",929947,58029
"2022-11-06 00:00:00",871918,75749
"2022-11-05 00:00:00",796169,82627
"2022-11-04 00:00:00",713542,94149
"2022-11-03 00:00:00",619393,98994
"2022-11-02 00:00:00",520399,113492
"2022-11-01 00:00:00",406907,100883
"2022-10-31 00:00:00",306024,144675
"2022-10-30 00:00:00",161349,0