﻿"DateTime","Spotify Streams","Change"
"2023-05-14 00:00:00",7593914,11241
"2023-05-13 00:00:00",7582673,11273
"2023-05-12 00:00:00",7571400,11273
"2023-05-11 00:00:00",7560127,10818
"2023-05-10 00:00:00",7549309,10984
"2023-05-09 00:00:00",7538325,0
"2023-05-08 00:00:00",7538325,20753
"2023-05-07 00:00:00",7517572,11504
"2023-05-06 00:00:00",7506068,0
"2023-05-05 00:00:00",7506068,24152
"2023-05-04 00:00:00",7481916,12104
"2023-05-03 00:00:00",7469812,11976
"2023-05-02 00:00:00",7457836,11427
"2023-05-01 00:00:00",7446409,11427
"2023-04-30 00:00:00",7434982,11427
"2023-04-29 00:00:00",7423555,11963
"2023-04-28 00:00:00",7411593,11963
"2023-04-27 00:00:00",7399630,11755
"2023-04-26 00:00:00",7387875,11436
"2023-04-25 00:00:00",7376439,11436
"2023-04-24 00:00:00",7365003,12068
"2023-04-23 00:00:00",7352935,12215
"2023-04-22 00:00:00",7340720,12720
"2023-04-21 00:00:00",7328000,12631
"2023-04-20 00:00:00",7315369,12631
"2023-04-19 00:00:00",7302738,12541
"2023-04-18 00:00:00",7290197,11400
"2023-04-17 00:00:00",7278797,11862
"2023-04-16 00:00:00",7266935,12909
"2023-04-15 00:00:00",7254026,13316
"2023-04-14 00:00:00",7240710,12859
"2023-04-13 00:00:00",7227851,12835
"2023-04-12 00:00:00",7215016,12787
"2023-04-11 00:00:00",7202229,11738
"2023-04-10 00:00:00",7190491,13070
"2023-04-09 00:00:00",7177421,14183
"2023-04-08 00:00:00",7163238,15069
"2023-04-07 00:00:00",7148169,14625
"2023-04-06 00:00:00",7133544,14368
"2023-04-05 00:00:00",7119176,14336
"2023-04-04 00:00:00",7104840,12825
"2023-04-03 00:00:00",7092015,13890
"2023-04-02 00:00:00",7078125,14288
"2023-04-01 00:00:00",7063837,13623
"2023-03-31 00:00:00",7050214,13075
"2023-03-30 00:00:00",7037139,12949
"2023-03-29 00:00:00",7024190,12746
"2023-03-28 00:00:00",7011444,11741
"2023-03-27 00:00:00",6999703,12755
"2023-03-26 00:00:00",6986948,12970
"2023-03-25 00:00:00",6973978,13004
"2023-03-24 00:00:00",6960974,13811
"2023-03-23 00:00:00",6947163,13467
"2023-03-22 00:00:00",6933696,13705
"2023-03-21 00:00:00",6919991,12535
"2023-03-20 00:00:00",6907456,12829
"2023-03-19 00:00:00",6894627,13844
"2023-03-18 00:00:00",6880783,13826
"2023-03-17 00:00:00",6866957,13856
"2023-03-16 00:00:00",6853101,13872
"2023-03-15 00:00:00",6839229,13598
"2023-03-14 00:00:00",6825631,0
"2023-03-13 00:00:00",6825631,12481
"2023-03-12 00:00:00",6813150,26976
"2023-03-11 00:00:00",6786174,13317
"2023-03-10 00:00:00",6772857,13143
"2023-03-09 00:00:00",6759714,12770
"2023-03-08 00:00:00",6746944,13146
"2023-03-07 00:00:00",6733798,11746
"2023-03-06 00:00:00",6722052,12771
"2023-03-05 00:00:00",6709281,13298
"2023-03-04 00:00:00",6695983,13633
"2023-03-03 00:00:00",6682350,13032
"2023-03-02 00:00:00",6669318,13155
"2023-03-01 00:00:00",6656163,12892
"2023-02-28 00:00:00",6643271,12259
"2023-02-27 00:00:00",6631012,12592
"2023-02-26 00:00:00",6618420,13653
"2023-02-25 00:00:00",6604767,13677
"2023-02-24 00:00:00",6591090,13540
"2023-02-23 00:00:00",6577550,13927
"2023-02-22 00:00:00",6563623,13276
"2023-02-21 00:00:00",6550347,12409
"2023-02-20 00:00:00",6537938,13667
"2023-02-19 00:00:00",6524271,14020
"2023-02-18 00:00:00",6510251,13888
"2023-02-17 00:00:00",6496363,13868
"2023-02-16 00:00:00",6482495,14438
"2023-02-15 00:00:00",6468057,12981
"2023-02-14 00:00:00",6455076,12961
"2023-02-13 00:00:00",6442115,13673
"2023-02-12 00:00:00",6428442,14754
"2023-02-11 00:00:00",6413688,14932
"2023-02-10 00:00:00",6398756,14526
"2023-02-09 00:00:00",6384230,14566
"2023-02-08 00:00:00",6369664,14815
"2023-02-07 00:00:00",6354849,13419
"2023-02-06 00:00:00",6341430,14439
"2023-02-05 00:00:00",6326991,15299
"2023-02-04 00:00:00",6311692,15492
"2023-02-03 00:00:00",6296200,0
"2023-02-02 00:00:00",6296200,31724
"2023-02-01 00:00:00",6264476,15826
"2023-01-31 00:00:00",6248650,14648
"2023-01-30 00:00:00",6234002,15575
"2023-01-29 00:00:00",6218427,16422
"2023-01-28 00:00:00",6202005,0
"2023-01-27 00:00:00",6202005,33073
"2023-01-26 00:00:00",6168932,16673
"2023-01-25 00:00:00",6152259,16518
"2023-01-24 00:00:00",6135741,15070
"2023-01-23 00:00:00",6120671,15908
"2023-01-22 00:00:00",6104763,17254
"2023-01-21 00:00:00",6087509,17094
"2023-01-20 00:00:00",6070415,17517
"2023-01-19 00:00:00",6052898,17576
"2023-01-18 00:00:00",6035322,16668
"2023-01-17 00:00:00",6018654,15357
"2023-01-16 00:00:00",6003297,15212
"2023-01-15 00:00:00",5988085,18070
"2023-01-14 00:00:00",5970015,17480
"2023-01-13 00:00:00",5952535,17660
"2023-01-12 00:00:00",5934875,17537
"2023-01-11 00:00:00",5917338,17648
"2023-01-10 00:00:00",5899690,0
"2023-01-09 00:00:00",5899690,33029
"2023-01-08 00:00:00",5866661,17501
"2023-01-07 00:00:00",5849160,18259
"2023-01-06 00:00:00",5830901,18021
"2023-01-05 00:00:00",5812880,0
"2023-01-04 00:00:00",5812880,35507
"2023-01-03 00:00:00",5777373,0
"2023-01-02 00:00:00",5777373,33165
"2023-01-01 00:00:00",5744208,18359
"2022-12-31 00:00:00",5725849,18950
"2022-12-30 00:00:00",5706899,19174
"2022-12-29 00:00:00",5687725,18816
"2022-12-28 00:00:00",5668909,17237
"2022-12-27 00:00:00",5651672,16122
"2022-12-26 00:00:00",5635550,17809
"2022-12-25 00:00:00",5617741,19176
"2022-12-24 00:00:00",5598565,19622
"2022-12-23 00:00:00",5578943,19820
"2022-12-22 00:00:00",5559123,0
"2022-12-21 00:00:00",5559123,39235
"2022-12-20 00:00:00",5519888,17272
"2022-12-19 00:00:00",5502616,19191
"2022-12-18 00:00:00",5483425,19939
"2022-12-17 00:00:00",5463486,19715
"2022-12-16 00:00:00",5443771,19130
"2022-12-15 00:00:00",5424641,19928
"2022-12-14 00:00:00",5404713,20576
"2022-12-13 00:00:00",5384137,18201
"2022-12-12 00:00:00",5365936,18920
"2022-12-11 00:00:00",5347016,19784
"2022-12-10 00:00:00",5327232,21717
"2022-12-09 00:00:00",5305515,21201
"2022-12-08 00:00:00",5284314,21277
"2022-12-07 00:00:00",5263037,21171
"2022-12-06 00:00:00",5241866,21071
"2022-12-05 00:00:00",5220795,21071
"2022-12-04 00:00:00",5199725,21071
"2022-12-03 00:00:00",5178654,21071
"2022-12-02 00:00:00",5157584,21071
"2022-12-01 00:00:00",5136513,20588
"2022-11-30 00:00:00",5115925,20751
"2022-11-29 00:00:00",5095174,19061
"2022-11-28 00:00:00",5076113,19448
"2022-11-27 00:00:00",5056665,19734
"2022-11-26 00:00:00",5036931,21090
"2022-11-25 00:00:00",5015841,23984
"2022-11-24 00:00:00",4991857,24043
"2022-11-23 00:00:00",4967814,23823
"2022-11-22 00:00:00",4943991,21966
"2022-11-21 00:00:00",4922025,23400
"2022-11-20 00:00:00",4898625,24115
"2022-11-19 00:00:00",4874510,24357
"2022-11-18 00:00:00",4850153,24111
"2022-11-17 00:00:00",4826042,23256
"2022-11-16 00:00:00",4802786,23245
"2022-11-15 00:00:00",4779541,20950
"2022-11-14 00:00:00",4758591,22393
"2022-11-13 00:00:00",4736198,24575
"2022-11-12 00:00:00",4711623,24601
"2022-11-11 00:00:00",4687022,23739
"2022-11-10 00:00:00",4663283,23299
"2022-11-09 00:00:00",4639984,23064
"2022-11-08 00:00:00",4616920,21667
"2022-11-07 00:00:00",4595253,22599
"2022-11-06 00:00:00",4572654,23795
"2022-11-05 00:00:00",4548859,25060
"2022-11-04 00:00:00",4523799,24115
"2022-11-03 00:00:00",4499684,21840
"2022-11-02 00:00:00",4477844,22460
"2022-11-01 00:00:00",4455384,20958
"2022-10-31 00:00:00",4434426,22319
"2022-10-30 00:00:00",4412107,24236
"2022-10-29 00:00:00",4387871,25446
"2022-10-28 00:00:00",4362425,25680
"2022-10-27 00:00:00",4336745,25507
"2022-10-26 00:00:00",4311238,25741
"2022-10-25 00:00:00",4285497,23914
"2022-10-24 00:00:00",4261583,25573
"2022-10-23 00:00:00",4236010,27808
"2022-10-22 00:00:00",4208202,27491
"2022-10-21 00:00:00",4180711,26775
"2022-10-20 00:00:00",4153936,27003
"2022-10-19 00:00:00",4126933,26974
"2022-10-18 00:00:00",4099959,24995
"2022-10-17 00:00:00",4074964,26320
"2022-10-16 00:00:00",4048644,28700
"2022-10-15 00:00:00",4019944,31019
"2022-10-14 00:00:00",3988925,30125
"2022-10-13 00:00:00",3958800,30168
"2022-10-12 00:00:00",3928632,31187
"2022-10-11 00:00:00",3897445,28642
"2022-10-10 00:00:00",3868803,30277
"2022-10-09 00:00:00",3838526,33194
"2022-10-08 00:00:00",3805332,34573
"2022-10-07 00:00:00",3770759,35038
"2022-10-06 00:00:00",3735721,35573
"2022-10-05 00:00:00",3700148,35030
"2022-10-04 00:00:00",3665118,30793
"2022-10-03 00:00:00",3634325,33096
"2022-10-02 00:00:00",3601229,33911
"2022-10-01 00:00:00",3567318,33409
"2022-09-30 00:00:00",3533909,33584
"2022-09-29 00:00:00",3500325,34453
"2022-09-28 00:00:00",3465872,35905
"2022-09-27 00:00:00",3429967,32965
"2022-09-26 00:00:00",3397002,34910
"2022-09-25 00:00:00",3362092,37881
"2022-09-24 00:00:00",3324211,39128
"2022-09-23 00:00:00",3285083,70650
"2022-09-22 00:00:00",3214433,0
"2022-09-21 00:00:00",3214433,35712
"2022-09-20 00:00:00",3178721,34204
"2022-09-19 00:00:00",3144517,36369
"2022-09-18 00:00:00",3108148,39764
"2022-09-17 00:00:00",3068384,41330
"2022-09-16 00:00:00",3027054,41129
"2022-09-15 00:00:00",2985925,41875
"2022-09-14 00:00:00",2944050,42597
"2022-09-13 00:00:00",2901453,39638
"2022-09-12 00:00:00",2861815,42376
"2022-09-11 00:00:00",2819439,43694
"2022-09-10 00:00:00",2775745,45609
"2022-09-09 00:00:00",2730136,46619
"2022-09-08 00:00:00",2683517,94426
"2022-09-07 00:00:00",2589091,0
"2022-09-06 00:00:00",2589091,45435
"2022-09-05 00:00:00",2543656,47657
"2022-09-04 00:00:00",2495999,54115
"2022-09-03 00:00:00",2441884,56053
"2022-09-02 00:00:00",2385831,56875
"2022-09-01 00:00:00",2328956,57268
"2022-08-31 00:00:00",2271688,59694
"2022-08-30 00:00:00",2211994,56325
"2022-08-29 00:00:00",2155669,60440
"2022-08-28 00:00:00",2095229,66777
"2022-08-27 00:00:00",2028452,72341
"2022-08-26 00:00:00",1956111,75768
"2022-08-25 00:00:00",1880343,80260
"2022-08-24 00:00:00",1800083,86321
"2022-08-23 00:00:00",1713762,97700
"2022-08-22 00:00:00",1616062,97700
"2022-08-21 00:00:00",1518363,97700
"2022-08-20 00:00:00",1420663,122003
"2022-08-19 00:00:00",1298660,128665
"2022-08-18 00:00:00",1169995,148582
"2022-08-17 00:00:00",1021413,176799
"2022-08-16 00:00:00",844614,183188
"2022-08-15 00:00:00",661426,246350
"2022-08-14 00:00:00",415076,0