﻿"DateTime","Spotify Streams","Change"
"2023-05-10 00:00:00",1208127,566
"2023-05-09 00:00:00",1207561,470
"2023-05-08 00:00:00",1207091,470
"2023-05-07 00:00:00",1206621,606
"2023-05-06 00:00:00",1206015,683
"2023-05-05 00:00:00",1205332,627
"2023-05-04 00:00:00",1204705,0
"2023-05-03 00:00:00",1204705,786
"2023-05-02 00:00:00",1203920,786
"2023-05-01 00:00:00",1203134,508
"2023-04-30 00:00:00",1202626,583
"2023-04-29 00:00:00",1202043,573
"2023-04-28 00:00:00",1201470,588
"2023-04-27 00:00:00",1200882,605
"2023-04-26 00:00:00",1200277,592
"2023-04-25 00:00:00",1199685,492
"2023-04-24 00:00:00",1199194,492
"2023-04-23 00:00:00",1198702,612
"2023-04-22 00:00:00",1198090,586
"2023-04-21 00:00:00",1197504,608
"2023-04-20 00:00:00",1196896,634
"2023-04-19 00:00:00",1196262,630
"2023-04-18 00:00:00",1195632,519
"2023-04-17 00:00:00",1195113,0
"2023-04-16 00:00:00",1195113,1192
"2023-04-15 00:00:00",1193921,659
"2023-04-14 00:00:00",1193262,633
"2023-04-13 00:00:00",1192629,640
"2023-04-12 00:00:00",1191989,575
"2023-04-11 00:00:00",1191414,464
"2023-04-10 00:00:00",1190950,518
"2023-04-09 00:00:00",1190432,530
"2023-04-08 00:00:00",1189902,642
"2023-04-07 00:00:00",1189260,623
"2023-04-06 00:00:00",1188637,642
"2023-04-05 00:00:00",1187995,644
"2023-04-04 00:00:00",1187351,510
"2023-04-03 00:00:00",1186841,549
"2023-04-02 00:00:00",1186292,685
"2023-04-01 00:00:00",1185607,703
"2023-03-31 00:00:00",1184904,741
"2023-03-30 00:00:00",1184163,0
"2023-03-29 00:00:00",1184163,1567
"2023-03-28 00:00:00",1182596,568
"2023-03-27 00:00:00",1182028,620
"2023-03-26 00:00:00",1181408,0
"2023-03-25 00:00:00",1181408,1493
"2023-03-24 00:00:00",1179915,0
"2023-03-23 00:00:00",1179915,1542
"2023-03-22 00:00:00",1178373,745
"2023-03-21 00:00:00",1177628,604
"2023-03-20 00:00:00",1177024,678
"2023-03-19 00:00:00",1176346,790
"2023-03-18 00:00:00",1175556,828
"2023-03-17 00:00:00",1174728,866
"2023-03-16 00:00:00",1173862,844
"2023-03-15 00:00:00",1173018,818
"2023-03-14 00:00:00",1172200,743
"2023-03-13 00:00:00",1171457,756
"2023-03-12 00:00:00",1170701,957
"2023-03-11 00:00:00",1169744,1088
"2023-03-10 00:00:00",1168656,1097
"2023-03-09 00:00:00",1167559,1048
"2023-03-08 00:00:00",1166511,1035
"2023-03-07 00:00:00",1165476,1323
"2023-03-06 00:00:00",1164153,0
"2023-03-05 00:00:00",1164153,3709
"2023-03-04 00:00:00",1160444,1363
"2023-03-03 00:00:00",1159081,1353
"2023-03-02 00:00:00",1157728,1358
"2023-03-01 00:00:00",1156370,1102
"2023-02-28 00:00:00",1155268,0
"2023-02-27 00:00:00",1155268,1774
"2023-02-26 00:00:00",1153494,1125
"2023-02-25 00:00:00",1152369,1210
"2023-02-24 00:00:00",1151159,1114
"2023-02-23 00:00:00",1150045,1992
"2023-02-22 00:00:00",1148053,0
"2023-02-21 00:00:00",1148053,823
"2023-02-20 00:00:00",1147230,0
"2023-02-19 00:00:00",1147230,2058
"2023-02-18 00:00:00",1145172,1150
"2023-02-17 00:00:00",1144022,1202
"2023-02-16 00:00:00",1142820,0
"2023-02-15 00:00:00",1142820,2317
"2023-02-14 00:00:00",1140503,979
"2023-02-13 00:00:00",1139524,0
"2023-02-12 00:00:00",1139524,2315
"2023-02-11 00:00:00",1137209,1321
"2023-02-10 00:00:00",1135888,1320
"2023-02-09 00:00:00",1134568,1326
"2023-02-08 00:00:00",1133242,1134
"2023-02-07 00:00:00",1132108,1134
"2023-02-06 00:00:00",1130974,0
"2023-02-05 00:00:00",1130974,2493
"2023-02-04 00:00:00",1128481,1280
"2023-02-03 00:00:00",1127201,1230
"2023-02-02 00:00:00",1125971,1226
"2023-02-01 00:00:00",1124745,1179
"2023-01-31 00:00:00",1123566,933
"2023-01-30 00:00:00",1122633,1061
"2023-01-29 00:00:00",1121572,1169
"2023-01-28 00:00:00",1120403,1360
"2023-01-27 00:00:00",1119043,1314
"2023-01-26 00:00:00",1117729,1303
"2023-01-25 00:00:00",1116426,1362
"2023-01-24 00:00:00",1115064,1053
"2023-01-23 00:00:00",1114011,1213
"2023-01-22 00:00:00",1112798,1508
"2023-01-21 00:00:00",1111290,1704
"2023-01-20 00:00:00",1109586,1709
"2023-01-19 00:00:00",1107877,1814
"2023-01-18 00:00:00",1106063,1603
"2023-01-17 00:00:00",1104460,1286
"2023-01-16 00:00:00",1103174,1538
"2023-01-15 00:00:00",1101636,1947
"2023-01-14 00:00:00",1099689,1466
"2023-01-13 00:00:00",1098223,1472
"2023-01-12 00:00:00",1096751,1335
"2023-01-11 00:00:00",1095416,1293
"2023-01-10 00:00:00",1094123,965
"2023-01-09 00:00:00",1093158,1077
"2023-01-08 00:00:00",1092081,1322
"2023-01-07 00:00:00",1090759,1444
"2023-01-06 00:00:00",1089315,1271
"2023-01-05 00:00:00",1088044,1190
"2023-01-04 00:00:00",1086854,1046
"2023-01-03 00:00:00",1085808,895
"2023-01-02 00:00:00",1084913,973
"2023-01-01 00:00:00",1083940,1250
"2022-12-31 00:00:00",1082690,1189
"2022-12-30 00:00:00",1081501,1256
"2022-12-29 00:00:00",1080245,1061
"2022-12-28 00:00:00",1079184,0
"2022-12-27 00:00:00",1079184,1539
"2022-12-26 00:00:00",1077645,898
"2022-12-25 00:00:00",1076747,1113
"2022-12-24 00:00:00",1075634,1193
"2022-12-23 00:00:00",1074441,1087
"2022-12-22 00:00:00",1073354,1167
"2022-12-21 00:00:00",1072187,1066
"2022-12-20 00:00:00",1071121,871
"2022-12-19 00:00:00",1070250,1020
"2022-12-18 00:00:00",1069230,1175
"2022-12-17 00:00:00",1068055,1276
"2022-12-16 00:00:00",1066779,1281
"2022-12-15 00:00:00",1065498,1251
"2022-12-14 00:00:00",1064247,1325
"2022-12-13 00:00:00",1062922,973
"2022-12-12 00:00:00",1061949,1061
"2022-12-11 00:00:00",1060888,1277
"2022-12-10 00:00:00",1059611,1277
"2022-12-09 00:00:00",1058334,1319
"2022-12-08 00:00:00",1057015,1164
"2022-12-07 00:00:00",1055851,1050
"2022-12-06 00:00:00",1054801,1243
"2022-12-05 00:00:00",1053558,1243
"2022-12-04 00:00:00",1052316,1243
"2022-12-03 00:00:00",1051073,1243
"2022-12-02 00:00:00",1049831,1243
"2022-12-01 00:00:00",1048588,1184
"2022-11-30 00:00:00",1047404,1088
"2022-11-29 00:00:00",1046316,841
"2022-11-28 00:00:00",1045475,876
"2022-11-27 00:00:00",1044599,888
"2022-11-26 00:00:00",1043711,941
"2022-11-25 00:00:00",1042770,1169
"2022-11-24 00:00:00",1041601,1163
"2022-11-23 00:00:00",1040438,1039
"2022-11-22 00:00:00",1039399,857
"2022-11-21 00:00:00",1038542,976
"2022-11-20 00:00:00",1037566,1190
"2022-11-19 00:00:00",1036376,1217
"2022-11-18 00:00:00",1035159,1315
"2022-11-17 00:00:00",1033844,1178
"2022-11-16 00:00:00",1032666,1119
"2022-11-15 00:00:00",1031547,969
"2022-11-14 00:00:00",1030578,1096
"2022-11-13 00:00:00",1029482,1233
"2022-11-12 00:00:00",1028249,1311
"2022-11-11 00:00:00",1026938,1276
"2022-11-10 00:00:00",1025662,1254
"2022-11-09 00:00:00",1024408,1208
"2022-11-08 00:00:00",1023200,983
"2022-11-07 00:00:00",1022217,1064
"2022-11-06 00:00:00",1021153,1287
"2022-11-05 00:00:00",1019866,1469
"2022-11-04 00:00:00",1018397,1538
"2022-11-03 00:00:00",1016859,1408
"2022-11-02 00:00:00",1015451,1412
"2022-11-01 00:00:00",1014039,1148
"2022-10-31 00:00:00",1012891,1265
"2022-10-30 00:00:00",1011626,1579
"2022-10-29 00:00:00",1010047,1778
"2022-10-28 00:00:00",1008269,1806
"2022-10-27 00:00:00",1006463,1726
"2022-10-26 00:00:00",1004737,1700
"2022-10-25 00:00:00",1003037,1367
"2022-10-24 00:00:00",1001670,1549
"2022-10-23 00:00:00",1000121,1937
"2022-10-22 00:00:00",998184,1904
"2022-10-21 00:00:00",996280,0
"2022-10-20 00:00:00",996280,3573
"2022-10-19 00:00:00",992707,1765
"2022-10-18 00:00:00",990942,1307
"2022-10-17 00:00:00",989635,1523
"2022-10-16 00:00:00",988112,1828
"2022-10-15 00:00:00",986284,1911
"2022-10-14 00:00:00",984373,1912
"2022-10-13 00:00:00",982461,1892
"2022-10-12 00:00:00",980569,1841
"2022-10-11 00:00:00",978728,1446
"2022-10-10 00:00:00",977282,1592
"2022-10-09 00:00:00",975690,1989
"2022-10-08 00:00:00",973701,2369
"2022-10-07 00:00:00",971332,2387
"2022-10-06 00:00:00",968945,2357
"2022-10-05 00:00:00",966588,2106
"2022-10-04 00:00:00",964482,1631
"2022-10-03 00:00:00",962851,1711
"2022-10-02 00:00:00",961140,1999
"2022-10-01 00:00:00",959141,2116
"2022-09-30 00:00:00",957025,2004
"2022-09-29 00:00:00",955021,2084
"2022-09-28 00:00:00",952937,1982
"2022-09-27 00:00:00",950955,1523
"2022-09-26 00:00:00",949432,1789
"2022-09-25 00:00:00",947643,2118
"2022-09-24 00:00:00",945525,2108
"2022-09-23 00:00:00",943417,4314
"2022-09-22 00:00:00",939103,0
"2022-09-21 00:00:00",939103,2109
"2022-09-20 00:00:00",936994,1718
"2022-09-19 00:00:00",935276,1924
"2022-09-18 00:00:00",933352,2245
"2022-09-17 00:00:00",931107,2267
"2022-09-16 00:00:00",928840,2337
"2022-09-15 00:00:00",926503,2251
"2022-09-14 00:00:00",924252,2373
"2022-09-13 00:00:00",921879,1930
"2022-09-12 00:00:00",919949,1997
"2022-09-11 00:00:00",917952,2322
"2022-09-10 00:00:00",915630,2562
"2022-09-09 00:00:00",913068,2541
"2022-09-08 00:00:00",910527,4942
"2022-09-07 00:00:00",905585,0
"2022-09-06 00:00:00",905585,2026
"2022-09-05 00:00:00",903559,2394
"2022-09-04 00:00:00",901165,2935
"2022-09-03 00:00:00",898230,3008
"2022-09-02 00:00:00",895222,2764
"2022-09-01 00:00:00",892458,2606
"2022-08-31 00:00:00",889852,2535
"2022-08-30 00:00:00",887317,2104
"2022-08-29 00:00:00",885213,2323
"2022-08-28 00:00:00",882890,2763
"2022-08-27 00:00:00",880127,2999
"2022-08-26 00:00:00",877128,3057
"2022-08-25 00:00:00",874071,3078
"2022-08-24 00:00:00",870993,3061
"2022-08-23 00:00:00",867932,3134
"2022-08-22 00:00:00",864798,3134
"2022-08-21 00:00:00",861664,3134
"2022-08-20 00:00:00",858529,3134
"2022-08-19 00:00:00",855395,3464
"2022-08-18 00:00:00",851931,3631
"2022-08-17 00:00:00",848300,3383
"2022-08-16 00:00:00",844917,2953
"2022-08-15 00:00:00",841964,3108
"2022-08-14 00:00:00",838856,3817
"2022-08-13 00:00:00",835039,4195
"2022-08-12 00:00:00",830844,3515
"2022-08-11 00:00:00",827329,3773
"2022-08-10 00:00:00",823556,3673
"2022-08-09 00:00:00",819883,3237
"2022-08-08 00:00:00",816646,3397
"2022-08-07 00:00:00",813249,4135
"2022-08-06 00:00:00",809114,4343
"2022-08-05 00:00:00",804771,4324
"2022-08-04 00:00:00",800447,4333
"2022-08-03 00:00:00",796114,4382
"2022-08-02 00:00:00",791732,3688
"2022-08-01 00:00:00",788044,4154
"2022-07-31 00:00:00",783890,5242
"2022-07-30 00:00:00",778648,5566
"2022-07-29 00:00:00",773082,5740
"2022-07-28 00:00:00",767342,5862
"2022-07-27 00:00:00",761480,5808
"2022-07-26 00:00:00",755672,4919
"2022-07-25 00:00:00",750753,5481
"2022-07-24 00:00:00",745272,7291
"2022-07-23 00:00:00",737981,8484
"2022-07-22 00:00:00",729497,8975
"2022-07-21 00:00:00",720522,6296
"2022-07-20 00:00:00",714226,6052
"2022-07-19 00:00:00",708174,5503
"2022-07-18 00:00:00",702671,5827
"2022-07-17 00:00:00",696844,7231
"2022-07-16 00:00:00",689613,7308
"2022-07-15 00:00:00",682305,6626
"2022-07-14 00:00:00",675679,13058
"2022-07-13 00:00:00",662621,0
"2022-07-12 00:00:00",662621,5585
"2022-07-11 00:00:00",657036,6530
"2022-07-10 00:00:00",650506,7858
"2022-07-09 00:00:00",642648,7832
"2022-07-08 00:00:00",634816,8124
"2022-07-07 00:00:00",626692,8496
"2022-07-06 00:00:00",618196,8224
"2022-07-05 00:00:00",609972,7700
"2022-07-04 00:00:00",602272,9241
"2022-07-03 00:00:00",593031,11839
"2022-07-02 00:00:00",581192,13112
"2022-07-01 00:00:00",568080,13640
"2022-06-30 00:00:00",554440,15683
"2022-06-29 00:00:00",538757,17015
"2022-06-28 00:00:00",521742,15751
"2022-06-27 00:00:00",505991,20165
"2022-06-26 00:00:00",485826,27730
"2022-06-25 00:00:00",458096,34352
"2022-06-24 00:00:00",423744,87825
"2022-06-23 00:00:00",335919,0
"2022-06-22 00:00:00",335919,54212
"2022-06-21 00:00:00",281707,54893
"2022-06-20 00:00:00",226814,80431
"2022-06-19 00:00:00",146383,144095
"2022-06-18 00:00:00",2288,0