﻿"DateTime","Spotify Streams","Change"
"2023-05-14 00:00:00",39517594,92459
"2023-05-13 00:00:00",39425135,92585
"2023-05-12 00:00:00",39332550,91743
"2023-05-11 00:00:00",39240807,91714
"2023-05-10 00:00:00",39149093,0
"2023-05-09 00:00:00",39149093,159627
"2023-05-08 00:00:00",38989466,78619
"2023-05-07 00:00:00",38910847,0
"2023-05-06 00:00:00",38910847,185279
"2023-05-05 00:00:00",38725568,89698
"2023-05-04 00:00:00",38635870,89049
"2023-05-03 00:00:00",38546821,41639
"2023-05-02 00:00:00",38505183,41639
"2023-05-01 00:00:00",38463544,118806
"2023-04-30 00:00:00",38344739,118806
"2023-04-29 00:00:00",38225933,90869
"2023-04-28 00:00:00",38135064,92219
"2023-04-27 00:00:00",38042845,92830
"2023-04-26 00:00:00",37950015,0
"2023-04-25 00:00:00",37950015,161387
"2023-04-24 00:00:00",37788628,0
"2023-04-23 00:00:00",37788628,169237
"2023-04-22 00:00:00",37619391,92409
"2023-04-21 00:00:00",37526982,0
"2023-04-20 00:00:00",37526982,185368
"2023-04-19 00:00:00",37341614,89174
"2023-04-18 00:00:00",37252440,70338
"2023-04-17 00:00:00",37182102,76214
"2023-04-16 00:00:00",37105888,0
"2023-04-15 00:00:00",37105888,180414
"2023-04-14 00:00:00",36925474,90160
"2023-04-13 00:00:00",36835314,89724
"2023-04-12 00:00:00",36745590,82464
"2023-04-11 00:00:00",36663126,68690
"2023-04-10 00:00:00",36594436,77123
"2023-04-09 00:00:00",36517313,84771
"2023-04-08 00:00:00",36432542,92817
"2023-04-07 00:00:00",36339725,91201
"2023-04-06 00:00:00",36248524,90596
"2023-04-05 00:00:00",36157928,89355
"2023-04-04 00:00:00",36068573,73352
"2023-04-03 00:00:00",35995221,80229
"2023-04-02 00:00:00",35914992,92953
"2023-04-01 00:00:00",35822039,94809
"2023-03-31 00:00:00",35727230,94891
"2023-03-30 00:00:00",35632339,95643
"2023-03-29 00:00:00",35536696,93075
"2023-03-28 00:00:00",35443621,75852
"2023-03-27 00:00:00",35367769,82689
"2023-03-26 00:00:00",35285080,0
"2023-03-25 00:00:00",35285080,196143
"2023-03-24 00:00:00",35088937,97397
"2023-03-23 00:00:00",34991540,98538
"2023-03-22 00:00:00",34893002,95764
"2023-03-21 00:00:00",34797238,77292
"2023-03-20 00:00:00",34719946,84344
"2023-03-19 00:00:00",34635602,97660
"2023-03-18 00:00:00",34537942,98644
"2023-03-17 00:00:00",34439298,97391
"2023-03-16 00:00:00",34341907,95843
"2023-03-15 00:00:00",34246064,92990
"2023-03-14 00:00:00",34153074,78232
"2023-03-13 00:00:00",34074842,85395
"2023-03-12 00:00:00",33989447,99052
"2023-03-11 00:00:00",33890395,0
"2023-03-10 00:00:00",33890395,199486
"2023-03-09 00:00:00",33690909,97355
"2023-03-08 00:00:00",33593554,93536
"2023-03-07 00:00:00",33500018,0
"2023-03-06 00:00:00",33500018,159535
"2023-03-05 00:00:00",33340483,97593
"2023-03-04 00:00:00",33242890,98747
"2023-03-03 00:00:00",33144143,100382
"2023-03-02 00:00:00",33043761,100835
"2023-03-01 00:00:00",32942926,96883
"2023-02-28 00:00:00",32846043,0
"2023-02-27 00:00:00",32846043,163299
"2023-02-26 00:00:00",32682744,101055
"2023-02-25 00:00:00",32581689,101218
"2023-02-24 00:00:00",32480471,100990
"2023-02-23 00:00:00",32379481,102226
"2023-02-22 00:00:00",32277255,93837
"2023-02-21 00:00:00",32183418,82568
"2023-02-20 00:00:00",32100850,91727
"2023-02-19 00:00:00",32009123,105774
"2023-02-18 00:00:00",31903349,107625
"2023-02-17 00:00:00",31795724,107270
"2023-02-16 00:00:00",31688454,0
"2023-02-15 00:00:00",31688454,201997
"2023-02-14 00:00:00",31486457,0
"2023-02-13 00:00:00",31486457,173997
"2023-02-12 00:00:00",31312460,110601
"2023-02-11 00:00:00",31201859,113172
"2023-02-10 00:00:00",31088687,118134
"2023-02-09 00:00:00",30970553,117610
"2023-02-08 00:00:00",30852943,113426
"2023-02-07 00:00:00",30739517,92109
"2023-02-06 00:00:00",30647408,100498
"2023-02-05 00:00:00",30546910,118140
"2023-02-04 00:00:00",30428770,114546
"2023-02-03 00:00:00",30314224,108596
"2023-02-02 00:00:00",30205628,107337
"2023-02-01 00:00:00",30098291,0
"2023-01-31 00:00:00",30098291,190244
"2023-01-30 00:00:00",29908047,96435
"2023-01-29 00:00:00",29811612,114409
"2023-01-28 00:00:00",29697203,111892
"2023-01-27 00:00:00",29585311,112932
"2023-01-26 00:00:00",29472379,114040
"2023-01-25 00:00:00",29358339,109770
"2023-01-24 00:00:00",29248569,88708
"2023-01-23 00:00:00",29159861,99105
"2023-01-22 00:00:00",29060756,117521
"2023-01-21 00:00:00",28943235,118241
"2023-01-20 00:00:00",28824994,119025
"2023-01-19 00:00:00",28705969,119735
"2023-01-18 00:00:00",28586234,104626
"2023-01-17 00:00:00",28481608,92706
"2023-01-16 00:00:00",28388902,99216
"2023-01-15 00:00:00",28289686,122797
"2023-01-14 00:00:00",28166889,121412
"2023-01-13 00:00:00",28045477,0
"2023-01-12 00:00:00",28045477,242131
"2023-01-11 00:00:00",27803346,117526
"2023-01-10 00:00:00",27685820,94624
"2023-01-09 00:00:00",27591196,103470
"2023-01-08 00:00:00",27487726,116019
"2023-01-07 00:00:00",27371707,117160
"2023-01-06 00:00:00",27254547,116202
"2023-01-05 00:00:00",27138345,113116
"2023-01-04 00:00:00",27025229,97204
"2023-01-03 00:00:00",26928025,86702
"2023-01-02 00:00:00",26841323,102556
"2023-01-01 00:00:00",26738767,109858
"2022-12-31 00:00:00",26628909,110073
"2022-12-30 00:00:00",26518836,109921
"2022-12-29 00:00:00",26408915,0
"2022-12-28 00:00:00",26408915,205501
"2022-12-27 00:00:00",26203414,80685
"2022-12-26 00:00:00",26122729,100586
"2022-12-25 00:00:00",26022143,111141
"2022-12-24 00:00:00",25911002,120619
"2022-12-23 00:00:00",25790383,123690
"2022-12-22 00:00:00",25666693,127464
"2022-12-21 00:00:00",25539229,124731
"2022-12-20 00:00:00",25414498,105715
"2022-12-19 00:00:00",25308783,0
"2022-12-18 00:00:00",25308783,255652
"2022-12-17 00:00:00",25053131,139683
"2022-12-16 00:00:00",24913448,139826
"2022-12-15 00:00:00",24773622,137913
"2022-12-14 00:00:00",24635709,126360
"2022-12-13 00:00:00",24509349,0
"2022-12-12 00:00:00",24509349,206682
"2022-12-11 00:00:00",24302667,128783
"2022-12-10 00:00:00",24173884,135368
"2022-12-09 00:00:00",24038516,132832
"2022-12-08 00:00:00",23905684,132657
"2022-12-07 00:00:00",23773027,129501
"2022-12-06 00:00:00",23643526,129501
"2022-12-05 00:00:00",23514025,129501
"2022-12-04 00:00:00",23384524,129501
"2022-12-03 00:00:00",23255023,129501
"2022-12-02 00:00:00",23125522,129501
"2022-12-01 00:00:00",22996021,119231
"2022-11-30 00:00:00",22876790,118231
"2022-11-29 00:00:00",22758559,92766
"2022-11-28 00:00:00",22665793,97632
"2022-11-27 00:00:00",22568161,99459
"2022-11-26 00:00:00",22468702,101462
"2022-11-25 00:00:00",22367240,116556
"2022-11-24 00:00:00",22250684,117959
"2022-11-23 00:00:00",22132725,112832
"2022-11-22 00:00:00",22019893,95761
"2022-11-21 00:00:00",21924132,105263
"2022-11-20 00:00:00",21818869,123052
"2022-11-19 00:00:00",21695817,124125
"2022-11-18 00:00:00",21571692,124681
"2022-11-17 00:00:00",21447011,123539
"2022-11-16 00:00:00",21323472,120026
"2022-11-15 00:00:00",21203446,96620
"2022-11-14 00:00:00",21106826,106880
"2022-11-13 00:00:00",20999946,119682
"2022-11-12 00:00:00",20880264,126811
"2022-11-11 00:00:00",20753453,125971
"2022-11-10 00:00:00",20627482,124247
"2022-11-09 00:00:00",20503235,123123
"2022-11-08 00:00:00",20380112,99178
"2022-11-07 00:00:00",20280934,109271
"2022-11-06 00:00:00",20171663,130318
"2022-11-05 00:00:00",20041345,134084
"2022-11-04 00:00:00",19907261,136800
"2022-11-03 00:00:00",19770461,137057
"2022-11-02 00:00:00",19633404,138783
"2022-11-01 00:00:00",19494621,112959
"2022-10-31 00:00:00",19381662,124390
"2022-10-30 00:00:00",19257272,145642
"2022-10-29 00:00:00",19111630,148645
"2022-10-28 00:00:00",18962985,146437
"2022-10-27 00:00:00",18816548,146195
"2022-10-26 00:00:00",18670353,144420
"2022-10-25 00:00:00",18525933,120924
"2022-10-24 00:00:00",18405009,133904
"2022-10-23 00:00:00",18271105,155204
"2022-10-22 00:00:00",18115901,155793
"2022-10-21 00:00:00",17960108,156293
"2022-10-20 00:00:00",17803815,150633
"2022-10-19 00:00:00",17653182,146045
"2022-10-18 00:00:00",17507137,121538
"2022-10-17 00:00:00",17385599,136195
"2022-10-16 00:00:00",17249404,319630
"2022-10-15 00:00:00",16929774,157647
"2022-10-14 00:00:00",16772127,0
"2022-10-13 00:00:00",16772127,155278
"2022-10-12 00:00:00",16616849,147614
"2022-10-11 00:00:00",16469235,123861
"2022-10-10 00:00:00",16345374,135942
"2022-10-09 00:00:00",16209432,158410
"2022-10-08 00:00:00",16051022,161688
"2022-10-07 00:00:00",15889334,158964
"2022-10-06 00:00:00",15730370,159861
"2022-10-05 00:00:00",15570509,154902
"2022-10-04 00:00:00",15415607,127802
"2022-10-03 00:00:00",15287805,145331
"2022-10-02 00:00:00",15142474,168575
"2022-10-01 00:00:00",14973899,171065
"2022-09-30 00:00:00",14802834,167859
"2022-09-29 00:00:00",14634975,167739
"2022-09-28 00:00:00",14467236,161173
"2022-09-27 00:00:00",14306063,130390
"2022-09-26 00:00:00",14175673,144771
"2022-09-25 00:00:00",14030902,171552
"2022-09-24 00:00:00",13859350,171355
"2022-09-23 00:00:00",13687995,347204
"2022-09-22 00:00:00",13340791,0
"2022-09-21 00:00:00",13340791,166252
"2022-09-20 00:00:00",13174539,136829
"2022-09-19 00:00:00",13037710,153799
"2022-09-18 00:00:00",12883911,180839
"2022-09-17 00:00:00",12703072,178918
"2022-09-16 00:00:00",12524154,176097
"2022-09-15 00:00:00",12348057,176002
"2022-09-14 00:00:00",12172055,168715
"2022-09-13 00:00:00",12003340,134626
"2022-09-12 00:00:00",11868714,149208
"2022-09-11 00:00:00",11719506,178179
"2022-09-10 00:00:00",11541327,176561
"2022-09-09 00:00:00",11364766,177039
"2022-09-08 00:00:00",11187727,321738
"2022-09-07 00:00:00",10865989,0
"2022-09-06 00:00:00",10865989,141130
"2022-09-05 00:00:00",10724859,157377
"2022-09-04 00:00:00",10567482,186095
"2022-09-03 00:00:00",10381387,189887
"2022-09-02 00:00:00",10191500,188949
"2022-09-01 00:00:00",10002551,185839
"2022-08-31 00:00:00",9816712,181032
"2022-08-30 00:00:00",9635680,151973
"2022-08-29 00:00:00",9483707,171377
"2022-08-28 00:00:00",9312330,196799
"2022-08-27 00:00:00",9115531,198208
"2022-08-26 00:00:00",8917323,201854
"2022-08-25 00:00:00",8715469,206108
"2022-08-24 00:00:00",8509361,204374
"2022-08-23 00:00:00",8304987,174685
"2022-08-22 00:00:00",8130302,420083
"2022-08-21 00:00:00",7710219,0
"2022-08-20 00:00:00",7710219,233296
"2022-08-19 00:00:00",7476923,244581
"2022-08-18 00:00:00",7232342,244003
"2022-08-17 00:00:00",6988339,244236
"2022-08-16 00:00:00",6744103,215070
"2022-08-15 00:00:00",6529033,241199
"2022-08-14 00:00:00",6287834,276131
"2022-08-13 00:00:00",6011703,289557
"2022-08-12 00:00:00",5722146,289192
"2022-08-11 00:00:00",5432954,296184
"2022-08-10 00:00:00",5136770,295612
"2022-08-09 00:00:00",4841158,277750
"2022-08-08 00:00:00",4563408,326073
"2022-08-07 00:00:00",4237335,353932
"2022-08-06 00:00:00",3883403,662647
"2022-08-05 00:00:00",3220756,597832
"2022-08-04 00:00:00",2622924,549273
"2022-08-03 00:00:00",2073651,464837
"2022-08-02 00:00:00",1608814,416746
"2022-08-01 00:00:00",1192068,533857
"2022-07-31 00:00:00",658211,648436
"2022-07-30 00:00:00",9775,0