﻿"DateTime","Spotify Streams","Change"
"2023-05-15 00:00:00",809580,935
"2023-05-14 00:00:00",808645,1007
"2023-05-13 00:00:00",807638,1007
"2023-05-12 00:00:00",806631,1040
"2023-05-11 00:00:00",805592,1040
"2023-05-10 00:00:00",804552,934
"2023-05-09 00:00:00",803618,911
"2023-05-08 00:00:00",802707,0
"2023-05-07 00:00:00",802707,1697
"2023-05-06 00:00:00",801011,1697
"2023-05-05 00:00:00",799314,1096
"2023-05-04 00:00:00",798218,0
"2023-05-03 00:00:00",798218,1997
"2023-05-02 00:00:00",796221,0
"2023-05-01 00:00:00",796221,899
"2023-04-30 00:00:00",795322,1968
"2023-04-29 00:00:00",793354,944
"2023-04-28 00:00:00",792410,0
"2023-04-27 00:00:00",792410,2085
"2023-04-26 00:00:00",790325,930
"2023-04-25 00:00:00",789395,829
"2023-04-24 00:00:00",788566,0
"2023-04-23 00:00:00",788566,1599
"2023-04-22 00:00:00",786967,1599
"2023-04-21 00:00:00",785368,1099
"2023-04-20 00:00:00",784270,1099
"2023-04-19 00:00:00",783171,1024
"2023-04-18 00:00:00",782147,917
"2023-04-17 00:00:00",781230,1036
"2023-04-16 00:00:00",780194,1152
"2023-04-15 00:00:00",779042,1139
"2023-04-14 00:00:00",777903,1101
"2023-04-13 00:00:00",776802,1184
"2023-04-12 00:00:00",775618,1107
"2023-04-11 00:00:00",774511,961
"2023-04-10 00:00:00",773550,1060
"2023-04-09 00:00:00",772490,1199
"2023-04-08 00:00:00",771291,1314
"2023-04-07 00:00:00",769977,1199
"2023-04-06 00:00:00",768778,1227
"2023-04-05 00:00:00",767551,0
"2023-04-04 00:00:00",767551,2201
"2023-04-03 00:00:00",765350,1126
"2023-04-02 00:00:00",764224,1217
"2023-04-01 00:00:00",763007,0
"2023-03-31 00:00:00",763007,2620
"2023-03-30 00:00:00",760387,1305
"2023-03-29 00:00:00",759082,1134
"2023-03-28 00:00:00",757948,1126
"2023-03-27 00:00:00",756822,1382
"2023-03-26 00:00:00",755440,1306
"2023-03-25 00:00:00",754134,1404
"2023-03-24 00:00:00",752730,1543
"2023-03-23 00:00:00",751187,1437
"2023-03-22 00:00:00",749750,1411
"2023-03-21 00:00:00",748339,0
"2023-03-20 00:00:00",748339,2423
"2023-03-19 00:00:00",745916,1555
"2023-03-18 00:00:00",744361,1754
"2023-03-17 00:00:00",742607,1632
"2023-03-16 00:00:00",740975,1597
"2023-03-15 00:00:00",739378,1391
"2023-03-14 00:00:00",737987,0
"2023-03-13 00:00:00",737987,2668
"2023-03-12 00:00:00",735319,0
"2023-03-11 00:00:00",735319,3214
"2023-03-10 00:00:00",732105,1751
"2023-03-09 00:00:00",730354,1634
"2023-03-08 00:00:00",728720,1560
"2023-03-07 00:00:00",727160,1261
"2023-03-06 00:00:00",725899,1385
"2023-03-05 00:00:00",724514,1600
"2023-03-04 00:00:00",722914,1536
"2023-03-03 00:00:00",721378,0
"2023-03-02 00:00:00",721378,3067
"2023-03-01 00:00:00",718311,1464
"2023-02-28 00:00:00",716847,1203
"2023-02-27 00:00:00",715644,0
"2023-02-26 00:00:00",715644,2685
"2023-02-25 00:00:00",712959,1410
"2023-02-24 00:00:00",711549,1316
"2023-02-23 00:00:00",710233,1426
"2023-02-22 00:00:00",708807,1330
"2023-02-21 00:00:00",707477,0
"2023-02-20 00:00:00",707477,2608
"2023-02-19 00:00:00",704869,1529
"2023-02-18 00:00:00",703340,0
"2023-02-17 00:00:00",703340,3090
"2023-02-16 00:00:00",700250,1514
"2023-02-15 00:00:00",698736,1377
"2023-02-14 00:00:00",697359,1314
"2023-02-13 00:00:00",696045,1482
"2023-02-12 00:00:00",694563,1601
"2023-02-11 00:00:00",692962,0
"2023-02-10 00:00:00",692962,3034
"2023-02-09 00:00:00",689928,1588
"2023-02-08 00:00:00",688340,0
"2023-02-07 00:00:00",688340,2740
"2023-02-06 00:00:00",685600,1560
"2023-02-05 00:00:00",684040,1603
"2023-02-04 00:00:00",682437,1744
"2023-02-03 00:00:00",680693,1657
"2023-02-02 00:00:00",679036,1729
"2023-02-01 00:00:00",677307,1694
"2023-01-31 00:00:00",675613,1484
"2023-01-30 00:00:00",674129,1811
"2023-01-29 00:00:00",672318,979
"2023-01-28 00:00:00",671340,979
"2023-01-27 00:00:00",670361,3206
"2023-01-26 00:00:00",667155,0
"2023-01-25 00:00:00",667155,2899
"2023-01-24 00:00:00",664256,1313
"2023-01-23 00:00:00",662943,1509
"2023-01-22 00:00:00",661434,1644
"2023-01-21 00:00:00",659790,1733
"2023-01-20 00:00:00",658057,1746
"2023-01-19 00:00:00",656311,1685
"2023-01-18 00:00:00",654626,1614
"2023-01-17 00:00:00",653012,1521
"2023-01-16 00:00:00",651491,1702
"2023-01-15 00:00:00",649789,1875
"2023-01-14 00:00:00",647914,1914
"2023-01-13 00:00:00",646000,1966
"2023-01-12 00:00:00",644034,1952
"2023-01-11 00:00:00",642082,1773
"2023-01-10 00:00:00",640309,1493
"2023-01-09 00:00:00",638816,1689
"2023-01-08 00:00:00",637127,1873
"2023-01-07 00:00:00",635254,1932
"2023-01-06 00:00:00",633322,1879
"2023-01-05 00:00:00",631443,1714
"2023-01-04 00:00:00",629729,1562
"2023-01-03 00:00:00",628167,1559
"2023-01-02 00:00:00",626608,1942
"2023-01-01 00:00:00",624666,1924
"2022-12-31 00:00:00",622742,0
"2022-12-30 00:00:00",622742,3732
"2022-12-29 00:00:00",619010,1743
"2022-12-28 00:00:00",617267,1568
"2022-12-27 00:00:00",615699,1348
"2022-12-26 00:00:00",614351,1672
"2022-12-25 00:00:00",612679,1891
"2022-12-24 00:00:00",610788,2014
"2022-12-23 00:00:00",608774,1970
"2022-12-22 00:00:00",606804,1863
"2022-12-21 00:00:00",604941,1846
"2022-12-20 00:00:00",603095,1569
"2022-12-19 00:00:00",601526,1904
"2022-12-18 00:00:00",599622,1963
"2022-12-17 00:00:00",597659,1990
"2022-12-16 00:00:00",595669,1986
"2022-12-15 00:00:00",593683,2059
"2022-12-14 00:00:00",591624,1941
"2022-12-13 00:00:00",589683,1753
"2022-12-12 00:00:00",587930,2069
"2022-12-11 00:00:00",585861,2150
"2022-12-10 00:00:00",583711,2325
"2022-12-09 00:00:00",581386,2144
"2022-12-08 00:00:00",579242,2128
"2022-12-07 00:00:00",577114,1959
"2022-12-06 00:00:00",575155,2159
"2022-12-05 00:00:00",572996,2159
"2022-12-04 00:00:00",570838,2159
"2022-12-03 00:00:00",568679,2159
"2022-12-02 00:00:00",566521,2159
"2022-12-01 00:00:00",564362,2301
"2022-11-30 00:00:00",562061,2127
"2022-11-29 00:00:00",559934,1849
"2022-11-28 00:00:00",558085,2083
"2022-11-27 00:00:00",556002,2160
"2022-11-26 00:00:00",553842,2210
"2022-11-25 00:00:00",551632,2573
"2022-11-24 00:00:00",549059,2409
"2022-11-23 00:00:00",546650,2473
"2022-11-22 00:00:00",544177,2076
"2022-11-21 00:00:00",542101,2394
"2022-11-20 00:00:00",539707,2506
"2022-11-19 00:00:00",537201,2701
"2022-11-18 00:00:00",534500,2582
"2022-11-17 00:00:00",531918,2794
"2022-11-16 00:00:00",529124,2475
"2022-11-15 00:00:00",526649,2360
"2022-11-14 00:00:00",524289,2741
"2022-11-13 00:00:00",521548,2907
"2022-11-12 00:00:00",518641,3036
"2022-11-11 00:00:00",515605,2862
"2022-11-10 00:00:00",512743,2897
"2022-11-09 00:00:00",509846,2796
"2022-11-08 00:00:00",507050,2394
"2022-11-07 00:00:00",504656,2857
"2022-11-06 00:00:00",501799,3112
"2022-11-05 00:00:00",498687,3538
"2022-11-04 00:00:00",495149,3438
"2022-11-03 00:00:00",491711,3348
"2022-11-02 00:00:00",488363,3462
"2022-11-01 00:00:00",484901,3096
"2022-10-31 00:00:00",481805,3798
"2022-10-30 00:00:00",478007,4087
"2022-10-29 00:00:00",473920,4183
"2022-10-28 00:00:00",469737,4235
"2022-10-27 00:00:00",465502,4301
"2022-10-26 00:00:00",461201,4240
"2022-10-25 00:00:00",456961,3784
"2022-10-24 00:00:00",453177,4441
"2022-10-23 00:00:00",448736,4713
"2022-10-22 00:00:00",444023,4587
"2022-10-21 00:00:00",439436,4790
"2022-10-20 00:00:00",434646,4626
"2022-10-19 00:00:00",430020,4328
"2022-10-18 00:00:00",425692,4116
"2022-10-17 00:00:00",421576,4843
"2022-10-16 00:00:00",416733,5587
"2022-10-15 00:00:00",411146,13192
"2022-10-14 00:00:00",397954,0
"2022-10-13 00:00:00",397954,6894
"2022-10-12 00:00:00",391060,6455
"2022-10-11 00:00:00",384605,5689
"2022-10-10 00:00:00",378916,6915
"2022-10-09 00:00:00",372001,7547
"2022-10-08 00:00:00",364454,8525
"2022-10-07 00:00:00",355929,8523
"2022-10-06 00:00:00",347406,7995
"2022-10-05 00:00:00",339411,7979
"2022-10-04 00:00:00",331432,7177
"2022-10-03 00:00:00",324255,8412
"2022-10-02 00:00:00",315843,9400
"2022-10-01 00:00:00",306443,10019
"2022-09-30 00:00:00",296424,10433
"2022-09-29 00:00:00",285991,11968
"2022-09-28 00:00:00",274023,11968
"2022-09-27 00:00:00",262055,11694
"2022-09-26 00:00:00",250361,15022
"2022-09-25 00:00:00",235339,19089
"2022-09-24 00:00:00",216250,21381
"2022-09-23 00:00:00",194869,51302
"2022-09-22 00:00:00",143567,0
"2022-09-21 00:00:00",143567,27743
"2022-09-20 00:00:00",115824,26396
"2022-09-19 00:00:00",89428,37855
"2022-09-18 00:00:00",51573,0