﻿"DateTime","Spotify Streams","Change"
"2023-05-01 00:00:00",14873861,15884
"2023-04-30 00:00:00",14857977,0
"2023-04-29 00:00:00",14857977,18023
"2023-04-28 00:00:00",14839954,31544
"2023-04-27 00:00:00",14808410,12503
"2023-04-26 00:00:00",14795907,11535
"2023-04-25 00:00:00",14784373,11535
"2023-04-24 00:00:00",14772838,11255
"2023-04-23 00:00:00",14761583,0
"2023-04-22 00:00:00",14761583,26393
"2023-04-21 00:00:00",14735190,13268
"2023-04-20 00:00:00",14721922,13450
"2023-04-19 00:00:00",14708472,13013
"2023-04-18 00:00:00",14695459,11267
"2023-04-17 00:00:00",14684192,12606
"2023-04-16 00:00:00",14671586,14470
"2023-04-15 00:00:00",14657116,14493
"2023-04-14 00:00:00",14642623,14338
"2023-04-13 00:00:00",14628285,13848
"2023-04-12 00:00:00",14614437,0
"2023-04-11 00:00:00",14614437,22865
"2023-04-10 00:00:00",14591572,12405
"2023-04-09 00:00:00",14579167,12854
"2023-04-08 00:00:00",14566313,14051
"2023-04-07 00:00:00",14552262,13512
"2023-04-06 00:00:00",14538750,13867
"2023-04-05 00:00:00",14524883,13716
"2023-04-04 00:00:00",14511167,0
"2023-04-03 00:00:00",14511167,24316
"2023-04-02 00:00:00",14486851,13762
"2023-04-01 00:00:00",14473089,14000
"2023-03-31 00:00:00",14459089,13023
"2023-03-30 00:00:00",14446066,13940
"2023-03-29 00:00:00",14432126,13264
"2023-03-28 00:00:00",14418862,11497
"2023-03-27 00:00:00",14407365,12218
"2023-03-26 00:00:00",14395147,13901
"2023-03-25 00:00:00",14381246,13721
"2023-03-24 00:00:00",14367525,12938
"2023-03-23 00:00:00",14354587,0
"2023-03-22 00:00:00",14354587,26770
"2023-03-21 00:00:00",14327817,10934
"2023-03-20 00:00:00",14316883,11495
"2023-03-19 00:00:00",14305388,12796
"2023-03-18 00:00:00",14292592,13548
"2023-03-17 00:00:00",14279044,14267
"2023-03-16 00:00:00",14264777,14333
"2023-03-15 00:00:00",14250444,13707
"2023-03-14 00:00:00",14236737,11609
"2023-03-13 00:00:00",14225128,12961
"2023-03-12 00:00:00",14212167,0
"2023-03-11 00:00:00",14212167,27986
"2023-03-10 00:00:00",14184181,14478
"2023-03-09 00:00:00",14169703,15316
"2023-03-08 00:00:00",14154387,14088
"2023-03-07 00:00:00",14140299,11507
"2023-03-06 00:00:00",14128792,12718
"2023-03-05 00:00:00",14116074,0
"2023-03-04 00:00:00",14116074,28102
"2023-03-03 00:00:00",14087972,0
"2023-03-02 00:00:00",14087972,27206
"2023-03-01 00:00:00",14060766,12867
"2023-02-28 00:00:00",14047899,0
"2023-02-27 00:00:00",14047899,23321
"2023-02-26 00:00:00",14024578,13263
"2023-02-25 00:00:00",14011315,14669
"2023-02-24 00:00:00",13996646,14755
"2023-02-23 00:00:00",13981891,14000
"2023-02-22 00:00:00",13967891,13743
"2023-02-21 00:00:00",13954148,12739
"2023-02-20 00:00:00",13941409,13590
"2023-02-19 00:00:00",13927819,15399
"2023-02-18 00:00:00",13912420,15060
"2023-02-17 00:00:00",13897360,15354
"2023-02-16 00:00:00",13882006,15667
"2023-02-15 00:00:00",13866339,14879
"2023-02-14 00:00:00",13851460,13244
"2023-02-13 00:00:00",13838216,14418
"2023-02-12 00:00:00",13823798,15921
"2023-02-11 00:00:00",13807877,15987
"2023-02-10 00:00:00",13791890,15332
"2023-02-09 00:00:00",13776558,15997
"2023-02-08 00:00:00",13760561,15863
"2023-02-07 00:00:00",13744698,0
"2023-02-06 00:00:00",13744698,26735
"2023-02-05 00:00:00",13717963,0
"2023-02-04 00:00:00",13717963,14684
"2023-02-03 00:00:00",13703279,14800
"2023-02-02 00:00:00",13688479,28256
"2023-02-01 00:00:00",13660223,13838
"2023-01-31 00:00:00",13646385,11653
"2023-01-30 00:00:00",13634732,12859
"2023-01-29 00:00:00",13621873,14658
"2023-01-28 00:00:00",13607215,14846
"2023-01-27 00:00:00",13592369,15353
"2023-01-26 00:00:00",13577016,15388
"2023-01-25 00:00:00",13561628,14850
"2023-01-24 00:00:00",13546778,13005
"2023-01-23 00:00:00",13533773,14650
"2023-01-22 00:00:00",13519123,16061
"2023-01-21 00:00:00",13503062,22285
"2023-01-20 00:00:00",13480777,22104
"2023-01-19 00:00:00",13458673,18062
"2023-01-18 00:00:00",13440611,19716
"2023-01-17 00:00:00",13420895,0
"2023-01-16 00:00:00",13420895,36558
"2023-01-15 00:00:00",13384337,20832
"2023-01-14 00:00:00",13363505,20712
"2023-01-13 00:00:00",13342793,20772
"2023-01-12 00:00:00",13322021,17921
"2023-01-11 00:00:00",13304100,14319
"2023-01-10 00:00:00",13289781,12479
"2023-01-09 00:00:00",13277302,13635
"2023-01-08 00:00:00",13263667,14754
"2023-01-07 00:00:00",13248913,14766
"2023-01-06 00:00:00",13234147,14849
"2023-01-05 00:00:00",13219298,14293
"2023-01-04 00:00:00",13205005,13124
"2023-01-03 00:00:00",13191881,11452
"2023-01-02 00:00:00",13180429,14297
"2023-01-01 00:00:00",13166132,14378
"2022-12-31 00:00:00",13151754,14741
"2022-12-30 00:00:00",13137013,14461
"2022-12-29 00:00:00",13122552,13962
"2022-12-28 00:00:00",13108590,12140
"2022-12-27 00:00:00",13096450,9304
"2022-12-26 00:00:00",13087146,12281
"2022-12-25 00:00:00",13074865,13883
"2022-12-24 00:00:00",13060982,14815
"2022-12-23 00:00:00",13046167,15529
"2022-12-22 00:00:00",13030638,15931
"2022-12-21 00:00:00",13014707,15546
"2022-12-20 00:00:00",12999161,13816
"2022-12-19 00:00:00",12985345,0
"2022-12-18 00:00:00",12985345,32317
"2022-12-17 00:00:00",12953028,17199
"2022-12-16 00:00:00",12935829,16969
"2022-12-15 00:00:00",12918860,16694
"2022-12-14 00:00:00",12902166,14812
"2022-12-13 00:00:00",12887354,13240
"2022-12-12 00:00:00",12874114,14357
"2022-12-11 00:00:00",12859757,15854
"2022-12-10 00:00:00",12843903,17360
"2022-12-09 00:00:00",12826543,17482
"2022-12-08 00:00:00",12809061,17346
"2022-12-07 00:00:00",12791715,17308
"2022-12-06 00:00:00",12774407,19399
"2022-12-05 00:00:00",12755008,19399
"2022-12-04 00:00:00",12735609,19399
"2022-12-03 00:00:00",12716211,19399
"2022-12-02 00:00:00",12696812,19399
"2022-12-01 00:00:00",12677413,16471
"2022-11-30 00:00:00",12660942,16004
"2022-11-29 00:00:00",12644938,14274
"2022-11-28 00:00:00",12630664,14375
"2022-11-27 00:00:00",12616289,14266
"2022-11-26 00:00:00",12602023,14886
"2022-11-25 00:00:00",12587137,16936
"2022-11-24 00:00:00",12570201,17098
"2022-11-23 00:00:00",12553103,16540
"2022-11-22 00:00:00",12536563,14648
"2022-11-21 00:00:00",12521915,16749
"2022-11-20 00:00:00",12505166,18582
"2022-11-19 00:00:00",12486584,19240
"2022-11-18 00:00:00",12467344,20008
"2022-11-17 00:00:00",12447336,19438
"2022-11-16 00:00:00",12427898,18327
"2022-11-15 00:00:00",12409571,15352
"2022-11-14 00:00:00",12394219,17422
"2022-11-13 00:00:00",12376797,19643
"2022-11-12 00:00:00",12357154,20243
"2022-11-11 00:00:00",12336911,20260
"2022-11-10 00:00:00",12316651,19544
"2022-11-09 00:00:00",12297107,20287
"2022-11-08 00:00:00",12276820,16327
"2022-11-07 00:00:00",12260493,17532
"2022-11-06 00:00:00",12242961,20667
"2022-11-05 00:00:00",12222294,24055
"2022-11-04 00:00:00",12198239,22300
"2022-11-03 00:00:00",12175939,20546
"2022-11-02 00:00:00",12155393,21454
"2022-11-01 00:00:00",12133939,17002
"2022-10-31 00:00:00",12116937,17251
"2022-10-30 00:00:00",12099686,19161
"2022-10-29 00:00:00",12080525,20445
"2022-10-28 00:00:00",12060080,20429
"2022-10-27 00:00:00",12039651,19980
"2022-10-26 00:00:00",12019671,19261
"2022-10-25 00:00:00",12000410,16205
"2022-10-24 00:00:00",11984205,17897
"2022-10-23 00:00:00",11966308,20367
"2022-10-22 00:00:00",11945941,21897
"2022-10-21 00:00:00",11924044,21739
"2022-10-20 00:00:00",11902305,22260
"2022-10-19 00:00:00",11880045,20797
"2022-10-18 00:00:00",11859248,17598
"2022-10-17 00:00:00",11841650,18968
"2022-10-16 00:00:00",11822682,21738
"2022-10-15 00:00:00",11800944,21883
"2022-10-14 00:00:00",11779061,21918
"2022-10-13 00:00:00",11757143,22318
"2022-10-12 00:00:00",11734825,21210
"2022-10-11 00:00:00",11713615,18141
"2022-10-10 00:00:00",11695474,20313
"2022-10-09 00:00:00",11675161,24069
"2022-10-08 00:00:00",11651092,23853
"2022-10-07 00:00:00",11627239,24938
"2022-10-06 00:00:00",11602301,23954
"2022-10-05 00:00:00",11578347,22999
"2022-10-04 00:00:00",11555348,19124
"2022-10-03 00:00:00",11536224,20576
"2022-10-02 00:00:00",11515648,23454
"2022-10-01 00:00:00",11492194,23304
"2022-09-30 00:00:00",11468890,23035
"2022-09-29 00:00:00",11445855,23108
"2022-09-28 00:00:00",11422747,22250
"2022-09-27 00:00:00",11400497,19150
"2022-09-26 00:00:00",11381347,20767
"2022-09-25 00:00:00",11360580,23818
"2022-09-24 00:00:00",11336762,24857
"2022-09-23 00:00:00",11311905,24443
"2022-09-22 00:00:00",11287462,24362
"2022-09-21 00:00:00",11263100,22994
"2022-09-20 00:00:00",11240106,19751
"2022-09-19 00:00:00",11220355,22332
"2022-09-18 00:00:00",11198023,24773
"2022-09-17 00:00:00",11173250,24385
"2022-09-16 00:00:00",11148865,25710
"2022-09-15 00:00:00",11123155,25451
"2022-09-14 00:00:00",11097704,24912
"2022-09-13 00:00:00",11072792,20540
"2022-09-12 00:00:00",11052252,22114
"2022-09-11 00:00:00",11030138,24786
"2022-09-10 00:00:00",11005352,26457
"2022-09-09 00:00:00",10978895,26507
"2022-09-08 00:00:00",10952388,50066
"2022-09-07 00:00:00",10902322,0
"2022-09-06 00:00:00",10902322,20656
"2022-09-05 00:00:00",10881666,22458
"2022-09-04 00:00:00",10859208,25324
"2022-09-03 00:00:00",10833884,25357
"2022-09-02 00:00:00",10808527,25932
"2022-09-01 00:00:00",10782595,25648
"2022-08-31 00:00:00",10756947,25257
"2022-08-30 00:00:00",10731690,20630
"2022-08-29 00:00:00",10711060,22784
"2022-08-28 00:00:00",10688276,26042
"2022-08-27 00:00:00",10662234,26833
"2022-08-26 00:00:00",10635401,26842
"2022-08-25 00:00:00",10608559,26599
"2022-08-24 00:00:00",10581960,25561
"2022-08-23 00:00:00",10556399,0
"2022-08-22 00:00:00",10556399,36713
"2022-08-21 00:00:00",10519686,36713
"2022-08-20 00:00:00",10482973,27008
"2022-08-19 00:00:00",10455966,27008
"2022-08-18 00:00:00",10428958,27287
"2022-08-17 00:00:00",10401671,26161
"2022-08-16 00:00:00",10375510,24405
"2022-08-15 00:00:00",10351105,25998
"2022-08-14 00:00:00",10325107,30764
"2022-08-13 00:00:00",10294343,31080
"2022-08-12 00:00:00",10263263,31707
"2022-08-11 00:00:00",10231556,28003
"2022-08-10 00:00:00",10203553,27403
"2022-08-09 00:00:00",10176150,24643
"2022-08-08 00:00:00",10151507,28029
"2022-08-07 00:00:00",10123478,29954
"2022-08-06 00:00:00",10093524,30474
"2022-08-05 00:00:00",10063050,30649
"2022-08-04 00:00:00",10032401,30675
"2022-08-03 00:00:00",10001726,29791
"2022-08-02 00:00:00",9971935,27512
"2022-08-01 00:00:00",9944423,30392
"2022-07-31 00:00:00",9914031,33219
"2022-07-30 00:00:00",9880812,33816
"2022-07-29 00:00:00",9846996,33235
"2022-07-28 00:00:00",9813761,33846
"2022-07-27 00:00:00",9779915,32515
"2022-07-26 00:00:00",9747400,28998
"2022-07-25 00:00:00",9718402,31283
"2022-07-24 00:00:00",9687119,34376
"2022-07-23 00:00:00",9652743,35473
"2022-07-22 00:00:00",9617270,35638
"2022-07-21 00:00:00",9581632,34869
"2022-07-20 00:00:00",9546763,35095
"2022-07-19 00:00:00",9511668,31520
"2022-07-18 00:00:00",9480148,34553
"2022-07-17 00:00:00",9445595,37401
"2022-07-16 00:00:00",9408194,38511
"2022-07-15 00:00:00",9369683,37864
"2022-07-14 00:00:00",9331819,75545
"2022-07-13 00:00:00",9256274,0
"2022-07-12 00:00:00",9256274,33293
"2022-07-11 00:00:00",9222981,36886
"2022-07-10 00:00:00",9186095,40191
"2022-07-09 00:00:00",9145904,41056
"2022-07-08 00:00:00",9104848,41092
"2022-07-07 00:00:00",9063756,39885
"2022-07-06 00:00:00",9023871,38940
"2022-07-05 00:00:00",8984931,36532
"2022-07-04 00:00:00",8948399,40983
"2022-07-03 00:00:00",8907416,44970
"2022-07-02 00:00:00",8862446,47853
"2022-07-01 00:00:00",8814593,47646
"2022-06-30 00:00:00",8766947,49015
"2022-06-29 00:00:00",8717932,47118
"2022-06-28 00:00:00",8670814,41819
"2022-06-27 00:00:00",8628995,45721
"2022-06-26 00:00:00",8583274,50740
"2022-06-25 00:00:00",8532534,53790
"2022-06-24 00:00:00",8478744,55560
"2022-06-23 00:00:00",8423184,55422
"2022-06-22 00:00:00",8367762,54978
"2022-06-21 00:00:00",8312784,48988
"2022-06-20 00:00:00",8263796,55084
"2022-06-19 00:00:00",8208712,59695
"2022-06-18 00:00:00",8149017,65895
"2022-06-17 00:00:00",8083122,67298
"2022-06-16 00:00:00",8015824,68760
"2022-06-15 00:00:00",7947064,67702
"2022-06-14 00:00:00",7879362,60316
"2022-06-13 00:00:00",7819046,68614
"2022-06-12 00:00:00",7750432,77495
"2022-06-11 00:00:00",7672937,77597
"2022-06-10 00:00:00",7595340,78097
"2022-06-09 00:00:00",7517243,80284
"2022-06-08 00:00:00",7436959,78937
"2022-06-07 00:00:00",7358022,71343
"2022-06-06 00:00:00",7286679,79161
"2022-06-05 00:00:00",7207518,87825
"2022-06-04 00:00:00",7119693,93443
"2022-06-03 00:00:00",7026250,92748
"2022-06-02 00:00:00",6933502,93975
"2022-06-01 00:00:00",6839527,90356
"2022-05-31 00:00:00",6749171,85498
"2022-05-30 00:00:00",6663673,93849
"2022-05-29 00:00:00",6569824,0
"2022-05-28 00:00:00",6569824,217592
"2022-05-27 00:00:00",6352232,115002
"2022-05-26 00:00:00",6237230,122165
"2022-05-25 00:00:00",6115065,122370
"2022-05-24 00:00:00",5992695,109900
"2022-05-23 00:00:00",5882795,126923
"2022-05-22 00:00:00",5755872,148705
"2022-05-21 00:00:00",5607167,159546
"2022-05-20 00:00:00",5447621,179786
"2022-05-19 00:00:00",5267835,198746
"2022-05-18 00:00:00",5069089,211820
"2022-05-17 00:00:00",4857269,196157
"2022-05-16 00:00:00",4661112,235656
"2022-05-15 00:00:00",4425456,295591
"2022-05-14 00:00:00",4129865,348111
"2022-05-13 00:00:00",3781754,392582
"2022-05-12 00:00:00",3389172,460948
"2022-05-11 00:00:00",2928224,523099
"2022-05-10 00:00:00",2405125,505375
"2022-05-09 00:00:00",1899750,749035
"2022-05-08 00:00:00",1150715,0