﻿"DateTime","Spotify Streams","Change"
"2023-05-17 00:00:00",5141576,10051
"2023-05-16 00:00:00",5131526,10051
"2023-05-15 00:00:00",5121475,10014
"2023-05-14 00:00:00",5111461,0
"2023-05-13 00:00:00",5111461,22954
"2023-05-12 00:00:00",5088507,11566
"2023-05-11 00:00:00",5076941,11349
"2023-05-10 00:00:00",5065592,11171
"2023-05-09 00:00:00",5054421,9286
"2023-05-08 00:00:00",5045135,9999
"2023-05-07 00:00:00",5035136,11659
"2023-05-06 00:00:00",5023477,11659
"2023-05-05 00:00:00",5011818,11884
"2023-05-04 00:00:00",4999934,11843
"2023-05-03 00:00:00",4988091,0
"2023-05-02 00:00:00",4988091,11916
"2023-05-01 00:00:00",4976175,20429
"2023-04-30 00:00:00",4955746,12498
"2023-04-29 00:00:00",4943248,12213
"2023-04-28 00:00:00",4931035,12213
"2023-04-27 00:00:00",4918822,6154
"2023-04-26 00:00:00",4912668,6154
"2023-04-25 00:00:00",4906514,12324
"2023-04-24 00:00:00",4894190,20490
"2023-04-23 00:00:00",4873700,12102
"2023-04-22 00:00:00",4861598,12307
"2023-04-21 00:00:00",4849291,12307
"2023-04-20 00:00:00",4836984,12141
"2023-04-19 00:00:00",4824843,11225
"2023-04-18 00:00:00",4813618,11225
"2023-04-17 00:00:00",4802393,10685
"2023-04-16 00:00:00",4791708,12234
"2023-04-15 00:00:00",4779474,12485
"2023-04-14 00:00:00",4766989,12486
"2023-04-13 00:00:00",4754503,13055
"2023-04-12 00:00:00",4741448,12501
"2023-04-11 00:00:00",4728947,10400
"2023-04-10 00:00:00",4718547,11569
"2023-04-09 00:00:00",4706978,0
"2023-04-08 00:00:00",4706978,25852
"2023-04-07 00:00:00",4681126,13801
"2023-04-06 00:00:00",4667325,13812
"2023-04-05 00:00:00",4653513,0
"2023-04-04 00:00:00",4653513,25561
"2023-04-03 00:00:00",4627952,12849
"2023-04-02 00:00:00",4615103,14709
"2023-04-01 00:00:00",4600394,15569
"2023-03-31 00:00:00",4584825,15475
"2023-03-30 00:00:00",4569350,15476
"2023-03-29 00:00:00",4553874,16134
"2023-03-28 00:00:00",4537740,13554
"2023-03-27 00:00:00",4524186,13953
"2023-03-26 00:00:00",4510233,16639
"2023-03-25 00:00:00",4493594,17044
"2023-03-24 00:00:00",4476550,17727
"2023-03-23 00:00:00",4458823,17810
"2023-03-22 00:00:00",4441013,16665
"2023-03-21 00:00:00",4424348,13649
"2023-03-20 00:00:00",4410699,13984
"2023-03-19 00:00:00",4396715,16073
"2023-03-18 00:00:00",4380642,16033
"2023-03-17 00:00:00",4364609,16355
"2023-03-16 00:00:00",4348254,16095
"2023-03-15 00:00:00",4332159,16120
"2023-03-14 00:00:00",4316039,14212
"2023-03-13 00:00:00",4301827,15063
"2023-03-12 00:00:00",4286764,0
"2023-03-11 00:00:00",4286764,35070
"2023-03-10 00:00:00",4251694,17841
"2023-03-09 00:00:00",4233853,17995
"2023-03-08 00:00:00",4215858,17527
"2023-03-07 00:00:00",4198331,14870
"2023-03-06 00:00:00",4183461,0
"2023-03-05 00:00:00",4183461,34431
"2023-03-04 00:00:00",4149030,19314
"2023-03-03 00:00:00",4129716,19588
"2023-03-02 00:00:00",4110128,18748
"2023-03-01 00:00:00",4091380,19220
"2023-02-28 00:00:00",4072160,15343
"2023-02-27 00:00:00",4056817,16427
"2023-02-26 00:00:00",4040390,20473
"2023-02-25 00:00:00",4019917,19549
"2023-02-24 00:00:00",4000368,20478
"2023-02-23 00:00:00",3979890,20780
"2023-02-22 00:00:00",3959110,18618
"2023-02-21 00:00:00",3940492,16640
"2023-02-20 00:00:00",3923852,18087
"2023-02-19 00:00:00",3905765,0
"2023-02-18 00:00:00",3905765,43239
"2023-02-17 00:00:00",3862526,21224
"2023-02-16 00:00:00",3841302,22053
"2023-02-15 00:00:00",3819249,20856
"2023-02-14 00:00:00",3798393,17954
"2023-02-13 00:00:00",3780439,19451
"2023-02-12 00:00:00",3760988,23831
"2023-02-11 00:00:00",3737157,24334
"2023-02-10 00:00:00",3712823,25221
"2023-02-09 00:00:00",3687602,24169
"2023-02-08 00:00:00",3663433,24508
"2023-02-07 00:00:00",3638925,19668
"2023-02-06 00:00:00",3619257,21492
"2023-02-05 00:00:00",3597765,25560
"2023-02-04 00:00:00",3572205,25821
"2023-02-03 00:00:00",3546384,26190
"2023-02-02 00:00:00",3520194,26123
"2023-02-01 00:00:00",3494071,25895
"2023-01-31 00:00:00",3468176,21610
"2023-01-30 00:00:00",3446566,23423
"2023-01-29 00:00:00",3423143,27275
"2023-01-28 00:00:00",3395868,27724
"2023-01-27 00:00:00",3368144,28514
"2023-01-26 00:00:00",3339630,30111
"2023-01-25 00:00:00",3309519,29447
"2023-01-24 00:00:00",3280072,24606
"2023-01-23 00:00:00",3255466,27121
"2023-01-22 00:00:00",3228345,32336
"2023-01-21 00:00:00",3196009,32418
"2023-01-20 00:00:00",3163591,34093
"2023-01-19 00:00:00",3129498,34495
"2023-01-18 00:00:00",3095003,31710
"2023-01-17 00:00:00",3063293,28794
"2023-01-16 00:00:00",3034499,29780
"2023-01-15 00:00:00",3004719,37400
"2023-01-14 00:00:00",2967319,38114
"2023-01-13 00:00:00",2929205,37332
"2023-01-12 00:00:00",2891873,38157
"2023-01-11 00:00:00",2853716,38775
"2023-01-10 00:00:00",2814941,32951
"2023-01-09 00:00:00",2781990,35012
"2023-01-08 00:00:00",2746978,40301
"2023-01-07 00:00:00",2706677,41898
"2023-01-06 00:00:00",2664779,44172
"2023-01-05 00:00:00",2620607,44539
"2023-01-04 00:00:00",2576068,40839
"2023-01-03 00:00:00",2535229,35997
"2023-01-02 00:00:00",2499232,45383
"2023-01-01 00:00:00",2453849,48698
"2022-12-31 00:00:00",2405151,50519
"2022-12-30 00:00:00",2354632,51832
"2022-12-29 00:00:00",2302800,51193
"2022-12-28 00:00:00",2251607,46503
"2022-12-27 00:00:00",2205104,40943
"2022-12-26 00:00:00",2164161,50744
"2022-12-25 00:00:00",2113417,61823
"2022-12-24 00:00:00",2051594,69365
"2022-12-23 00:00:00",1982229,73118
"2022-12-22 00:00:00",1909111,77227
"2022-12-21 00:00:00",1831884,81102
"2022-12-20 00:00:00",1750782,70869
"2022-12-19 00:00:00",1679913,87607
"2022-12-18 00:00:00",1592306,107934
"2022-12-17 00:00:00",1484372,120950
"2022-12-16 00:00:00",1363422,134615
"2022-12-15 00:00:00",1228807,154758
"2022-12-14 00:00:00",1074049,188365
"2022-12-13 00:00:00",885684,173615
"2022-12-12 00:00:00",712069,239557
"2022-12-11 00:00:00",472512,466779
"2022-12-10 00:00:00",5733,0