﻿"DateTime","Spotify Streams","Change"
"2023-05-14 00:00:00",15070214,29345
"2023-05-13 00:00:00",15040869,29267
"2023-05-12 00:00:00",15011602,28194
"2023-05-11 00:00:00",14983408,28216
"2023-05-10 00:00:00",14955192,0
"2023-05-09 00:00:00",14955192,53931
"2023-05-08 00:00:00",14901261,26228
"2023-05-07 00:00:00",14875033,0
"2023-05-06 00:00:00",14875033,57159
"2023-05-05 00:00:00",14817874,28850
"2023-05-04 00:00:00",14789024,28319
"2023-05-03 00:00:00",14760705,13481
"2023-05-02 00:00:00",14747224,13481
"2023-05-01 00:00:00",14733743,39294
"2023-04-30 00:00:00",14694449,39294
"2023-04-29 00:00:00",14655155,29901
"2023-04-28 00:00:00",14625254,29891
"2023-04-27 00:00:00",14595363,29634
"2023-04-26 00:00:00",14565729,0
"2023-04-25 00:00:00",14565729,53507
"2023-04-24 00:00:00",14512222,0
"2023-04-23 00:00:00",14512222,56200
"2023-04-22 00:00:00",14456022,31307
"2023-04-21 00:00:00",14424715,0
"2023-04-20 00:00:00",14424715,59183
"2023-04-19 00:00:00",14365532,29739
"2023-04-18 00:00:00",14335793,24384
"2023-04-17 00:00:00",14311409,26333
"2023-04-16 00:00:00",14285076,0
"2023-04-15 00:00:00",14285076,59689
"2023-04-14 00:00:00",14225387,29474
"2023-04-13 00:00:00",14195913,27706
"2023-04-12 00:00:00",14168207,25567
"2023-04-11 00:00:00",14142640,22458
"2023-04-10 00:00:00",14120182,24336
"2023-04-09 00:00:00",14095846,26592
"2023-04-08 00:00:00",14069254,28404
"2023-04-07 00:00:00",14040850,27483
"2023-04-06 00:00:00",14013367,27311
"2023-04-05 00:00:00",13986056,27459
"2023-04-04 00:00:00",13958597,23507
"2023-04-03 00:00:00",13935090,25439
"2023-04-02 00:00:00",13909651,28968
"2023-04-01 00:00:00",13880683,29650
"2023-03-31 00:00:00",13851033,29943
"2023-03-30 00:00:00",13821090,29423
"2023-03-29 00:00:00",13791667,29100
"2023-03-28 00:00:00",13762567,25666
"2023-03-27 00:00:00",13736901,27062
"2023-03-26 00:00:00",13709839,0
"2023-03-25 00:00:00",13709839,60541
"2023-03-24 00:00:00",13649298,30019
"2023-03-23 00:00:00",13619279,30255
"2023-03-22 00:00:00",13589024,30252
"2023-03-21 00:00:00",13558772,25691
"2023-03-20 00:00:00",13533081,27653
"2023-03-19 00:00:00",13505428,30719
"2023-03-18 00:00:00",13474709,30868
"2023-03-17 00:00:00",13443841,30513
"2023-03-16 00:00:00",13413328,29856
"2023-03-15 00:00:00",13383472,29131
"2023-03-14 00:00:00",13354341,25445
"2023-03-13 00:00:00",13328896,26982
"2023-03-12 00:00:00",13301914,30275
"2023-03-11 00:00:00",13271639,0
"2023-03-10 00:00:00",13271639,61523
"2023-03-09 00:00:00",13210116,30518
"2023-03-08 00:00:00",13179598,29771
"2023-03-07 00:00:00",13149827,0
"2023-03-06 00:00:00",13149827,52373
"2023-03-05 00:00:00",13097454,30886
"2023-03-04 00:00:00",13066568,30859
"2023-03-03 00:00:00",13035709,30033
"2023-03-02 00:00:00",13005676,30795
"2023-03-01 00:00:00",12974881,30748
"2023-02-28 00:00:00",12944133,0
"2023-02-27 00:00:00",12944133,54213
"2023-02-26 00:00:00",12889920,31073
"2023-02-25 00:00:00",12858847,30869
"2023-02-24 00:00:00",12827978,30965
"2023-02-23 00:00:00",12797013,31245
"2023-02-22 00:00:00",12765768,29647
"2023-02-21 00:00:00",12736121,26501
"2023-02-20 00:00:00",12709620,28309
"2023-02-19 00:00:00",12681311,31436
"2023-02-18 00:00:00",12649875,36480
"2023-02-17 00:00:00",12613395,31467
"2023-02-16 00:00:00",12581928,0
"2023-02-15 00:00:00",12581928,59815
"2023-02-14 00:00:00",12522113,0
"2023-02-13 00:00:00",12522113,53225
"2023-02-12 00:00:00",12468888,31306
"2023-02-11 00:00:00",12437582,32498
"2023-02-10 00:00:00",12405084,31560
"2023-02-09 00:00:00",12373524,32061
"2023-02-08 00:00:00",12341463,31120
"2023-02-07 00:00:00",12310343,26091
"2023-02-06 00:00:00",12284252,27744
"2023-02-05 00:00:00",12256508,31424
"2023-02-04 00:00:00",12225084,31598
"2023-02-03 00:00:00",12193486,31717
"2023-02-02 00:00:00",12161769,31236
"2023-02-01 00:00:00",12130533,0
"2023-01-31 00:00:00",12130533,57956
"2023-01-30 00:00:00",12072577,28672
"2023-01-29 00:00:00",12043905,33417
"2023-01-28 00:00:00",12010488,32793
"2023-01-27 00:00:00",11977695,32755
"2023-01-26 00:00:00",11944940,33465
"2023-01-25 00:00:00",11911475,31912
"2023-01-24 00:00:00",11879563,26884
"2023-01-23 00:00:00",11852679,29490
"2023-01-22 00:00:00",11823189,34312
"2023-01-21 00:00:00",11788877,34424
"2023-01-20 00:00:00",11754453,34789
"2023-01-19 00:00:00",11719664,35523
"2023-01-18 00:00:00",11684141,31587
"2023-01-17 00:00:00",11652554,29774
"2023-01-16 00:00:00",11622780,29990
"2023-01-15 00:00:00",11592790,36021
"2023-01-14 00:00:00",11556769,35817
"2023-01-13 00:00:00",11520952,0
"2023-01-12 00:00:00",11520952,72987
"2023-01-11 00:00:00",11447965,36640
"2023-01-10 00:00:00",11411325,30335
"2023-01-09 00:00:00",11380990,32249
"2023-01-08 00:00:00",11348741,35748
"2023-01-07 00:00:00",11312993,35959
"2023-01-06 00:00:00",11277034,36237
"2023-01-05 00:00:00",11240797,35037
"2023-01-04 00:00:00",11205760,31453
"2023-01-03 00:00:00",11174307,28780
"2023-01-02 00:00:00",11145527,32757
"2023-01-01 00:00:00",11112770,34936
"2022-12-31 00:00:00",11077834,35264
"2022-12-30 00:00:00",11042570,35514
"2022-12-29 00:00:00",11007056,0
"2022-12-28 00:00:00",11007056,66826
"2022-12-27 00:00:00",10940230,28064
"2022-12-26 00:00:00",10912166,33686
"2022-12-25 00:00:00",10878480,37030
"2022-12-24 00:00:00",10841450,40298
"2022-12-23 00:00:00",10801152,40491
"2022-12-22 00:00:00",10760661,41079
"2022-12-21 00:00:00",10719582,37611
"2022-12-20 00:00:00",10681971,32531
"2022-12-19 00:00:00",10649440,0
"2022-12-18 00:00:00",10649440,78003
"2022-12-17 00:00:00",10571437,43550
"2022-12-16 00:00:00",10527887,43442
"2022-12-15 00:00:00",10484445,43767
"2022-12-14 00:00:00",10440678,40947
"2022-12-13 00:00:00",10399731,0
"2022-12-12 00:00:00",10399731,65627
"2022-12-11 00:00:00",10334104,39127
"2022-12-10 00:00:00",10294977,39381
"2022-12-09 00:00:00",10255596,39876
"2022-12-08 00:00:00",10215720,38620
"2022-12-07 00:00:00",10177100,38640
"2022-12-06 00:00:00",10138460,38640
"2022-12-05 00:00:00",10099820,38640
"2022-12-04 00:00:00",10061180,38640
"2022-12-03 00:00:00",10022540,38640
"2022-12-02 00:00:00",9983900,38640
"2022-12-01 00:00:00",9945260,37120
"2022-11-30 00:00:00",9908140,37833
"2022-11-29 00:00:00",9870307,30296
"2022-11-28 00:00:00",9840011,31258
"2022-11-27 00:00:00",9808753,31514
"2022-11-26 00:00:00",9777239,32422
"2022-11-25 00:00:00",9744817,36387
"2022-11-24 00:00:00",9708430,36843
"2022-11-23 00:00:00",9671587,35360
"2022-11-22 00:00:00",9636227,30913
"2022-11-21 00:00:00",9605314,33745
"2022-11-20 00:00:00",9571569,38245
"2022-11-19 00:00:00",9533324,37622
"2022-11-18 00:00:00",9495702,38104
"2022-11-17 00:00:00",9457598,38190
"2022-11-16 00:00:00",9419408,37151
"2022-11-15 00:00:00",9382257,30669
"2022-11-14 00:00:00",9351588,33524
"2022-11-13 00:00:00",9318064,37040
"2022-11-12 00:00:00",9281024,38234
"2022-11-11 00:00:00",9242790,39051
"2022-11-10 00:00:00",9203739,37827
"2022-11-09 00:00:00",9165912,37905
"2022-11-08 00:00:00",9128007,32071
"2022-11-07 00:00:00",9095936,34788
"2022-11-06 00:00:00",9061148,40136
"2022-11-05 00:00:00",9021012,41327
"2022-11-04 00:00:00",8979685,39990
"2022-11-03 00:00:00",8939695,39029
"2022-11-02 00:00:00",8900666,40492
"2022-11-01 00:00:00",8860174,33730
"2022-10-31 00:00:00",8826444,37112
"2022-10-30 00:00:00",8789332,42940
"2022-10-29 00:00:00",8746392,44600
"2022-10-28 00:00:00",8701792,44540
"2022-10-27 00:00:00",8657252,44922
"2022-10-26 00:00:00",8612330,43970
"2022-10-25 00:00:00",8568360,37879
"2022-10-24 00:00:00",8530481,40559
"2022-10-23 00:00:00",8489922,46942
"2022-10-22 00:00:00",8442980,47049
"2022-10-21 00:00:00",8395931,48530
"2022-10-20 00:00:00",8347401,47263
"2022-10-19 00:00:00",8300138,46056
"2022-10-18 00:00:00",8254082,39866
"2022-10-17 00:00:00",8214216,42627
"2022-10-16 00:00:00",8171589,48501
"2022-10-15 00:00:00",8123088,48895
"2022-10-14 00:00:00",8074193,48411
"2022-10-13 00:00:00",8025782,49358
"2022-10-12 00:00:00",7976424,47426
"2022-10-11 00:00:00",7928998,40778
"2022-10-10 00:00:00",7888220,43619
"2022-10-09 00:00:00",7844601,49949
"2022-10-08 00:00:00",7794652,53911
"2022-10-07 00:00:00",7740741,57431
"2022-10-06 00:00:00",7683310,57028
"2022-10-05 00:00:00",7626282,54055
"2022-10-04 00:00:00",7572227,42445
"2022-10-03 00:00:00",7529782,47181
"2022-10-02 00:00:00",7482601,52734
"2022-10-01 00:00:00",7429867,54359
"2022-09-30 00:00:00",7375508,54212
"2022-09-29 00:00:00",7321296,53411
"2022-09-28 00:00:00",7267885,52651
"2022-09-27 00:00:00",7215234,44438
"2022-09-26 00:00:00",7170796,47778
"2022-09-25 00:00:00",7123018,55986
"2022-09-24 00:00:00",7067032,55407
"2022-09-23 00:00:00",7011625,56805
"2022-09-22 00:00:00",6954820,56955
"2022-09-21 00:00:00",6897865,54869
"2022-09-20 00:00:00",6842996,46267
"2022-09-19 00:00:00",6796729,51195
"2022-09-18 00:00:00",6745534,58974
"2022-09-17 00:00:00",6686560,59193
"2022-09-16 00:00:00",6627367,59056
"2022-09-15 00:00:00",6568311,60517
"2022-09-14 00:00:00",6507794,58674
"2022-09-13 00:00:00",6449120,48938
"2022-09-12 00:00:00",6400182,53457
"2022-09-11 00:00:00",6346725,62890
"2022-09-10 00:00:00",6283835,62980
"2022-09-09 00:00:00",6220855,63541
"2022-09-08 00:00:00",6157314,119137
"2022-09-07 00:00:00",6038177,0
"2022-09-06 00:00:00",6038177,54163
"2022-09-05 00:00:00",5984014,59198
"2022-09-04 00:00:00",5924816,70018
"2022-09-03 00:00:00",5854798,71932
"2022-09-02 00:00:00",5782866,72484
"2022-09-01 00:00:00",5710382,71972
"2022-08-31 00:00:00",5638410,71483
"2022-08-30 00:00:00",5566927,62760
"2022-08-29 00:00:00",5504167,69634
"2022-08-28 00:00:00",5434533,80666
"2022-08-27 00:00:00",5353867,82867
"2022-08-26 00:00:00",5271000,85304
"2022-08-25 00:00:00",5185696,86013
"2022-08-24 00:00:00",5099683,86374
"2022-08-23 00:00:00",5013309,0
"2022-08-22 00:00:00",5013309,120592
"2022-08-21 00:00:00",4892717,120592
"2022-08-20 00:00:00",4772125,120592
"2022-08-19 00:00:00",4651532,120592
"2022-08-18 00:00:00",4530940,118478
"2022-08-17 00:00:00",4412462,119258
"2022-08-16 00:00:00",4293204,108106
"2022-08-15 00:00:00",4185098,120327
"2022-08-14 00:00:00",4064771,136628
"2022-08-13 00:00:00",3928143,150745
"2022-08-12 00:00:00",3777398,146501
"2022-08-11 00:00:00",3630897,154569
"2022-08-10 00:00:00",3476328,153926
"2022-08-09 00:00:00",3322402,155723
"2022-08-08 00:00:00",3166679,190124
"2022-08-07 00:00:00",2976555,199494
"2022-08-06 00:00:00",2777061,513502
"2022-08-05 00:00:00",2263559,446485
"2022-08-04 00:00:00",1817074,388576
"2022-08-03 00:00:00",1428498,304915
"2022-08-02 00:00:00",1123583,280469
"2022-08-01 00:00:00",843114,366539
"2022-07-31 00:00:00",476575,469599
"2022-07-30 00:00:00",6976,0