﻿"DateTime","Spotify Streams","Change"
"2023-05-10 00:00:00",1098999,543
"2023-05-09 00:00:00",1098456,461
"2023-05-08 00:00:00",1097995,461
"2023-05-07 00:00:00",1097534,562
"2023-05-06 00:00:00",1096972,607
"2023-05-05 00:00:00",1096365,646
"2023-05-04 00:00:00",1095719,0
"2023-05-03 00:00:00",1095719,817
"2023-05-02 00:00:00",1094903,817
"2023-05-01 00:00:00",1094086,532
"2023-04-30 00:00:00",1093554,602
"2023-04-29 00:00:00",1092952,619
"2023-04-28 00:00:00",1092333,620
"2023-04-27 00:00:00",1091713,663
"2023-04-26 00:00:00",1091050,600
"2023-04-25 00:00:00",1090450,473
"2023-04-24 00:00:00",1089978,473
"2023-04-23 00:00:00",1089505,592
"2023-04-22 00:00:00",1088913,641
"2023-04-21 00:00:00",1088272,609
"2023-04-20 00:00:00",1087663,639
"2023-04-19 00:00:00",1087024,601
"2023-04-18 00:00:00",1086423,487
"2023-04-17 00:00:00",1085936,0
"2023-04-16 00:00:00",1085936,1084
"2023-04-15 00:00:00",1084852,616
"2023-04-14 00:00:00",1084236,572
"2023-04-13 00:00:00",1083664,570
"2023-04-12 00:00:00",1083094,548
"2023-04-11 00:00:00",1082546,409
"2023-04-10 00:00:00",1082137,501
"2023-04-09 00:00:00",1081636,0
"2023-04-08 00:00:00",1081636,1139
"2023-04-07 00:00:00",1080497,671
"2023-04-06 00:00:00",1079826,646
"2023-04-05 00:00:00",1079180,612
"2023-04-04 00:00:00",1078568,522
"2023-04-03 00:00:00",1078046,545
"2023-04-02 00:00:00",1077501,635
"2023-04-01 00:00:00",1076866,691
"2023-03-31 00:00:00",1076175,782
"2023-03-30 00:00:00",1075393,0
"2023-03-29 00:00:00",1075393,1627
"2023-03-28 00:00:00",1073766,954
"2023-03-27 00:00:00",1072812,752
"2023-03-26 00:00:00",1072060,0
"2023-03-25 00:00:00",1072060,1497
"2023-03-24 00:00:00",1070563,0
"2023-03-23 00:00:00",1070563,1531
"2023-03-22 00:00:00",1069032,783
"2023-03-21 00:00:00",1068249,623
"2023-03-20 00:00:00",1067626,679
"2023-03-19 00:00:00",1066947,814
"2023-03-18 00:00:00",1066133,785
"2023-03-17 00:00:00",1065348,825
"2023-03-16 00:00:00",1064523,767
"2023-03-15 00:00:00",1063756,780
"2023-03-14 00:00:00",1062976,697
"2023-03-13 00:00:00",1062279,712
"2023-03-12 00:00:00",1061567,944
"2023-03-11 00:00:00",1060623,1024
"2023-03-10 00:00:00",1059599,952
"2023-03-09 00:00:00",1058647,1032
"2023-03-08 00:00:00",1057615,1005
"2023-03-07 00:00:00",1056610,1277
"2023-03-06 00:00:00",1055333,0
"2023-03-05 00:00:00",1055333,6117
"2023-03-04 00:00:00",1049216,4356
"2023-03-03 00:00:00",1044860,3368
"2023-03-02 00:00:00",1041492,2920
"2023-03-01 00:00:00",1038572,987
"2023-02-28 00:00:00",1037585,0
"2023-02-27 00:00:00",1037585,1650
"2023-02-26 00:00:00",1035935,1002
"2023-02-25 00:00:00",1034933,1099
"2023-02-24 00:00:00",1033834,1068
"2023-02-23 00:00:00",1032766,1896
"2023-02-22 00:00:00",1030870,0
"2023-02-21 00:00:00",1030870,798
"2023-02-20 00:00:00",1030072,0
"2023-02-19 00:00:00",1030072,1820
"2023-02-18 00:00:00",1028252,1035
"2023-02-17 00:00:00",1027217,1028
"2023-02-16 00:00:00",1026189,0
"2023-02-15 00:00:00",1026189,2520
"2023-02-14 00:00:00",1023669,871
"2023-02-13 00:00:00",1022798,0
"2023-02-12 00:00:00",1022798,2151
"2023-02-11 00:00:00",1020647,1212
"2023-02-10 00:00:00",1019435,1196
"2023-02-09 00:00:00",1018239,1155
"2023-02-08 00:00:00",1017084,1002
"2023-02-07 00:00:00",1016083,1002
"2023-02-06 00:00:00",1015081,0
"2023-02-05 00:00:00",1015081,2232
"2023-02-04 00:00:00",1012849,1106
"2023-02-03 00:00:00",1011743,1150
"2023-02-02 00:00:00",1010593,1075
"2023-02-01 00:00:00",1009518,1079
"2023-01-31 00:00:00",1008439,823
"2023-01-30 00:00:00",1007616,979
"2023-01-29 00:00:00",1006637,1048
"2023-01-28 00:00:00",1005589,1217
"2023-01-27 00:00:00",1004372,1209
"2023-01-26 00:00:00",1003163,1260
"2023-01-25 00:00:00",1001903,1261
"2023-01-24 00:00:00",1000642,1003
"2023-01-23 00:00:00",999639,1115
"2023-01-22 00:00:00",998524,1339
"2023-01-21 00:00:00",997185,1631
"2023-01-20 00:00:00",995554,1656
"2023-01-19 00:00:00",993898,1627
"2023-01-18 00:00:00",992271,1485
"2023-01-17 00:00:00",990786,1206
"2023-01-16 00:00:00",989580,1307
"2023-01-15 00:00:00",988273,1757
"2023-01-14 00:00:00",986516,1327
"2023-01-13 00:00:00",985189,1292
"2023-01-12 00:00:00",983897,1233
"2023-01-11 00:00:00",982664,1137
"2023-01-10 00:00:00",981527,860
"2023-01-09 00:00:00",980667,986
"2023-01-08 00:00:00",979681,1188
"2023-01-07 00:00:00",978493,1364
"2023-01-06 00:00:00",977129,1130
"2023-01-05 00:00:00",975999,1028
"2023-01-04 00:00:00",974971,944
"2023-01-03 00:00:00",974027,779
"2023-01-02 00:00:00",973248,913
"2023-01-01 00:00:00",972335,1086
"2022-12-31 00:00:00",971249,1031
"2022-12-30 00:00:00",970218,1127
"2022-12-29 00:00:00",969091,928
"2022-12-28 00:00:00",968163,0
"2022-12-27 00:00:00",968163,1369
"2022-12-26 00:00:00",966794,789
"2022-12-25 00:00:00",966005,972
"2022-12-24 00:00:00",965033,1020
"2022-12-23 00:00:00",964013,1034
"2022-12-22 00:00:00",962979,999
"2022-12-21 00:00:00",961980,930
"2022-12-20 00:00:00",961050,768
"2022-12-19 00:00:00",960282,880
"2022-12-18 00:00:00",959402,1001
"2022-12-17 00:00:00",958401,1139
"2022-12-16 00:00:00",957262,1104
"2022-12-15 00:00:00",956158,1153
"2022-12-14 00:00:00",955005,1178
"2022-12-13 00:00:00",953827,860
"2022-12-12 00:00:00",952967,904
"2022-12-11 00:00:00",952063,1132
"2022-12-10 00:00:00",950931,1132
"2022-12-09 00:00:00",949799,1146
"2022-12-08 00:00:00",948653,1025
"2022-12-07 00:00:00",947628,927
"2022-12-06 00:00:00",946701,1067
"2022-12-05 00:00:00",945634,1067
"2022-12-04 00:00:00",944567,1067
"2022-12-03 00:00:00",943501,1067
"2022-12-02 00:00:00",942434,1067
"2022-12-01 00:00:00",941367,1088
"2022-11-30 00:00:00",940279,1007
"2022-11-29 00:00:00",939272,760
"2022-11-28 00:00:00",938512,849
"2022-11-27 00:00:00",937663,809
"2022-11-26 00:00:00",936854,828
"2022-11-25 00:00:00",936026,1047
"2022-11-24 00:00:00",934979,1044
"2022-11-23 00:00:00",933935,973
"2022-11-22 00:00:00",932962,780
"2022-11-21 00:00:00",932182,890
"2022-11-20 00:00:00",931292,1075
"2022-11-19 00:00:00",930217,1056
"2022-11-18 00:00:00",929161,1120
"2022-11-17 00:00:00",928041,1108
"2022-11-16 00:00:00",926933,1024
"2022-11-15 00:00:00",925909,840
"2022-11-14 00:00:00",925069,957
"2022-11-13 00:00:00",924112,1102
"2022-11-12 00:00:00",923010,1184
"2022-11-11 00:00:00",921826,1207
"2022-11-10 00:00:00",920619,1234
"2022-11-09 00:00:00",919385,1142
"2022-11-08 00:00:00",918243,888
"2022-11-07 00:00:00",917355,1003
"2022-11-06 00:00:00",916352,1199
"2022-11-05 00:00:00",915153,1395
"2022-11-04 00:00:00",913758,1432
"2022-11-03 00:00:00",912326,1328
"2022-11-02 00:00:00",910998,1316
"2022-11-01 00:00:00",909682,1082
"2022-10-31 00:00:00",908600,1118
"2022-10-30 00:00:00",907482,1473
"2022-10-29 00:00:00",906009,1566
"2022-10-28 00:00:00",904443,1559
"2022-10-27 00:00:00",902884,1567
"2022-10-26 00:00:00",901317,1470
"2022-10-25 00:00:00",899847,1178
"2022-10-24 00:00:00",898669,1262
"2022-10-23 00:00:00",897407,1681
"2022-10-22 00:00:00",895726,1670
"2022-10-21 00:00:00",894056,0
"2022-10-20 00:00:00",894056,3377
"2022-10-19 00:00:00",890679,1605
"2022-10-18 00:00:00",889074,1223
"2022-10-17 00:00:00",887851,1383
"2022-10-16 00:00:00",886468,1651
"2022-10-15 00:00:00",884817,1739
"2022-10-14 00:00:00",883078,1787
"2022-10-13 00:00:00",881291,1781
"2022-10-12 00:00:00",879510,1595
"2022-10-11 00:00:00",877915,1322
"2022-10-10 00:00:00",876593,1386
"2022-10-09 00:00:00",875207,1718
"2022-10-08 00:00:00",873489,2054
"2022-10-07 00:00:00",871435,2116
"2022-10-06 00:00:00",869319,2033
"2022-10-05 00:00:00",867286,1904
"2022-10-04 00:00:00",865382,1424
"2022-10-03 00:00:00",863958,1501
"2022-10-02 00:00:00",862457,1769
"2022-10-01 00:00:00",860688,1960
"2022-09-30 00:00:00",858728,1776
"2022-09-29 00:00:00",856952,1808
"2022-09-28 00:00:00",855144,1746
"2022-09-27 00:00:00",853398,1380
"2022-09-26 00:00:00",852018,1554
"2022-09-25 00:00:00",850464,1866
"2022-09-24 00:00:00",848598,1929
"2022-09-23 00:00:00",846669,3808
"2022-09-22 00:00:00",842861,0
"2022-09-21 00:00:00",842861,1727
"2022-09-20 00:00:00",841134,1448
"2022-09-19 00:00:00",839686,1649
"2022-09-18 00:00:00",838037,1977
"2022-09-17 00:00:00",836060,1967
"2022-09-16 00:00:00",834093,1958
"2022-09-15 00:00:00",832135,1984
"2022-09-14 00:00:00",830151,1983
"2022-09-13 00:00:00",828168,1564
"2022-09-12 00:00:00",826604,1785
"2022-09-11 00:00:00",824819,2118
"2022-09-10 00:00:00",822701,2267
"2022-09-09 00:00:00",820434,2220
"2022-09-08 00:00:00",818214,4255
"2022-09-07 00:00:00",813959,0
"2022-09-06 00:00:00",813959,1716
"2022-09-05 00:00:00",812243,2038
"2022-09-04 00:00:00",810205,2634
"2022-09-03 00:00:00",807571,2607
"2022-09-02 00:00:00",804964,2520
"2022-09-01 00:00:00",802444,2391
"2022-08-31 00:00:00",800053,2290
"2022-08-30 00:00:00",797763,1905
"2022-08-29 00:00:00",795858,2044
"2022-08-28 00:00:00",793814,2489
"2022-08-27 00:00:00",791325,2616
"2022-08-26 00:00:00",788709,2687
"2022-08-25 00:00:00",786022,2729
"2022-08-24 00:00:00",783293,2733
"2022-08-23 00:00:00",780560,2765
"2022-08-22 00:00:00",777795,2765
"2022-08-21 00:00:00",775030,2765
"2022-08-20 00:00:00",772265,2765
"2022-08-19 00:00:00",769500,3139
"2022-08-18 00:00:00",766361,3202
"2022-08-17 00:00:00",763159,3064
"2022-08-16 00:00:00",760095,2617
"2022-08-15 00:00:00",757478,2771
"2022-08-14 00:00:00",754707,3364
"2022-08-13 00:00:00",751343,3647
"2022-08-12 00:00:00",747696,3200
"2022-08-11 00:00:00",744496,3465
"2022-08-10 00:00:00",741031,3279
"2022-08-09 00:00:00",737752,2843
"2022-08-08 00:00:00",734909,2962
"2022-08-07 00:00:00",731947,3601
"2022-08-06 00:00:00",728346,3828
"2022-08-05 00:00:00",724518,3836
"2022-08-04 00:00:00",720682,3776
"2022-08-03 00:00:00",716906,3872
"2022-08-02 00:00:00",713034,3242
"2022-08-01 00:00:00",709792,3707
"2022-07-31 00:00:00",706085,4806
"2022-07-30 00:00:00",701279,4976
"2022-07-29 00:00:00",696303,5200
"2022-07-28 00:00:00",691103,5332
"2022-07-27 00:00:00",685771,5152
"2022-07-26 00:00:00",680619,4340
"2022-07-25 00:00:00",676279,4984
"2022-07-24 00:00:00",671295,6456
"2022-07-23 00:00:00",664839,7294
"2022-07-22 00:00:00",657545,7771
"2022-07-21 00:00:00",649774,5609
"2022-07-20 00:00:00",644165,5674
"2022-07-19 00:00:00",638491,5013
"2022-07-18 00:00:00",633478,5512
"2022-07-17 00:00:00",627966,6535
"2022-07-16 00:00:00",621431,6851
"2022-07-15 00:00:00",614580,6047
"2022-07-14 00:00:00",608533,11678
"2022-07-13 00:00:00",596855,0
"2022-07-12 00:00:00",596855,5104
"2022-07-11 00:00:00",591751,5849
"2022-07-10 00:00:00",585902,6653
"2022-07-09 00:00:00",579249,7185
"2022-07-08 00:00:00",572064,7341
"2022-07-07 00:00:00",564723,7591
"2022-07-06 00:00:00",557132,7185
"2022-07-05 00:00:00",549947,6647
"2022-07-04 00:00:00",543300,8235
"2022-07-03 00:00:00",535065,10624
"2022-07-02 00:00:00",524441,11640
"2022-07-01 00:00:00",512801,12276
"2022-06-30 00:00:00",500525,13800
"2022-06-29 00:00:00",486725,15191
"2022-06-28 00:00:00",471534,14119
"2022-06-27 00:00:00",457415,18066
"2022-06-26 00:00:00",439349,25465
"2022-06-25 00:00:00",413884,31649
"2022-06-24 00:00:00",382235,80088
"2022-06-23 00:00:00",302147,0
"2022-06-22 00:00:00",302147,50079
"2022-06-21 00:00:00",252068,49869
"2022-06-20 00:00:00",202199,74130
"2022-06-19 00:00:00",128069,126204
"2022-06-18 00:00:00",1865,0