﻿"DateTime","Spotify Streams","Change"
"2023-05-01 00:00:00",5734140,9790
"2023-04-30 00:00:00",5724350,0
"2023-04-29 00:00:00",5724350,21520
"2023-04-28 00:00:00",5702830,10935
"2023-04-27 00:00:00",5691895,10829
"2023-04-26 00:00:00",5681066,10300
"2023-04-25 00:00:00",5670766,8733
"2023-04-24 00:00:00",5662033,10996
"2023-04-23 00:00:00",5651038,10996
"2023-04-22 00:00:00",5640042,11461
"2023-04-21 00:00:00",5628581,11225
"2023-04-20 00:00:00",5617356,11271
"2023-04-19 00:00:00",5606085,10662
"2023-04-18 00:00:00",5595423,9292
"2023-04-17 00:00:00",5586131,10850
"2023-04-16 00:00:00",5575281,11955
"2023-04-15 00:00:00",5563326,11479
"2023-04-14 00:00:00",5551847,11422
"2023-04-13 00:00:00",5540425,11395
"2023-04-12 00:00:00",5529030,10464
"2023-04-11 00:00:00",5518566,8377
"2023-04-10 00:00:00",5510189,10103
"2023-04-09 00:00:00",5500086,11046
"2023-04-08 00:00:00",5489040,11917
"2023-04-07 00:00:00",5477123,0
"2023-04-06 00:00:00",5477123,24014
"2023-04-05 00:00:00",5453109,11233
"2023-04-04 00:00:00",5441876,9737
"2023-04-03 00:00:00",5432139,10722
"2023-04-02 00:00:00",5421417,12293
"2023-04-01 00:00:00",5409124,11936
"2023-03-31 00:00:00",5397188,0
"2023-03-30 00:00:00",5397188,23141
"2023-03-29 00:00:00",5374047,11080
"2023-03-28 00:00:00",5362967,9324
"2023-03-27 00:00:00",5353643,10775
"2023-03-26 00:00:00",5342868,11858
"2023-03-25 00:00:00",5331010,11653
"2023-03-24 00:00:00",5319357,11362
"2023-03-23 00:00:00",5307995,11258
"2023-03-22 00:00:00",5296737,10466
"2023-03-21 00:00:00",5286271,8931
"2023-03-20 00:00:00",5277340,10343
"2023-03-19 00:00:00",5266997,11443
"2023-03-18 00:00:00",5255554,0
"2023-03-17 00:00:00",5255554,23468
"2023-03-16 00:00:00",5232086,0
"2023-03-15 00:00:00",5232086,21880
"2023-03-14 00:00:00",5210206,9514
"2023-03-13 00:00:00",5200692,10979
"2023-03-12 00:00:00",5189713,12090
"2023-03-11 00:00:00",5177623,11810
"2023-03-10 00:00:00",5165813,12087
"2023-03-09 00:00:00",5153726,11965
"2023-03-08 00:00:00",5141761,0
"2023-03-07 00:00:00",5141761,21046
"2023-03-06 00:00:00",5120715,11548
"2023-03-05 00:00:00",5109167,11882
"2023-03-04 00:00:00",5097285,11898
"2023-03-03 00:00:00",5085387,11895
"2023-03-02 00:00:00",5073492,0
"2023-03-01 00:00:00",5073492,22592
"2023-02-28 00:00:00",5050900,9434
"2023-02-27 00:00:00",5041466,10559
"2023-02-26 00:00:00",5030907,11976
"2023-02-25 00:00:00",5018931,11796
"2023-02-24 00:00:00",5007135,11649
"2023-02-23 00:00:00",4995486,11860
"2023-02-22 00:00:00",4983626,11137
"2023-02-21 00:00:00",4972489,9942
"2023-02-20 00:00:00",4962547,11711
"2023-02-19 00:00:00",4950836,12824
"2023-02-18 00:00:00",4938012,0
"2023-02-17 00:00:00",4938012,26679
"2023-02-16 00:00:00",4911333,13484
"2023-02-15 00:00:00",4897849,12285
"2023-02-14 00:00:00",4885564,10542
"2023-02-13 00:00:00",4875022,0
"2023-02-12 00:00:00",4875022,25899
"2023-02-11 00:00:00",4849123,12635
"2023-02-10 00:00:00",4836488,12380
"2023-02-09 00:00:00",4824108,11973
"2023-02-08 00:00:00",4812135,11550
"2023-02-07 00:00:00",4800585,0
"2023-02-06 00:00:00",4800585,21098
"2023-02-05 00:00:00",4779487,12160
"2023-02-04 00:00:00",4767327,11624
"2023-02-03 00:00:00",4755703,10732
"2023-02-02 00:00:00",4744971,10457
"2023-02-01 00:00:00",4734514,10003
"2023-01-31 00:00:00",4724511,8872
"2023-01-30 00:00:00",4715639,10534
"2023-01-29 00:00:00",4705105,0
"2023-01-28 00:00:00",4705105,11563
"2023-01-27 00:00:00",4693542,21622
"2023-01-26 00:00:00",4671920,11126
"2023-01-25 00:00:00",4660794,10605
"2023-01-24 00:00:00",4650189,8939
"2023-01-23 00:00:00",4641250,10474
"2023-01-22 00:00:00",4630776,12267
"2023-01-21 00:00:00",4618509,12466
"2023-01-20 00:00:00",4606043,12629
"2023-01-19 00:00:00",4593414,11968
"2023-01-18 00:00:00",4581446,10733
"2023-01-17 00:00:00",4570713,9398
"2023-01-16 00:00:00",4561315,10367
"2023-01-15 00:00:00",4550948,12447
"2023-01-14 00:00:00",4538501,12474
"2023-01-13 00:00:00",4526027,12096
"2023-01-12 00:00:00",4513931,11651
"2023-01-11 00:00:00",4502280,10999
"2023-01-10 00:00:00",4491281,9104
"2023-01-09 00:00:00",4482177,0
"2023-01-08 00:00:00",4482177,22001
"2023-01-07 00:00:00",4460176,11601
"2023-01-06 00:00:00",4448575,11432
"2023-01-05 00:00:00",4437143,10535
"2023-01-04 00:00:00",4426608,9500
"2023-01-03 00:00:00",4417108,9177
"2023-01-02 00:00:00",4407931,10492
"2023-01-01 00:00:00",4397439,11220
"2022-12-31 00:00:00",4386219,0
"2022-12-30 00:00:00",4386219,22472
"2022-12-29 00:00:00",4363747,0
"2022-12-28 00:00:00",4363747,10337
"2022-12-27 00:00:00",4353410,15967
"2022-12-26 00:00:00",4337443,9621
"2022-12-25 00:00:00",4327822,10178
"2022-12-24 00:00:00",4317644,11543
"2022-12-23 00:00:00",4306101,11286
"2022-12-22 00:00:00",4294815,11350
"2022-12-21 00:00:00",4283465,10775
"2022-12-20 00:00:00",4272690,9368
"2022-12-19 00:00:00",4263322,11027
"2022-12-18 00:00:00",4252295,12090
"2022-12-17 00:00:00",4240205,11514
"2022-12-16 00:00:00",4228691,0
"2022-12-15 00:00:00",4228691,22765
"2022-12-14 00:00:00",4205926,10938
"2022-12-13 00:00:00",4194988,9644
"2022-12-12 00:00:00",4185344,11153
"2022-12-11 00:00:00",4174191,12613
"2022-12-10 00:00:00",4161578,12722
"2022-12-09 00:00:00",4148856,12931
"2022-12-08 00:00:00",4135925,11938
"2022-12-07 00:00:00",4123987,11644
"2022-12-06 00:00:00",4112343,11962
"2022-12-05 00:00:00",4100381,11962
"2022-12-04 00:00:00",4088420,11962
"2022-12-03 00:00:00",4076458,11962
"2022-12-02 00:00:00",4064497,11962
"2022-12-01 00:00:00",4052535,12716
"2022-11-30 00:00:00",4039819,11679
"2022-11-29 00:00:00",4028140,9981
"2022-11-28 00:00:00",4018159,10973
"2022-11-27 00:00:00",4007186,10643
"2022-11-26 00:00:00",3996543,11771
"2022-11-25 00:00:00",3984772,14306
"2022-11-24 00:00:00",3970466,13826
"2022-11-23 00:00:00",3956640,12277
"2022-11-22 00:00:00",3944363,10687
"2022-11-21 00:00:00",3933676,12281
"2022-11-20 00:00:00",3921395,13468
"2022-11-19 00:00:00",3907927,13063
"2022-11-18 00:00:00",3894864,12856
"2022-11-17 00:00:00",3882008,12526
"2022-11-16 00:00:00",3869482,11847
"2022-11-15 00:00:00",3857635,10547
"2022-11-14 00:00:00",3847088,12116
"2022-11-13 00:00:00",3834972,13502
"2022-11-12 00:00:00",3821470,13975
"2022-11-11 00:00:00",3807495,13989
"2022-11-10 00:00:00",3793506,13699
"2022-11-09 00:00:00",3779807,12545
"2022-11-08 00:00:00",3767262,0
"2022-11-07 00:00:00",3767262,23546
"2022-11-06 00:00:00",3743716,14352
"2022-11-05 00:00:00",3729364,14575
"2022-11-04 00:00:00",3714789,14713
"2022-11-03 00:00:00",3700076,13681
"2022-11-02 00:00:00",3686395,13735
"2022-11-01 00:00:00",3672660,11522
"2022-10-31 00:00:00",3661138,13231
"2022-10-30 00:00:00",3647907,14993
"2022-10-29 00:00:00",3632914,14724
"2022-10-28 00:00:00",3618190,14226
"2022-10-27 00:00:00",3603964,14590
"2022-10-26 00:00:00",3589374,14040
"2022-10-25 00:00:00",3575334,12494
"2022-10-24 00:00:00",3562840,14556
"2022-10-23 00:00:00",3548284,16114
"2022-10-22 00:00:00",3532170,15625
"2022-10-21 00:00:00",3516545,15231
"2022-10-20 00:00:00",3501314,15117
"2022-10-19 00:00:00",3486197,14507
"2022-10-18 00:00:00",3471690,12937
"2022-10-17 00:00:00",3458753,15008
"2022-10-16 00:00:00",3443745,0
"2022-10-15 00:00:00",3443745,34595
"2022-10-14 00:00:00",3409150,16310
"2022-10-13 00:00:00",3392840,15906
"2022-10-12 00:00:00",3376934,15047
"2022-10-11 00:00:00",3361887,13462
"2022-10-10 00:00:00",3348425,15239
"2022-10-09 00:00:00",3333186,16529
"2022-10-08 00:00:00",3316657,15530
"2022-10-07 00:00:00",3301127,14845
"2022-10-06 00:00:00",3286282,14282
"2022-10-05 00:00:00",3272000,14502
"2022-10-04 00:00:00",3257498,13210
"2022-10-03 00:00:00",3244288,16029
"2022-10-02 00:00:00",3228259,17307
"2022-10-01 00:00:00",3210952,16015
"2022-09-30 00:00:00",3194937,16057
"2022-09-29 00:00:00",3178880,16280
"2022-09-28 00:00:00",3162600,15971
"2022-09-27 00:00:00",3146629,13409
"2022-09-26 00:00:00",3133220,16186
"2022-09-25 00:00:00",3117034,18476
"2022-09-24 00:00:00",3098558,18900
"2022-09-23 00:00:00",3079658,18799
"2022-09-22 00:00:00",3060859,18249
"2022-09-21 00:00:00",3042610,17347
"2022-09-20 00:00:00",3025263,15157
"2022-09-19 00:00:00",3010106,18382
"2022-09-18 00:00:00",2991724,20693
"2022-09-17 00:00:00",2971031,20494
"2022-09-16 00:00:00",2950537,20138
"2022-09-15 00:00:00",2930399,19856
"2022-09-14 00:00:00",2910543,18499
"2022-09-13 00:00:00",2892044,15561
"2022-09-12 00:00:00",2876483,18998
"2022-09-11 00:00:00",2857485,21175
"2022-09-10 00:00:00",2836310,21041
"2022-09-09 00:00:00",2815269,20997
"2022-09-08 00:00:00",2794272,40187
"2022-09-07 00:00:00",2754085,0
"2022-09-06 00:00:00",2754085,18280
"2022-09-05 00:00:00",2735805,21132
"2022-09-04 00:00:00",2714673,24674
"2022-09-03 00:00:00",2689999,24273
"2022-09-02 00:00:00",2665726,23214
"2022-09-01 00:00:00",2642512,23811
"2022-08-31 00:00:00",2618701,23014
"2022-08-30 00:00:00",2595687,20446
"2022-08-29 00:00:00",2575241,23292
"2022-08-28 00:00:00",2551949,26745
"2022-08-27 00:00:00",2525204,25513
"2022-08-26 00:00:00",2499691,25061
"2022-08-25 00:00:00",2474630,23748
"2022-08-24 00:00:00",2450882,22840
"2022-08-23 00:00:00",2428042,24044
"2022-08-22 00:00:00",2403998,24044
"2022-08-21 00:00:00",2379954,24044
"2022-08-20 00:00:00",2355909,24044
"2022-08-19 00:00:00",2331865,24044
"2022-08-18 00:00:00",2307821,24078
"2022-08-17 00:00:00",2283743,22842
"2022-08-16 00:00:00",2260901,19802
"2022-08-15 00:00:00",2241099,22622
"2022-08-14 00:00:00",2218477,25244
"2022-08-13 00:00:00",2193233,24760
"2022-08-12 00:00:00",2168473,24285
"2022-08-11 00:00:00",2144188,24160
"2022-08-10 00:00:00",2120028,24104
"2022-08-09 00:00:00",2095924,23392
"2022-08-08 00:00:00",2072533,23392
"2022-08-07 00:00:00",2049141,28402
"2022-08-06 00:00:00",2020739,29028
"2022-08-05 00:00:00",1991711,26914
"2022-08-04 00:00:00",1964797,24637
"2022-08-03 00:00:00",1940160,23384
"2022-08-02 00:00:00",1916776,21257
"2022-08-01 00:00:00",1895519,26164
"2022-07-31 00:00:00",1869355,29685
"2022-07-30 00:00:00",1839670,0
"2022-07-29 00:00:00",1839670,59680
"2022-07-28 00:00:00",1779990,28263
"2022-07-27 00:00:00",1751727,27040
"2022-07-26 00:00:00",1724687,25099
"2022-07-25 00:00:00",1699588,29470
"2022-07-24 00:00:00",1670118,34267
"2022-07-23 00:00:00",1635851,29759
"2022-07-22 00:00:00",1606092,27528
"2022-07-21 00:00:00",1578564,27321
"2022-07-20 00:00:00",1551243,26535
"2022-07-19 00:00:00",1524708,24239
"2022-07-18 00:00:00",1500469,29031
"2022-07-17 00:00:00",1471438,31991
"2022-07-16 00:00:00",1439447,30458
"2022-07-15 00:00:00",1408989,31043
"2022-07-14 00:00:00",1377946,61031
"2022-07-13 00:00:00",1316915,0
"2022-07-12 00:00:00",1316915,26341
"2022-07-11 00:00:00",1290574,30035
"2022-07-10 00:00:00",1260539,35280
"2022-07-09 00:00:00",1225259,34107
"2022-07-08 00:00:00",1191152,32934
"2022-07-07 00:00:00",1158218,32304
"2022-07-06 00:00:00",1125914,30555
"2022-07-05 00:00:00",1095359,30181
"2022-07-04 00:00:00",1065178,36296
"2022-07-03 00:00:00",1028882,43205
"2022-07-02 00:00:00",985677,44739
"2022-07-01 00:00:00",940938,44854
"2022-06-30 00:00:00",896084,45793
"2022-06-29 00:00:00",850291,44281
"2022-06-28 00:00:00",806010,39900
"2022-06-27 00:00:00",766110,47662
"2022-06-26 00:00:00",718448,65315
"2022-06-25 00:00:00",653133,73278
"2022-06-24 00:00:00",579855,75568
"2022-06-23 00:00:00",504287,81403
"2022-06-22 00:00:00",422884,83190
"2022-06-21 00:00:00",339694,75607
"2022-06-20 00:00:00",264087,106597
"2022-06-19 00:00:00",157490,0