﻿"DateTime","Spotify Streams","Change"
"2023-05-14 00:00:00",6500593,11258
"2023-05-13 00:00:00",6489335,11345
"2023-05-12 00:00:00",6477990,11345
"2023-05-11 00:00:00",6466645,11132
"2023-05-10 00:00:00",6455513,11266
"2023-05-09 00:00:00",6444247,0
"2023-05-08 00:00:00",6444247,20997
"2023-05-07 00:00:00",6423250,11800
"2023-05-06 00:00:00",6411450,0
"2023-05-05 00:00:00",6411450,23739
"2023-05-04 00:00:00",6387711,12115
"2023-05-03 00:00:00",6375596,11808
"2023-05-02 00:00:00",6363788,11530
"2023-05-01 00:00:00",6352258,11530
"2023-04-30 00:00:00",6340728,11530
"2023-04-29 00:00:00",6329198,11795
"2023-04-28 00:00:00",6317403,11795
"2023-04-27 00:00:00",6305608,11344
"2023-04-26 00:00:00",6294264,10982
"2023-04-25 00:00:00",6283282,10982
"2023-04-24 00:00:00",6272300,11221
"2023-04-23 00:00:00",6261079,11831
"2023-04-22 00:00:00",6249248,11970
"2023-04-21 00:00:00",6237278,11960
"2023-04-20 00:00:00",6225319,11960
"2023-04-19 00:00:00",6213359,11894
"2023-04-18 00:00:00",6201465,10515
"2023-04-17 00:00:00",6190950,11361
"2023-04-16 00:00:00",6179589,12350
"2023-04-15 00:00:00",6167239,12440
"2023-04-14 00:00:00",6154799,12125
"2023-04-13 00:00:00",6142674,12414
"2023-04-12 00:00:00",6130260,12618
"2023-04-11 00:00:00",6117642,11485
"2023-04-10 00:00:00",6106157,12766
"2023-04-09 00:00:00",6093391,13424
"2023-04-08 00:00:00",6079967,14147
"2023-04-07 00:00:00",6065820,13664
"2023-04-06 00:00:00",6052156,13282
"2023-04-05 00:00:00",6038874,13631
"2023-04-04 00:00:00",6025243,12208
"2023-04-03 00:00:00",6013035,12886
"2023-04-02 00:00:00",6000149,13669
"2023-04-01 00:00:00",5986480,12970
"2023-03-31 00:00:00",5973510,12792
"2023-03-30 00:00:00",5960718,12752
"2023-03-29 00:00:00",5947966,12430
"2023-03-28 00:00:00",5935536,11695
"2023-03-27 00:00:00",5923841,12339
"2023-03-26 00:00:00",5911502,12886
"2023-03-25 00:00:00",5898616,12773
"2023-03-24 00:00:00",5885843,12816
"2023-03-23 00:00:00",5873027,13019
"2023-03-22 00:00:00",5860008,13384
"2023-03-21 00:00:00",5846624,12309
"2023-03-20 00:00:00",5834315,12954
"2023-03-19 00:00:00",5821361,13742
"2023-03-18 00:00:00",5807619,13495
"2023-03-17 00:00:00",5794124,13920
"2023-03-16 00:00:00",5780204,13623
"2023-03-15 00:00:00",5766581,13152
"2023-03-14 00:00:00",5753429,0
"2023-03-13 00:00:00",5753429,12722
"2023-03-12 00:00:00",5740707,27305
"2023-03-11 00:00:00",5713402,13772
"2023-03-10 00:00:00",5699630,13013
"2023-03-09 00:00:00",5686617,12910
"2023-03-08 00:00:00",5673707,13049
"2023-03-07 00:00:00",5660658,12086
"2023-03-06 00:00:00",5648572,12689
"2023-03-05 00:00:00",5635883,13570
"2023-03-04 00:00:00",5622313,14032
"2023-03-03 00:00:00",5608281,13290
"2023-03-02 00:00:00",5594991,13074
"2023-03-01 00:00:00",5581917,13264
"2023-02-28 00:00:00",5568653,11997
"2023-02-27 00:00:00",5556656,13248
"2023-02-26 00:00:00",5543408,13731
"2023-02-25 00:00:00",5529677,13644
"2023-02-24 00:00:00",5516033,13909
"2023-02-23 00:00:00",5502124,14544
"2023-02-22 00:00:00",5487580,13377
"2023-02-21 00:00:00",5474203,12418
"2023-02-20 00:00:00",5461785,12980
"2023-02-19 00:00:00",5448805,14258
"2023-02-18 00:00:00",5434547,14495
"2023-02-17 00:00:00",5420052,14166
"2023-02-16 00:00:00",5405886,14288
"2023-02-15 00:00:00",5391598,13028
"2023-02-14 00:00:00",5378570,12817
"2023-02-13 00:00:00",5365753,13445
"2023-02-12 00:00:00",5352308,14563
"2023-02-11 00:00:00",5337745,14690
"2023-02-10 00:00:00",5323055,14925
"2023-02-09 00:00:00",5308130,15316
"2023-02-08 00:00:00",5292814,15297
"2023-02-07 00:00:00",5277517,13819
"2023-02-06 00:00:00",5263698,14250
"2023-02-05 00:00:00",5249448,15802
"2023-02-04 00:00:00",5233646,15874
"2023-02-03 00:00:00",5217772,0
"2023-02-02 00:00:00",5217772,31784
"2023-02-01 00:00:00",5185988,16092
"2023-01-31 00:00:00",5169896,14368
"2023-01-30 00:00:00",5155528,15377
"2023-01-29 00:00:00",5140151,16641
"2023-01-28 00:00:00",5123510,0
"2023-01-27 00:00:00",5123510,33366
"2023-01-26 00:00:00",5090144,16809
"2023-01-25 00:00:00",5073335,16626
"2023-01-24 00:00:00",5056709,15763
"2023-01-23 00:00:00",5040946,16077
"2023-01-22 00:00:00",5024869,17465
"2023-01-21 00:00:00",5007404,18397
"2023-01-20 00:00:00",4989007,18635
"2023-01-19 00:00:00",4970372,18656
"2023-01-18 00:00:00",4951716,16884
"2023-01-17 00:00:00",4934832,16067
"2023-01-16 00:00:00",4918765,15674
"2023-01-15 00:00:00",4903091,19219
"2023-01-14 00:00:00",4883872,18703
"2023-01-13 00:00:00",4865169,18186
"2023-01-12 00:00:00",4846983,18138
"2023-01-11 00:00:00",4828845,18291
"2023-01-10 00:00:00",4810554,0
"2023-01-09 00:00:00",4810554,32660
"2023-01-08 00:00:00",4777894,17704
"2023-01-07 00:00:00",4760190,18310
"2023-01-06 00:00:00",4741880,18205
"2023-01-05 00:00:00",4723675,0
"2023-01-04 00:00:00",4723675,35904
"2023-01-03 00:00:00",4687771,0
"2023-01-02 00:00:00",4687771,33994
"2023-01-01 00:00:00",4653777,18546
"2022-12-31 00:00:00",4635231,18433
"2022-12-30 00:00:00",4616798,19055
"2022-12-29 00:00:00",4597743,18809
"2022-12-28 00:00:00",4578934,16985
"2022-12-27 00:00:00",4561949,16147
"2022-12-26 00:00:00",4545802,17269
"2022-12-25 00:00:00",4528533,18401
"2022-12-24 00:00:00",4510132,19055
"2022-12-23 00:00:00",4491077,18921
"2022-12-22 00:00:00",4472156,0
"2022-12-21 00:00:00",4472156,37600
"2022-12-20 00:00:00",4434556,16487
"2022-12-19 00:00:00",4418069,18275
"2022-12-18 00:00:00",4399794,19389
"2022-12-17 00:00:00",4380405,19427
"2022-12-16 00:00:00",4360978,18828
"2022-12-15 00:00:00",4342150,19023
"2022-12-14 00:00:00",4323127,19587
"2022-12-13 00:00:00",4303540,17217
"2022-12-12 00:00:00",4286323,17856
"2022-12-11 00:00:00",4268467,19292
"2022-12-10 00:00:00",4249175,20424
"2022-12-09 00:00:00",4228751,20550
"2022-12-08 00:00:00",4208201,20050
"2022-12-07 00:00:00",4188151,20488
"2022-12-06 00:00:00",4167663,19888
"2022-12-05 00:00:00",4147775,19888
"2022-12-04 00:00:00",4127888,19888
"2022-12-03 00:00:00",4108000,19888
"2022-12-02 00:00:00",4088113,19888
"2022-12-01 00:00:00",4068225,19845
"2022-11-30 00:00:00",4048380,19649
"2022-11-29 00:00:00",4028731,17729
"2022-11-28 00:00:00",4011002,18101
"2022-11-27 00:00:00",3992901,18437
"2022-11-26 00:00:00",3974464,20518
"2022-11-25 00:00:00",3953946,22068
"2022-11-24 00:00:00",3931878,21975
"2022-11-23 00:00:00",3909903,21642
"2022-11-22 00:00:00",3888261,20224
"2022-11-21 00:00:00",3868037,21178
"2022-11-20 00:00:00",3846859,22537
"2022-11-19 00:00:00",3824322,22868
"2022-11-18 00:00:00",3801454,22758
"2022-11-17 00:00:00",3778696,23134
"2022-11-16 00:00:00",3755562,22133
"2022-11-15 00:00:00",3733429,19726
"2022-11-14 00:00:00",3713703,21337
"2022-11-13 00:00:00",3692366,23200
"2022-11-12 00:00:00",3669166,23616
"2022-11-11 00:00:00",3645550,23187
"2022-11-10 00:00:00",3622363,22384
"2022-11-09 00:00:00",3599979,22676
"2022-11-08 00:00:00",3577303,20616
"2022-11-07 00:00:00",3556687,20713
"2022-11-06 00:00:00",3535974,22047
"2022-11-05 00:00:00",3513927,23135
"2022-11-04 00:00:00",3490792,22855
"2022-11-03 00:00:00",3467937,21512
"2022-11-02 00:00:00",3446425,21356
"2022-11-01 00:00:00",3425069,19699
"2022-10-31 00:00:00",3405370,20857
"2022-10-30 00:00:00",3384513,22985
"2022-10-29 00:00:00",3361528,23403
"2022-10-28 00:00:00",3338125,23245
"2022-10-27 00:00:00",3314880,23033
"2022-10-26 00:00:00",3291847,23848
"2022-10-25 00:00:00",3267999,21781
"2022-10-24 00:00:00",3246218,22914
"2022-10-23 00:00:00",3223304,25337
"2022-10-22 00:00:00",3197967,24732
"2022-10-21 00:00:00",3173235,24282
"2022-10-20 00:00:00",3148953,25101
"2022-10-19 00:00:00",3123852,24790
"2022-10-18 00:00:00",3099062,22882
"2022-10-17 00:00:00",3076180,24064
"2022-10-16 00:00:00",3052116,26108
"2022-10-15 00:00:00",3026008,28158
"2022-10-14 00:00:00",2997850,26945
"2022-10-13 00:00:00",2970905,27273
"2022-10-12 00:00:00",2943632,27823
"2022-10-11 00:00:00",2915809,25297
"2022-10-10 00:00:00",2890512,27385
"2022-10-09 00:00:00",2863127,29112
"2022-10-08 00:00:00",2834015,30777
"2022-10-07 00:00:00",2803238,31015
"2022-10-06 00:00:00",2772223,30838
"2022-10-05 00:00:00",2741385,30604
"2022-10-04 00:00:00",2710781,26074
"2022-10-03 00:00:00",2684707,28044
"2022-10-02 00:00:00",2656663,29133
"2022-10-01 00:00:00",2627530,29403
"2022-09-30 00:00:00",2598127,28936
"2022-09-29 00:00:00",2569191,29958
"2022-09-28 00:00:00",2539233,30667
"2022-09-27 00:00:00",2508566,28516
"2022-09-26 00:00:00",2480050,30403
"2022-09-25 00:00:00",2449647,33202
"2022-09-24 00:00:00",2416445,34960
"2022-09-23 00:00:00",2381485,63484
"2022-09-22 00:00:00",2318001,0
"2022-09-21 00:00:00",2318001,32839
"2022-09-20 00:00:00",2285162,31026
"2022-09-19 00:00:00",2254136,35518
"2022-09-18 00:00:00",2218618,32534
"2022-09-17 00:00:00",2186084,32064
"2022-09-16 00:00:00",2154020,32579
"2022-09-15 00:00:00",2121441,32491
"2022-09-14 00:00:00",2088950,33318
"2022-09-13 00:00:00",2055632,30387
"2022-09-12 00:00:00",2025245,32547
"2022-09-11 00:00:00",1992698,33850
"2022-09-10 00:00:00",1958848,35218
"2022-09-09 00:00:00",1923630,35685
"2022-09-08 00:00:00",1887945,71582
"2022-09-07 00:00:00",1816363,0
"2022-09-06 00:00:00",1816363,34553
"2022-09-05 00:00:00",1781810,36372
"2022-09-04 00:00:00",1745438,41151
"2022-09-03 00:00:00",1704287,42479
"2022-09-02 00:00:00",1661808,42349
"2022-09-01 00:00:00",1619459,43270
"2022-08-31 00:00:00",1576189,43928
"2022-08-30 00:00:00",1532261,41006
"2022-08-29 00:00:00",1491255,44024
"2022-08-28 00:00:00",1447231,48946
"2022-08-27 00:00:00",1398285,52076
"2022-08-26 00:00:00",1346209,55743
"2022-08-25 00:00:00",1290466,59300
"2022-08-24 00:00:00",1231166,61365
"2022-08-23 00:00:00",1169801,68320
"2022-08-22 00:00:00",1101481,68320
"2022-08-21 00:00:00",1033162,68320
"2022-08-20 00:00:00",964842,85847
"2022-08-19 00:00:00",878995,93636
"2022-08-18 00:00:00",785359,104662
"2022-08-17 00:00:00",680697,122997
"2022-08-16 00:00:00",557700,128826
"2022-08-15 00:00:00",428874,170040
"2022-08-14 00:00:00",258834,0