﻿"DateTime","Spotify Streams","Change"
"2023-05-17 00:00:00",3253886,6618
"2023-05-16 00:00:00",3247268,6618
"2023-05-15 00:00:00",3240650,6548
"2023-05-14 00:00:00",3234102,0
"2023-05-13 00:00:00",3234102,15341
"2023-05-12 00:00:00",3218761,7684
"2023-05-11 00:00:00",3211077,7591
"2023-05-10 00:00:00",3203486,7539
"2023-05-09 00:00:00",3195947,6371
"2023-05-08 00:00:00",3189576,6830
"2023-05-07 00:00:00",3182746,7803
"2023-05-06 00:00:00",3174943,7803
"2023-05-05 00:00:00",3167140,8028
"2023-05-04 00:00:00",3159112,8026
"2023-05-03 00:00:00",3151086,0
"2023-05-02 00:00:00",3151086,7813
"2023-05-01 00:00:00",3143273,13672
"2023-04-30 00:00:00",3129601,8410
"2023-04-29 00:00:00",3121191,8224
"2023-04-28 00:00:00",3112968,8224
"2023-04-27 00:00:00",3104744,4072
"2023-04-26 00:00:00",3100672,4072
"2023-04-25 00:00:00",3096600,7989
"2023-04-24 00:00:00",3088611,13686
"2023-04-23 00:00:00",3074925,8087
"2023-04-22 00:00:00",3066838,8237
"2023-04-21 00:00:00",3058602,8237
"2023-04-20 00:00:00",3050365,8045
"2023-04-19 00:00:00",3042320,7295
"2023-04-18 00:00:00",3035026,7295
"2023-04-17 00:00:00",3027731,7116
"2023-04-16 00:00:00",3020615,8256
"2023-04-15 00:00:00",3012359,8554
"2023-04-14 00:00:00",3003805,8428
"2023-04-13 00:00:00",2995377,8428
"2023-04-12 00:00:00",2986949,7845
"2023-04-11 00:00:00",2979104,6812
"2023-04-10 00:00:00",2972292,7649
"2023-04-09 00:00:00",2964643,0
"2023-04-08 00:00:00",2964643,17011
"2023-04-07 00:00:00",2947632,8876
"2023-04-06 00:00:00",2938756,9227
"2023-04-05 00:00:00",2929529,0
"2023-04-04 00:00:00",2929529,16951
"2023-04-03 00:00:00",2912578,8170
"2023-04-02 00:00:00",2904408,9759
"2023-04-01 00:00:00",2894649,10091
"2023-03-31 00:00:00",2884558,10650
"2023-03-30 00:00:00",2873908,10354
"2023-03-29 00:00:00",2863554,10624
"2023-03-28 00:00:00",2852930,8882
"2023-03-27 00:00:00",2844048,9415
"2023-03-26 00:00:00",2834633,11349
"2023-03-25 00:00:00",2823284,11387
"2023-03-24 00:00:00",2811897,11992
"2023-03-23 00:00:00",2799905,11654
"2023-03-22 00:00:00",2788251,11020
"2023-03-21 00:00:00",2777231,8748
"2023-03-20 00:00:00",2768483,9185
"2023-03-19 00:00:00",2759298,10416
"2023-03-18 00:00:00",2748882,10457
"2023-03-17 00:00:00",2738425,10392
"2023-03-16 00:00:00",2728033,10140
"2023-03-15 00:00:00",2717893,10661
"2023-03-14 00:00:00",2707232,9090
"2023-03-13 00:00:00",2698142,9670
"2023-03-12 00:00:00",2688472,0
"2023-03-11 00:00:00",2688472,23187
"2023-03-10 00:00:00",2665285,11589
"2023-03-09 00:00:00",2653696,11471
"2023-03-08 00:00:00",2642225,11404
"2023-03-07 00:00:00",2630821,9346
"2023-03-06 00:00:00",2621475,0
"2023-03-05 00:00:00",2621475,22336
"2023-03-04 00:00:00",2599139,12688
"2023-03-03 00:00:00",2586451,12976
"2023-03-02 00:00:00",2573475,12185
"2023-03-01 00:00:00",2561290,12329
"2023-02-28 00:00:00",2548961,9739
"2023-02-27 00:00:00",2539222,10516
"2023-02-26 00:00:00",2528706,12309
"2023-02-25 00:00:00",2516397,12205
"2023-02-24 00:00:00",2504192,12723
"2023-02-23 00:00:00",2491469,13356
"2023-02-22 00:00:00",2478113,11711
"2023-02-21 00:00:00",2466402,10772
"2023-02-20 00:00:00",2455630,11537
"2023-02-19 00:00:00",2444093,0
"2023-02-18 00:00:00",2444093,27594
"2023-02-17 00:00:00",2416499,13692
"2023-02-16 00:00:00",2402807,14208
"2023-02-15 00:00:00",2388599,13313
"2023-02-14 00:00:00",2375286,11868
"2023-02-13 00:00:00",2363418,12406
"2023-02-12 00:00:00",2351012,15053
"2023-02-11 00:00:00",2335959,15715
"2023-02-10 00:00:00",2320244,15604
"2023-02-09 00:00:00",2304640,15568
"2023-02-08 00:00:00",2289072,15439
"2023-02-07 00:00:00",2273633,12775
"2023-02-06 00:00:00",2260858,13403
"2023-02-05 00:00:00",2247455,15900
"2023-02-04 00:00:00",2231555,16007
"2023-02-03 00:00:00",2215548,16537
"2023-02-02 00:00:00",2199011,17054
"2023-02-01 00:00:00",2181957,16795
"2023-01-31 00:00:00",2165162,13888
"2023-01-30 00:00:00",2151274,15174
"2023-01-29 00:00:00",2136100,17795
"2023-01-28 00:00:00",2118305,17847
"2023-01-27 00:00:00",2100458,18700
"2023-01-26 00:00:00",2081758,19086
"2023-01-25 00:00:00",2062672,19038
"2023-01-24 00:00:00",2043634,15874
"2023-01-23 00:00:00",2027760,17403
"2023-01-22 00:00:00",2010357,20849
"2023-01-21 00:00:00",1989508,20992
"2023-01-20 00:00:00",1968516,21834
"2023-01-19 00:00:00",1946682,21984
"2023-01-18 00:00:00",1924698,20267
"2023-01-17 00:00:00",1904431,17813
"2023-01-16 00:00:00",1886618,18903
"2023-01-15 00:00:00",1867715,23425
"2023-01-14 00:00:00",1844290,24534
"2023-01-13 00:00:00",1819756,25013
"2023-01-12 00:00:00",1794743,25368
"2023-01-11 00:00:00",1769375,25992
"2023-01-10 00:00:00",1743383,21540
"2023-01-09 00:00:00",1721843,23828
"2023-01-08 00:00:00",1698015,28344
"2023-01-07 00:00:00",1669671,28794
"2023-01-06 00:00:00",1640877,29986
"2023-01-05 00:00:00",1610891,30330
"2023-01-04 00:00:00",1580561,26835
"2023-01-03 00:00:00",1553726,23967
"2023-01-02 00:00:00",1529759,29832
"2023-01-01 00:00:00",1499927,33244
"2022-12-31 00:00:00",1466683,33513
"2022-12-30 00:00:00",1433170,34353
"2022-12-29 00:00:00",1398817,34304
"2022-12-28 00:00:00",1364513,30738
"2022-12-27 00:00:00",1333775,27229
"2022-12-26 00:00:00",1306546,34237
"2022-12-25 00:00:00",1272309,41105
"2022-12-24 00:00:00",1231204,44067
"2022-12-23 00:00:00",1187137,46046
"2022-12-22 00:00:00",1141091,47775
"2022-12-21 00:00:00",1093316,49690
"2022-12-20 00:00:00",1043626,43828
"2022-12-19 00:00:00",999798,54001
"2022-12-18 00:00:00",945797,67131
"2022-12-17 00:00:00",878666,76726
"2022-12-16 00:00:00",801940,82159
"2022-12-15 00:00:00",719781,94053
"2022-12-14 00:00:00",625728,112212
"2022-12-13 00:00:00",513516,102878
"2022-12-12 00:00:00",410638,143310
"2022-12-11 00:00:00",267328,264377
"2022-12-10 00:00:00",2951,0