﻿"DateTime","Spotify Streams","Change"
"2023-05-01 00:00:00",49344891,141669
"2023-04-30 00:00:00",49203222,78754
"2023-04-29 00:00:00",49124468,78754
"2023-04-28 00:00:00",49045714,76602
"2023-04-27 00:00:00",48969112,0
"2023-04-26 00:00:00",48969112,76255
"2023-04-25 00:00:00",48892857,101623
"2023-04-24 00:00:00",48791234,101623
"2023-04-23 00:00:00",48689611,0
"2023-04-22 00:00:00",48689611,160415
"2023-04-21 00:00:00",48529196,82849
"2023-04-20 00:00:00",48446348,82849
"2023-04-19 00:00:00",48363499,78820
"2023-04-18 00:00:00",48284679,66274
"2023-04-17 00:00:00",48218405,0
"2023-04-16 00:00:00",48218405,151922
"2023-04-15 00:00:00",48066483,69120
"2023-04-14 00:00:00",47997363,65179
"2023-04-13 00:00:00",47932184,0
"2023-04-12 00:00:00",47932184,121832
"2023-04-11 00:00:00",47810352,48191
"2023-04-10 00:00:00",47762161,55672
"2023-04-09 00:00:00",47706489,60226
"2023-04-08 00:00:00",47646263,65861
"2023-04-07 00:00:00",47580402,64755
"2023-04-06 00:00:00",47515647,65714
"2023-04-05 00:00:00",47449933,62678
"2023-04-04 00:00:00",47387255,53497
"2023-04-03 00:00:00",47333758,57593
"2023-04-02 00:00:00",47276165,65694
"2023-04-01 00:00:00",47210471,66665
"2023-03-31 00:00:00",47143806,65024
"2023-03-30 00:00:00",47078782,63995
"2023-03-29 00:00:00",47014787,62483
"2023-03-28 00:00:00",46952304,53673
"2023-03-27 00:00:00",46898631,59301
"2023-03-26 00:00:00",46839330,65896
"2023-03-25 00:00:00",46773434,66834
"2023-03-24 00:00:00",46706600,69051
"2023-03-23 00:00:00",46637549,68557
"2023-03-22 00:00:00",46568992,65462
"2023-03-21 00:00:00",46503530,54621
"2023-03-20 00:00:00",46448909,60622
"2023-03-19 00:00:00",46388287,68590
"2023-03-18 00:00:00",46319697,69664
"2023-03-17 00:00:00",46250033,0
"2023-03-16 00:00:00",46250033,142155
"2023-03-15 00:00:00",46107878,0
"2023-03-14 00:00:00",46107878,129518
"2023-03-13 00:00:00",45978360,67378
"2023-03-12 00:00:00",45910982,75541
"2023-03-11 00:00:00",45835441,0
"2023-03-10 00:00:00",45835441,152793
"2023-03-09 00:00:00",45682648,77605
"2023-03-08 00:00:00",45605043,75897
"2023-03-07 00:00:00",45529146,0
"2023-03-06 00:00:00",45529146,137063
"2023-03-05 00:00:00",45392083,85132
"2023-03-04 00:00:00",45306951,84479
"2023-03-03 00:00:00",45222472,82696
"2023-03-02 00:00:00",45139776,0
"2023-03-01 00:00:00",45139776,144896
"2023-02-28 00:00:00",44994880,58752
"2023-02-27 00:00:00",44936128,64241
"2023-02-26 00:00:00",44871887,71672
"2023-02-25 00:00:00",44800215,70765
"2023-02-24 00:00:00",44729450,71787
"2023-02-23 00:00:00",44657663,71092
"2023-02-22 00:00:00",44586571,69182
"2023-02-21 00:00:00",44517389,59954
"2023-02-20 00:00:00",44457435,66892
"2023-02-19 00:00:00",44390543,75468
"2023-02-18 00:00:00",44315075,74182
"2023-02-17 00:00:00",44240893,0
"2023-02-16 00:00:00",44240893,148095
"2023-02-15 00:00:00",44092798,70933
"2023-02-14 00:00:00",44021865,63565
"2023-02-13 00:00:00",43958300,70889
"2023-02-12 00:00:00",43887411,81841
"2023-02-11 00:00:00",43805570,84112
"2023-02-10 00:00:00",43721458,84417
"2023-02-09 00:00:00",43637041,84627
"2023-02-08 00:00:00",43552414,76466
"2023-02-07 00:00:00",43475948,62417
"2023-02-06 00:00:00",43413531,67616
"2023-02-05 00:00:00",43345915,73285
"2023-02-04 00:00:00",43272630,71485
"2023-02-03 00:00:00",43201145,69028
"2023-02-02 00:00:00",43132117,68597
"2023-02-01 00:00:00",43063520,65839
"2023-01-31 00:00:00",42997681,56591
"2023-01-30 00:00:00",42941090,63540
"2023-01-29 00:00:00",42877550,0
"2023-01-28 00:00:00",42877550,72369
"2023-01-27 00:00:00",42805181,140805
"2023-01-26 00:00:00",42664376,69307
"2023-01-25 00:00:00",42595069,65331
"2023-01-24 00:00:00",42529738,56082
"2023-01-23 00:00:00",42473656,62579
"2023-01-22 00:00:00",42411077,70590
"2023-01-21 00:00:00",42340487,70278
"2023-01-20 00:00:00",42270209,71693
"2023-01-19 00:00:00",42198516,71020
"2023-01-18 00:00:00",42127496,65764
"2023-01-17 00:00:00",42061732,57282
"2023-01-16 00:00:00",42004450,63010
"2023-01-15 00:00:00",41941440,73079
"2023-01-14 00:00:00",41868361,73196
"2023-01-13 00:00:00",41795165,75220
"2023-01-12 00:00:00",41719945,73238
"2023-01-11 00:00:00",41646707,69743
"2023-01-10 00:00:00",41576964,59296
"2023-01-09 00:00:00",41517668,66327
"2023-01-08 00:00:00",41451341,70359
"2023-01-07 00:00:00",41380982,70604
"2023-01-06 00:00:00",41310378,69824
"2023-01-05 00:00:00",41240554,68950
"2023-01-04 00:00:00",41171604,0
"2023-01-03 00:00:00",41171604,117366
"2023-01-02 00:00:00",41054238,67094
"2023-01-01 00:00:00",40987144,71652
"2022-12-31 00:00:00",40915492,71175
"2022-12-30 00:00:00",40844317,72183
"2022-12-29 00:00:00",40772134,69400
"2022-12-28 00:00:00",40702734,59673
"2022-12-27 00:00:00",40643061,46216
"2022-12-26 00:00:00",40596845,60485
"2022-12-25 00:00:00",40536360,71023
"2022-12-24 00:00:00",40465337,75852
"2022-12-23 00:00:00",40389485,75679
"2022-12-22 00:00:00",40313806,74818
"2022-12-21 00:00:00",40238988,71884
"2022-12-20 00:00:00",40167104,59844
"2022-12-19 00:00:00",40107260,71621
"2022-12-18 00:00:00",40035639,78210
"2022-12-17 00:00:00",39957429,79364
"2022-12-16 00:00:00",39878065,77490
"2022-12-15 00:00:00",39800575,77433
"2022-12-14 00:00:00",39723142,75382
"2022-12-13 00:00:00",39647760,66016
"2022-12-12 00:00:00",39581744,72758
"2022-12-11 00:00:00",39508986,80248
"2022-12-10 00:00:00",39428738,85658
"2022-12-09 00:00:00",39343080,86502
"2022-12-08 00:00:00",39256578,84682
"2022-12-07 00:00:00",39171896,80911
"2022-12-06 00:00:00",39090985,88365
"2022-12-05 00:00:00",39002620,88365
"2022-12-04 00:00:00",38914255,88365
"2022-12-03 00:00:00",38825889,88365
"2022-12-02 00:00:00",38737524,88365
"2022-12-01 00:00:00",38649159,76638
"2022-11-30 00:00:00",38572521,74117
"2022-11-29 00:00:00",38498404,64723
"2022-11-28 00:00:00",38433681,68384
"2022-11-27 00:00:00",38365297,70381
"2022-11-26 00:00:00",38294916,71175
"2022-11-25 00:00:00",38223741,81417
"2022-11-24 00:00:00",38142324,78955
"2022-11-23 00:00:00",38063369,75071
"2022-11-22 00:00:00",37988298,65428
"2022-11-21 00:00:00",37922870,76021
"2022-11-20 00:00:00",37846849,84684
"2022-11-19 00:00:00",37762165,88275
"2022-11-18 00:00:00",37673890,88351
"2022-11-17 00:00:00",37585539,86514
"2022-11-16 00:00:00",37499025,83299
"2022-11-15 00:00:00",37415726,70100
"2022-11-14 00:00:00",37345626,80062
"2022-11-13 00:00:00",37265564,88768
"2022-11-12 00:00:00",37176796,89146
"2022-11-11 00:00:00",37087650,87774
"2022-11-10 00:00:00",36999876,87005
"2022-11-09 00:00:00",36912871,84103
"2022-11-08 00:00:00",36828768,71959
"2022-11-07 00:00:00",36756809,79862
"2022-11-06 00:00:00",36676947,89301
"2022-11-05 00:00:00",36587646,93395
"2022-11-04 00:00:00",36494251,91035
"2022-11-03 00:00:00",36403216,88283
"2022-11-02 00:00:00",36314933,87045
"2022-11-01 00:00:00",36227888,75966
"2022-10-31 00:00:00",36151922,87033
"2022-10-30 00:00:00",36064889,100348
"2022-10-29 00:00:00",35964541,100231
"2022-10-28 00:00:00",35864310,98748
"2022-10-27 00:00:00",35765562,99268
"2022-10-26 00:00:00",35666294,96366
"2022-10-25 00:00:00",35569928,0
"2022-10-24 00:00:00",35569928,176720
"2022-10-23 00:00:00",35393208,106420
"2022-10-22 00:00:00",35286788,101612
"2022-10-21 00:00:00",35185176,98172
"2022-10-20 00:00:00",35087004,100331
"2022-10-19 00:00:00",34986673,95078
"2022-10-18 00:00:00",34891595,82264
"2022-10-17 00:00:00",34809331,94766
"2022-10-16 00:00:00",34714565,105520
"2022-10-15 00:00:00",34609045,107512
"2022-10-14 00:00:00",34501533,106148
"2022-10-13 00:00:00",34395385,107353
"2022-10-12 00:00:00",34288032,103170
"2022-10-11 00:00:00",34184862,89421
"2022-10-10 00:00:00",34095441,100331
"2022-10-09 00:00:00",33995110,114373
"2022-10-08 00:00:00",33880737,115002
"2022-10-07 00:00:00",33765735,113557
"2022-10-06 00:00:00",33652178,115610
"2022-10-05 00:00:00",33536568,108896
"2022-10-04 00:00:00",33427672,92171
"2022-10-03 00:00:00",33335501,104759
"2022-10-02 00:00:00",33230742,118054
"2022-10-01 00:00:00",33112688,115980
"2022-09-30 00:00:00",32996708,114846
"2022-09-29 00:00:00",32881862,114308
"2022-09-28 00:00:00",32767554,109149
"2022-09-27 00:00:00",32658405,92619
"2022-09-26 00:00:00",32565786,108419
"2022-09-25 00:00:00",32457367,123836
"2022-09-24 00:00:00",32333531,122902
"2022-09-23 00:00:00",32210629,125965
"2022-09-22 00:00:00",32084664,125299
"2022-09-21 00:00:00",31959365,120477
"2022-09-20 00:00:00",31838888,103285
"2022-09-19 00:00:00",31735603,115801
"2022-09-18 00:00:00",31619802,130934
"2022-09-17 00:00:00",31488868,134239
"2022-09-16 00:00:00",31354629,132300
"2022-09-15 00:00:00",31222329,131087
"2022-09-14 00:00:00",31091242,131369
"2022-09-13 00:00:00",30959873,106207
"2022-09-12 00:00:00",30853666,119868
"2022-09-11 00:00:00",30733798,134946
"2022-09-10 00:00:00",30598852,138245
"2022-09-09 00:00:00",30460607,132720
"2022-09-08 00:00:00",30327887,270807
"2022-09-07 00:00:00",30057080,0
"2022-09-06 00:00:00",30057080,111904
"2022-09-05 00:00:00",29945176,115881
"2022-09-04 00:00:00",29829295,129899
"2022-09-03 00:00:00",29699396,128738
"2022-09-02 00:00:00",29570658,128237
"2022-09-01 00:00:00",29442421,126698
"2022-08-31 00:00:00",29315723,122517
"2022-08-30 00:00:00",29193206,107884
"2022-08-29 00:00:00",29085322,119379
"2022-08-28 00:00:00",28965943,133230
"2022-08-27 00:00:00",28832713,134278
"2022-08-26 00:00:00",28698435,134118
"2022-08-25 00:00:00",28564317,132659
"2022-08-24 00:00:00",28431658,129901
"2022-08-23 00:00:00",28301757,0
"2022-08-22 00:00:00",28301757,172678
"2022-08-21 00:00:00",28129079,172678
"2022-08-20 00:00:00",27956401,172678
"2022-08-19 00:00:00",27783723,140463
"2022-08-18 00:00:00",27643260,140169
"2022-08-17 00:00:00",27503091,136438
"2022-08-16 00:00:00",27366653,123849
"2022-08-15 00:00:00",27242804,136086
"2022-08-14 00:00:00",27106718,150725
"2022-08-13 00:00:00",26955993,150215
"2022-08-12 00:00:00",26805778,152943
"2022-08-11 00:00:00",26652835,149812
"2022-08-10 00:00:00",26503023,149158
"2022-08-09 00:00:00",26353865,132023
"2022-08-08 00:00:00",26221842,147622
"2022-08-07 00:00:00",26074220,159642
"2022-08-06 00:00:00",25914578,162155
"2022-08-05 00:00:00",25752423,164161
"2022-08-04 00:00:00",25588262,167689
"2022-08-03 00:00:00",25420573,165440
"2022-08-02 00:00:00",25255133,148691
"2022-08-01 00:00:00",25106442,166495
"2022-07-31 00:00:00",24939947,187847
"2022-07-30 00:00:00",24752100,207036
"2022-07-29 00:00:00",24545064,207263
"2022-07-28 00:00:00",24337801,203419
"2022-07-27 00:00:00",24134382,194633
"2022-07-26 00:00:00",23939749,170944
"2022-07-25 00:00:00",23768805,189543
"2022-07-24 00:00:00",23579262,208259
"2022-07-23 00:00:00",23371003,209076
"2022-07-22 00:00:00",23161927,209226
"2022-07-21 00:00:00",22952701,209008
"2022-07-20 00:00:00",22743693,206320
"2022-07-19 00:00:00",22537373,185890
"2022-07-18 00:00:00",22351483,210446
"2022-07-17 00:00:00",22141037,234070
"2022-07-16 00:00:00",21906967,235168
"2022-07-15 00:00:00",21671799,236950
"2022-07-14 00:00:00",21434849,240027
"2022-07-13 00:00:00",21194822,241127
"2022-07-12 00:00:00",20953695,216240
"2022-07-11 00:00:00",20737455,240486
"2022-07-10 00:00:00",20496969,267232
"2022-07-09 00:00:00",20229737,275892
"2022-07-08 00:00:00",19953845,276143
"2022-07-07 00:00:00",19677702,277162
"2022-07-06 00:00:00",19400540,262580
"2022-07-05 00:00:00",19137960,243821
"2022-07-04 00:00:00",18894139,280073
"2022-07-03 00:00:00",18614066,319536
"2022-07-02 00:00:00",18294530,329262
"2022-07-01 00:00:00",17965268,335581
"2022-06-30 00:00:00",17629687,347078
"2022-06-29 00:00:00",17282609,342859
"2022-06-28 00:00:00",16939750,298566
"2022-06-27 00:00:00",16641184,336685
"2022-06-26 00:00:00",16304499,380430
"2022-06-25 00:00:00",15924069,399726
"2022-06-24 00:00:00",15524343,409141
"2022-06-23 00:00:00",15115202,427600
"2022-06-22 00:00:00",14687602,443160
"2022-06-21 00:00:00",14244442,396704
"2022-06-20 00:00:00",13847738,458697
"2022-06-19 00:00:00",13389041,532852
"2022-06-18 00:00:00",12856189,521962
"2022-06-17 00:00:00",12334227,547821
"2022-06-16 00:00:00",11786406,574099
"2022-06-15 00:00:00",11212307,597516
"2022-06-14 00:00:00",10614791,532856
"2022-06-13 00:00:00",10081935,640794
"2022-06-12 00:00:00",9441141,792313
"2022-06-11 00:00:00",8648828,844052
"2022-06-10 00:00:00",7804776,1106333
"2022-06-09 00:00:00",6698443,959803
"2022-06-08 00:00:00",5738640,1185602
"2022-06-07 00:00:00",4553038,1099196
"2022-06-06 00:00:00",3453842,1497540
"2022-06-05 00:00:00",1956302,1914579
"2022-06-04 00:00:00",41723,0