﻿"DateTime","Spotify Streams","Change"
"2023-05-15 00:00:00",769930,1116
"2023-05-14 00:00:00",768814,1300
"2023-05-13 00:00:00",767514,1300
"2023-05-12 00:00:00",766214,1344
"2023-05-11 00:00:00",764870,1346
"2023-05-10 00:00:00",763524,1269
"2023-05-09 00:00:00",762255,1051
"2023-05-08 00:00:00",761204,1353
"2023-05-07 00:00:00",759851,690
"2023-05-06 00:00:00",759161,690
"2023-05-05 00:00:00",758471,1483
"2023-05-04 00:00:00",756988,3125
"2023-05-03 00:00:00",753863,1544
"2023-05-02 00:00:00",752319,1189
"2023-05-01 00:00:00",751130,1385
"2023-04-30 00:00:00",749745,1673
"2023-04-29 00:00:00",748072,1965
"2023-04-28 00:00:00",746107,0
"2023-04-27 00:00:00",746107,4003
"2023-04-26 00:00:00",742104,1787
"2023-04-25 00:00:00",740317,1787
"2023-04-24 00:00:00",738530,1697
"2023-04-23 00:00:00",736833,1763
"2023-04-22 00:00:00",735070,1702
"2023-04-21 00:00:00",733368,1700
"2023-04-20 00:00:00",731668,1700
"2023-04-19 00:00:00",729968,1588
"2023-04-18 00:00:00",728380,0
"2023-04-17 00:00:00",728380,3105
"2023-04-16 00:00:00",725275,1831
"2023-04-15 00:00:00",723444,1560
"2023-04-14 00:00:00",721884,1583
"2023-04-13 00:00:00",720301,1555
"2023-04-12 00:00:00",718746,1449
"2023-04-11 00:00:00",717297,1192
"2023-04-10 00:00:00",716105,1343
"2023-04-09 00:00:00",714762,1462
"2023-04-08 00:00:00",713300,1570
"2023-04-07 00:00:00",711730,0
"2023-04-06 00:00:00",711730,3113
"2023-04-05 00:00:00",708617,1572
"2023-04-04 00:00:00",707045,1253
"2023-04-03 00:00:00",705792,1338
"2023-04-02 00:00:00",704454,1613
"2023-04-01 00:00:00",702841,1684
"2023-03-31 00:00:00",701157,1607
"2023-03-30 00:00:00",699550,1597
"2023-03-29 00:00:00",697953,1548
"2023-03-28 00:00:00",696405,1272
"2023-03-27 00:00:00",695133,1453
"2023-03-26 00:00:00",693680,0
"2023-03-25 00:00:00",693680,3339
"2023-03-24 00:00:00",690341,1811
"2023-03-23 00:00:00",688530,0
"2023-03-22 00:00:00",688530,3229
"2023-03-21 00:00:00",685301,1334
"2023-03-20 00:00:00",683967,1570
"2023-03-19 00:00:00",682397,1775
"2023-03-18 00:00:00",680622,1782
"2023-03-17 00:00:00",678840,1682
"2023-03-16 00:00:00",677158,1747
"2023-03-15 00:00:00",675411,1636
"2023-03-14 00:00:00",673775,1450
"2023-03-13 00:00:00",672325,1639
"2023-03-12 00:00:00",670686,1820
"2023-03-11 00:00:00",668866,0
"2023-03-10 00:00:00",668866,3627
"2023-03-09 00:00:00",665239,1673
"2023-03-08 00:00:00",663566,1654
"2023-03-07 00:00:00",661912,1443
"2023-03-06 00:00:00",660469,1627
"2023-03-05 00:00:00",658842,1740
"2023-03-04 00:00:00",657102,1823
"2023-03-03 00:00:00",655279,1832
"2023-03-02 00:00:00",653447,1845
"2023-03-01 00:00:00",651602,1794
"2023-02-28 00:00:00",649808,1497
"2023-02-27 00:00:00",648311,1620
"2023-02-26 00:00:00",646691,1777
"2023-02-25 00:00:00",644914,1929
"2023-02-24 00:00:00",642985,1909
"2023-02-23 00:00:00",641076,1942
"2023-02-22 00:00:00",639134,1755
"2023-02-21 00:00:00",637379,1582
"2023-02-20 00:00:00",635797,0
"2023-02-19 00:00:00",635797,1745
"2023-02-18 00:00:00",634052,1987
"2023-02-17 00:00:00",632065,3889
"2023-02-16 00:00:00",628176,2020
"2023-02-15 00:00:00",626156,1791
"2023-02-14 00:00:00",624365,0
"2023-02-13 00:00:00",624365,3429
"2023-02-12 00:00:00",620936,0
"2023-02-11 00:00:00",620936,4173
"2023-02-10 00:00:00",616763,2106
"2023-02-09 00:00:00",614657,2084
"2023-02-08 00:00:00",612573,0
"2023-02-07 00:00:00",612573,3849
"2023-02-06 00:00:00",608724,1880
"2023-02-05 00:00:00",606844,2085
"2023-02-04 00:00:00",604759,2164
"2023-02-03 00:00:00",602595,2214
"2023-02-02 00:00:00",600381,2037
"2023-02-01 00:00:00",598344,2037
"2023-01-31 00:00:00",596307,0
"2023-01-30 00:00:00",596307,3561
"2023-01-29 00:00:00",592746,2189
"2023-01-28 00:00:00",590557,2134
"2023-01-27 00:00:00",588423,2268
"2023-01-26 00:00:00",586155,0
"2023-01-25 00:00:00",586155,4524
"2023-01-24 00:00:00",581631,1784
"2023-01-23 00:00:00",579847,0
"2023-01-22 00:00:00",579847,4508
"2023-01-21 00:00:00",575339,2494
"2023-01-20 00:00:00",572845,2509
"2023-01-19 00:00:00",570336,2487
"2023-01-18 00:00:00",567849,2338
"2023-01-17 00:00:00",565511,2122
"2023-01-16 00:00:00",563389,2213
"2023-01-15 00:00:00",561176,2537
"2023-01-14 00:00:00",558639,2471
"2023-01-13 00:00:00",556168,2508
"2023-01-12 00:00:00",553660,2822
"2023-01-11 00:00:00",550838,2470
"2023-01-10 00:00:00",548368,2024
"2023-01-09 00:00:00",546344,2412
"2023-01-08 00:00:00",543932,2593
"2023-01-07 00:00:00",541339,2515
"2023-01-06 00:00:00",538824,2497
"2023-01-05 00:00:00",536327,2620
"2023-01-04 00:00:00",533707,2228
"2023-01-03 00:00:00",531479,0
"2023-01-02 00:00:00",531479,4527
"2023-01-01 00:00:00",526952,2642
"2022-12-31 00:00:00",524310,2540
"2022-12-30 00:00:00",521770,2492
"2022-12-29 00:00:00",519278,2512
"2022-12-28 00:00:00",516766,2157
"2022-12-27 00:00:00",514609,1982
"2022-12-26 00:00:00",512627,2462
"2022-12-25 00:00:00",510165,2657
"2022-12-24 00:00:00",507508,3001
"2022-12-23 00:00:00",504507,3003
"2022-12-22 00:00:00",501504,2941
"2022-12-21 00:00:00",498563,2681
"2022-12-20 00:00:00",495882,2397
"2022-12-19 00:00:00",493485,2772
"2022-12-18 00:00:00",490713,3159
"2022-12-17 00:00:00",487554,3641
"2022-12-16 00:00:00",483913,3832
"2022-12-15 00:00:00",480081,3985
"2022-12-14 00:00:00",476096,3957
"2022-12-13 00:00:00",472139,3076
"2022-12-12 00:00:00",469063,3396
"2022-12-11 00:00:00",465667,3817
"2022-12-10 00:00:00",461850,4064
"2022-12-09 00:00:00",457786,3949
"2022-12-08 00:00:00",453837,3738
"2022-12-07 00:00:00",450099,3464
"2022-12-06 00:00:00",446635,3677
"2022-12-05 00:00:00",442958,3677
"2022-12-04 00:00:00",439282,3677
"2022-12-03 00:00:00",435605,3677
"2022-12-02 00:00:00",431928,3677
"2022-12-01 00:00:00",428252,3677
"2022-11-30 00:00:00",424575,3907
"2022-11-29 00:00:00",420668,3226
"2022-11-28 00:00:00",417442,3460
"2022-11-27 00:00:00",413982,3728
"2022-11-26 00:00:00",410254,3943
"2022-11-25 00:00:00",406311,4742
"2022-11-24 00:00:00",401569,4957
"2022-11-23 00:00:00",396612,4592
"2022-11-22 00:00:00",392020,3838
"2022-11-21 00:00:00",388182,4605
"2022-11-20 00:00:00",383577,5089
"2022-11-19 00:00:00",378488,5491
"2022-11-18 00:00:00",372997,4876
"2022-11-17 00:00:00",368121,4938
"2022-11-16 00:00:00",363183,4712
"2022-11-15 00:00:00",358471,4102
"2022-11-14 00:00:00",354369,5390
"2022-11-13 00:00:00",348979,5944
"2022-11-12 00:00:00",343035,6026
"2022-11-11 00:00:00",337009,6528
"2022-11-10 00:00:00",330481,6503
"2022-11-09 00:00:00",323978,6526
"2022-11-08 00:00:00",317452,5720
"2022-11-07 00:00:00",311732,6701
"2022-11-06 00:00:00",305031,7867
"2022-11-05 00:00:00",297164,7962
"2022-11-04 00:00:00",289202,7900
"2022-11-03 00:00:00",281302,7815
"2022-11-02 00:00:00",273487,8313
"2022-11-01 00:00:00",265174,6833
"2022-10-31 00:00:00",258341,8149
"2022-10-30 00:00:00",250192,10404
"2022-10-29 00:00:00",239788,10335
"2022-10-28 00:00:00",229453,10503
"2022-10-27 00:00:00",218950,10720
"2022-10-26 00:00:00",208230,11171
"2022-10-25 00:00:00",197059,0
"2022-10-24 00:00:00",197059,20795
"2022-10-23 00:00:00",176264,14307
"2022-10-22 00:00:00",161957,15364
"2022-10-21 00:00:00",146593,16907
"2022-10-20 00:00:00",129686,19883
"2022-10-19 00:00:00",109803,26816
"2022-10-18 00:00:00",82987,26662
"2022-10-17 00:00:00",56325,19932
"2022-10-16 00:00:00",36393,0