﻿"DateTime","Spotify Streams","Change"
"2023-05-01 00:00:00",2454713,2998
"2023-04-30 00:00:00",2451715,0
"2023-04-29 00:00:00",2451715,6515
"2023-04-28 00:00:00",2445200,3357
"2023-04-27 00:00:00",2441843,3093
"2023-04-26 00:00:00",2438750,3106
"2023-04-25 00:00:00",2435644,2711
"2023-04-24 00:00:00",2432933,3356
"2023-04-23 00:00:00",2429577,3356
"2023-04-22 00:00:00",2426221,3533
"2023-04-21 00:00:00",2422688,3457
"2023-04-20 00:00:00",2419231,3299
"2023-04-19 00:00:00",2415932,3436
"2023-04-18 00:00:00",2412496,2773
"2023-04-17 00:00:00",2409723,3367
"2023-04-16 00:00:00",2406356,3690
"2023-04-15 00:00:00",2402666,3544
"2023-04-14 00:00:00",2399122,3491
"2023-04-13 00:00:00",2395631,3475
"2023-04-12 00:00:00",2392156,3198
"2023-04-11 00:00:00",2388958,2677
"2023-04-10 00:00:00",2386281,3036
"2023-04-09 00:00:00",2383245,3442
"2023-04-08 00:00:00",2379803,3662
"2023-04-07 00:00:00",2376141,0
"2023-04-06 00:00:00",2376141,6936
"2023-04-05 00:00:00",2369205,3355
"2023-04-04 00:00:00",2365850,2958
"2023-04-03 00:00:00",2362892,3147
"2023-04-02 00:00:00",2359745,3736
"2023-04-01 00:00:00",2356009,3748
"2023-03-31 00:00:00",2352261,0
"2023-03-30 00:00:00",2352261,6698
"2023-03-29 00:00:00",2345563,3334
"2023-03-28 00:00:00",2342229,2903
"2023-03-27 00:00:00",2339326,3164
"2023-03-26 00:00:00",2336162,3485
"2023-03-25 00:00:00",2332677,3590
"2023-03-24 00:00:00",2329087,3440
"2023-03-23 00:00:00",2325647,3329
"2023-03-22 00:00:00",2322318,3292
"2023-03-21 00:00:00",2319026,2873
"2023-03-20 00:00:00",2316153,3225
"2023-03-19 00:00:00",2312928,3599
"2023-03-18 00:00:00",2309329,0
"2023-03-17 00:00:00",2309329,6901
"2023-03-16 00:00:00",2302428,0
"2023-03-15 00:00:00",2302428,6633
"2023-03-14 00:00:00",2295795,2944
"2023-03-13 00:00:00",2292851,3559
"2023-03-12 00:00:00",2289292,3764
"2023-03-11 00:00:00",2285528,3577
"2023-03-10 00:00:00",2281951,3414
"2023-03-09 00:00:00",2278537,3463
"2023-03-08 00:00:00",2275074,0
"2023-03-07 00:00:00",2275074,6368
"2023-03-06 00:00:00",2268706,3334
"2023-03-05 00:00:00",2265372,3813
"2023-03-04 00:00:00",2261559,3744
"2023-03-03 00:00:00",2257815,3701
"2023-03-02 00:00:00",2254114,0
"2023-03-01 00:00:00",2254114,7405
"2023-02-28 00:00:00",2246709,3344
"2023-02-27 00:00:00",2243365,3496
"2023-02-26 00:00:00",2239869,4023
"2023-02-25 00:00:00",2235846,4293
"2023-02-24 00:00:00",2231553,4025
"2023-02-23 00:00:00",2227528,4208
"2023-02-22 00:00:00",2223320,4063
"2023-02-21 00:00:00",2219257,3723
"2023-02-20 00:00:00",2215534,4183
"2023-02-19 00:00:00",2211351,4575
"2023-02-18 00:00:00",2206776,0
"2023-02-17 00:00:00",2206776,9478
"2023-02-16 00:00:00",2197298,4530
"2023-02-15 00:00:00",2192768,4077
"2023-02-14 00:00:00",2188691,3579
"2023-02-13 00:00:00",2185112,0
"2023-02-12 00:00:00",2185112,8673
"2023-02-11 00:00:00",2176439,4092
"2023-02-10 00:00:00",2172347,4112
"2023-02-09 00:00:00",2168235,3698
"2023-02-08 00:00:00",2164537,3518
"2023-02-07 00:00:00",2161019,0
"2023-02-06 00:00:00",2161019,6798
"2023-02-05 00:00:00",2154221,3675
"2023-02-04 00:00:00",2150546,3462
"2023-02-03 00:00:00",2147084,3338
"2023-02-02 00:00:00",2143746,3286
"2023-02-01 00:00:00",2140460,3395
"2023-01-31 00:00:00",2137065,3025
"2023-01-30 00:00:00",2134040,3360
"2023-01-29 00:00:00",2130680,0
"2023-01-28 00:00:00",2130680,3738
"2023-01-27 00:00:00",2126942,6964
"2023-01-26 00:00:00",2119978,3587
"2023-01-25 00:00:00",2116391,3439
"2023-01-24 00:00:00",2112952,3219
"2023-01-23 00:00:00",2109733,3751
"2023-01-22 00:00:00",2105982,4239
"2023-01-21 00:00:00",2101743,3926
"2023-01-20 00:00:00",2097817,3884
"2023-01-19 00:00:00",2093933,3894
"2023-01-18 00:00:00",2090039,3697
"2023-01-17 00:00:00",2086342,3074
"2023-01-16 00:00:00",2083268,3485
"2023-01-15 00:00:00",2079783,3969
"2023-01-14 00:00:00",2075814,3982
"2023-01-13 00:00:00",2071832,4125
"2023-01-12 00:00:00",2067707,3980
"2023-01-11 00:00:00",2063727,3886
"2023-01-10 00:00:00",2059841,3242
"2023-01-09 00:00:00",2056599,0
"2023-01-08 00:00:00",2056599,7662
"2023-01-07 00:00:00",2048937,4056
"2023-01-06 00:00:00",2044881,3976
"2023-01-05 00:00:00",2040905,3778
"2023-01-04 00:00:00",2037127,3382
"2023-01-03 00:00:00",2033745,3348
"2023-01-02 00:00:00",2030397,3979
"2023-01-01 00:00:00",2026418,4057
"2022-12-31 00:00:00",2022361,0
"2022-12-30 00:00:00",2022361,7929
"2022-12-29 00:00:00",2014432,0
"2022-12-28 00:00:00",2014432,3583
"2022-12-27 00:00:00",2010849,5945
"2022-12-26 00:00:00",2004904,3303
"2022-12-25 00:00:00",2001601,3745
"2022-12-24 00:00:00",1997856,4234
"2022-12-23 00:00:00",1993622,4097
"2022-12-22 00:00:00",1989525,4222
"2022-12-21 00:00:00",1985303,4016
"2022-12-20 00:00:00",1981287,3376
"2022-12-19 00:00:00",1977911,3861
"2022-12-18 00:00:00",1974050,4383
"2022-12-17 00:00:00",1969667,4309
"2022-12-16 00:00:00",1965358,0
"2022-12-15 00:00:00",1965358,8282
"2022-12-14 00:00:00",1957076,3994
"2022-12-13 00:00:00",1953082,3541
"2022-12-12 00:00:00",1949541,4067
"2022-12-11 00:00:00",1945474,4507
"2022-12-10 00:00:00",1940967,4421
"2022-12-09 00:00:00",1936546,4443
"2022-12-08 00:00:00",1932103,4079
"2022-12-07 00:00:00",1928024,4019
"2022-12-06 00:00:00",1924005,4449
"2022-12-05 00:00:00",1919556,4449
"2022-12-04 00:00:00",1915106,4449
"2022-12-03 00:00:00",1910657,4449
"2022-12-02 00:00:00",1906207,4449
"2022-12-01 00:00:00",1901758,4372
"2022-11-30 00:00:00",1897386,4209
"2022-11-29 00:00:00",1893177,3597
"2022-11-28 00:00:00",1889580,3703
"2022-11-27 00:00:00",1885877,3529
"2022-11-26 00:00:00",1882348,3918
"2022-11-25 00:00:00",1878430,4611
"2022-11-24 00:00:00",1873819,4344
"2022-11-23 00:00:00",1869475,4137
"2022-11-22 00:00:00",1865338,3706
"2022-11-21 00:00:00",1861632,4048
"2022-11-20 00:00:00",1857584,4615
"2022-11-19 00:00:00",1852969,4784
"2022-11-18 00:00:00",1848185,4775
"2022-11-17 00:00:00",1843410,4529
"2022-11-16 00:00:00",1838881,4426
"2022-11-15 00:00:00",1834455,3876
"2022-11-14 00:00:00",1830579,4452
"2022-11-13 00:00:00",1826127,4841
"2022-11-12 00:00:00",1821286,5076
"2022-11-11 00:00:00",1816210,4838
"2022-11-10 00:00:00",1811372,4881
"2022-11-09 00:00:00",1806491,4746
"2022-11-08 00:00:00",1801745,0
"2022-11-07 00:00:00",1801745,8653
"2022-11-06 00:00:00",1793092,5261
"2022-11-05 00:00:00",1787831,5406
"2022-11-04 00:00:00",1782425,5015
"2022-11-03 00:00:00",1777410,4833
"2022-11-02 00:00:00",1772577,4725
"2022-11-01 00:00:00",1767852,4226
"2022-10-31 00:00:00",1763626,5001
"2022-10-30 00:00:00",1758625,5212
"2022-10-29 00:00:00",1753413,5314
"2022-10-28 00:00:00",1748099,5214
"2022-10-27 00:00:00",1742885,5366
"2022-10-26 00:00:00",1737519,5153
"2022-10-25 00:00:00",1732366,4459
"2022-10-24 00:00:00",1727907,5318
"2022-10-23 00:00:00",1722589,5811
"2022-10-22 00:00:00",1716778,5880
"2022-10-21 00:00:00",1710898,5572
"2022-10-20 00:00:00",1705326,5534
"2022-10-19 00:00:00",1699792,5492
"2022-10-18 00:00:00",1694300,4948
"2022-10-17 00:00:00",1689352,5859
"2022-10-16 00:00:00",1683493,0
"2022-10-15 00:00:00",1683493,12684
"2022-10-14 00:00:00",1670809,6166
"2022-10-13 00:00:00",1664643,6437
"2022-10-12 00:00:00",1658206,6176
"2022-10-11 00:00:00",1652030,5382
"2022-10-10 00:00:00",1646648,6116
"2022-10-09 00:00:00",1640532,7005
"2022-10-08 00:00:00",1633527,7466
"2022-10-07 00:00:00",1626061,7363
"2022-10-06 00:00:00",1618698,7001
"2022-10-05 00:00:00",1611697,6811
"2022-10-04 00:00:00",1604886,5600
"2022-10-03 00:00:00",1599286,6354
"2022-10-02 00:00:00",1592932,6683
"2022-10-01 00:00:00",1586249,6544
"2022-09-30 00:00:00",1579705,6550
"2022-09-29 00:00:00",1573155,6527
"2022-09-28 00:00:00",1566628,6614
"2022-09-27 00:00:00",1560014,5654
"2022-09-26 00:00:00",1554360,6757
"2022-09-25 00:00:00",1547603,7277
"2022-09-24 00:00:00",1540326,7074
"2022-09-23 00:00:00",1533252,7409
"2022-09-22 00:00:00",1525843,7327
"2022-09-21 00:00:00",1518516,6972
"2022-09-20 00:00:00",1511544,6005
"2022-09-19 00:00:00",1505539,6998
"2022-09-18 00:00:00",1498541,8005
"2022-09-17 00:00:00",1490536,8029
"2022-09-16 00:00:00",1482507,8056
"2022-09-15 00:00:00",1474451,8342
"2022-09-14 00:00:00",1466109,8048
"2022-09-13 00:00:00",1458061,6732
"2022-09-12 00:00:00",1451329,7876
"2022-09-11 00:00:00",1443453,8791
"2022-09-10 00:00:00",1434662,8843
"2022-09-09 00:00:00",1425819,8584
"2022-09-08 00:00:00",1417235,16030
"2022-09-07 00:00:00",1401205,0
"2022-09-06 00:00:00",1401205,7343
"2022-09-05 00:00:00",1393862,8698
"2022-09-04 00:00:00",1385164,9888
"2022-09-03 00:00:00",1375276,9812
"2022-09-02 00:00:00",1365464,9822
"2022-09-01 00:00:00",1355642,9815
"2022-08-31 00:00:00",1345827,9588
"2022-08-30 00:00:00",1336239,8336
"2022-08-29 00:00:00",1327903,9764
"2022-08-28 00:00:00",1318139,10997
"2022-08-27 00:00:00",1307142,10860
"2022-08-26 00:00:00",1296282,10816
"2022-08-25 00:00:00",1285466,10883
"2022-08-24 00:00:00",1274583,10558
"2022-08-23 00:00:00",1264025,11169
"2022-08-22 00:00:00",1252856,11169
"2022-08-21 00:00:00",1241686,11169
"2022-08-20 00:00:00",1230517,11169
"2022-08-19 00:00:00",1219347,11169
"2022-08-18 00:00:00",1208178,11816
"2022-08-17 00:00:00",1196362,11382
"2022-08-16 00:00:00",1184980,9510
"2022-08-15 00:00:00",1175470,10334
"2022-08-14 00:00:00",1165136,11558
"2022-08-13 00:00:00",1153578,11833
"2022-08-12 00:00:00",1141745,11472
"2022-08-11 00:00:00",1130273,11624
"2022-08-10 00:00:00",1118649,11211
"2022-08-09 00:00:00",1107438,10921
"2022-08-08 00:00:00",1096518,10921
"2022-08-07 00:00:00",1085597,13173
"2022-08-06 00:00:00",1072424,13592
"2022-08-05 00:00:00",1058832,12680
"2022-08-04 00:00:00",1046152,12083
"2022-08-03 00:00:00",1034069,11803
"2022-08-02 00:00:00",1022266,10945
"2022-08-01 00:00:00",1011321,12715
"2022-07-31 00:00:00",998606,13741
"2022-07-30 00:00:00",984865,0
"2022-07-29 00:00:00",984865,28006
"2022-07-28 00:00:00",956859,14273
"2022-07-27 00:00:00",942586,13959
"2022-07-26 00:00:00",928627,12505
"2022-07-25 00:00:00",916122,14465
"2022-07-24 00:00:00",901657,16708
"2022-07-23 00:00:00",884949,15746
"2022-07-22 00:00:00",869203,15442
"2022-07-21 00:00:00",853761,15537
"2022-07-20 00:00:00",838224,15607
"2022-07-19 00:00:00",822617,14033
"2022-07-18 00:00:00",808584,16794
"2022-07-17 00:00:00",791790,18223
"2022-07-16 00:00:00",773567,16361
"2022-07-15 00:00:00",757206,16441
"2022-07-14 00:00:00",740765,17968
"2022-07-13 00:00:00",722797,16857
"2022-07-12 00:00:00",705940,13201
"2022-07-11 00:00:00",692739,15986
"2022-07-10 00:00:00",676753,17256
"2022-07-09 00:00:00",659497,17521
"2022-07-08 00:00:00",641976,17783
"2022-07-07 00:00:00",624193,17170
"2022-07-06 00:00:00",607023,15781
"2022-07-05 00:00:00",591242,16268
"2022-07-04 00:00:00",574974,19383
"2022-07-03 00:00:00",555591,22716
"2022-07-02 00:00:00",532875,23441
"2022-07-01 00:00:00",509434,24074
"2022-06-30 00:00:00",485360,25315
"2022-06-29 00:00:00",460045,23795
"2022-06-28 00:00:00",436250,22336
"2022-06-27 00:00:00",413914,27219
"2022-06-26 00:00:00",386695,32295
"2022-06-25 00:00:00",354400,35836
"2022-06-24 00:00:00",318564,38493
"2022-06-23 00:00:00",280071,43988
"2022-06-22 00:00:00",236083,47771
"2022-06-21 00:00:00",188312,45704
"2022-06-20 00:00:00",142608,63595
"2022-06-19 00:00:00",79013,0