﻿"DateTime","Spotify Streams","Change"
"2023-05-15 00:00:00",492413,642
"2023-05-14 00:00:00",491771,664
"2023-05-13 00:00:00",491107,664
"2023-05-12 00:00:00",490443,712
"2023-05-11 00:00:00",489732,712
"2023-05-10 00:00:00",489020,642
"2023-05-09 00:00:00",488378,586
"2023-05-08 00:00:00",487792,0
"2023-05-07 00:00:00",487792,1101
"2023-05-06 00:00:00",486692,1101
"2023-05-05 00:00:00",485591,807
"2023-05-04 00:00:00",484784,0
"2023-05-03 00:00:00",484784,1671
"2023-05-02 00:00:00",483113,0
"2023-05-01 00:00:00",483113,686
"2023-04-30 00:00:00",482427,1558
"2023-04-29 00:00:00",480869,767
"2023-04-28 00:00:00",480102,0
"2023-04-27 00:00:00",480102,1632
"2023-04-26 00:00:00",478470,767
"2023-04-25 00:00:00",477703,636
"2023-04-24 00:00:00",477067,0
"2023-04-23 00:00:00",477067,1283
"2023-04-22 00:00:00",475785,1283
"2023-04-21 00:00:00",474502,879
"2023-04-20 00:00:00",473623,879
"2023-04-19 00:00:00",472744,801
"2023-04-18 00:00:00",471943,686
"2023-04-17 00:00:00",471257,767
"2023-04-16 00:00:00",470490,861
"2023-04-15 00:00:00",469629,829
"2023-04-14 00:00:00",468800,804
"2023-04-13 00:00:00",467996,727
"2023-04-12 00:00:00",467269,691
"2023-04-11 00:00:00",466578,605
"2023-04-10 00:00:00",465973,738
"2023-04-09 00:00:00",465235,786
"2023-04-08 00:00:00",464449,773
"2023-04-07 00:00:00",463676,877
"2023-04-06 00:00:00",462799,840
"2023-04-05 00:00:00",461959,0
"2023-04-04 00:00:00",461959,1556
"2023-04-03 00:00:00",460403,832
"2023-04-02 00:00:00",459571,864
"2023-04-01 00:00:00",458707,0
"2023-03-31 00:00:00",458707,1823
"2023-03-30 00:00:00",456884,992
"2023-03-29 00:00:00",455892,898
"2023-03-28 00:00:00",454994,807
"2023-03-27 00:00:00",454187,943
"2023-03-26 00:00:00",453244,972
"2023-03-25 00:00:00",452272,1015
"2023-03-24 00:00:00",451257,1090
"2023-03-23 00:00:00",450167,1098
"2023-03-22 00:00:00",449069,869
"2023-03-21 00:00:00",448200,0
"2023-03-20 00:00:00",448200,1749
"2023-03-19 00:00:00",446451,1180
"2023-03-18 00:00:00",445271,1029
"2023-03-17 00:00:00",444242,909
"2023-03-16 00:00:00",443333,989
"2023-03-15 00:00:00",442344,887
"2023-03-14 00:00:00",441457,0
"2023-03-13 00:00:00",441457,1787
"2023-03-12 00:00:00",439670,0
"2023-03-11 00:00:00",439670,1995
"2023-03-10 00:00:00",437675,992
"2023-03-09 00:00:00",436683,887
"2023-03-08 00:00:00",435796,836
"2023-03-07 00:00:00",434960,855
"2023-03-06 00:00:00",434105,933
"2023-03-05 00:00:00",433172,1310
"2023-03-04 00:00:00",431862,1281
"2023-03-03 00:00:00",430581,0
"2023-03-02 00:00:00",430581,2072
"2023-03-01 00:00:00",428509,891
"2023-02-28 00:00:00",427618,856
"2023-02-27 00:00:00",426762,0
"2023-02-26 00:00:00",426762,1859
"2023-02-25 00:00:00",424903,889
"2023-02-24 00:00:00",424014,868
"2023-02-23 00:00:00",423146,926
"2023-02-22 00:00:00",422220,839
"2023-02-21 00:00:00",421381,0
"2023-02-20 00:00:00",421381,1763
"2023-02-19 00:00:00",419618,1047
"2023-02-18 00:00:00",418571,0
"2023-02-17 00:00:00",418571,2026
"2023-02-16 00:00:00",416545,1137
"2023-02-15 00:00:00",415408,856
"2023-02-14 00:00:00",414552,873
"2023-02-13 00:00:00",413679,944
"2023-02-12 00:00:00",412735,1010
"2023-02-11 00:00:00",411725,0
"2023-02-10 00:00:00",411725,2105
"2023-02-09 00:00:00",409620,1018
"2023-02-08 00:00:00",408602,0
"2023-02-07 00:00:00",408602,1839
"2023-02-06 00:00:00",406763,1014
"2023-02-05 00:00:00",405749,1030
"2023-02-04 00:00:00",404719,1233
"2023-02-03 00:00:00",403486,1176
"2023-02-02 00:00:00",402310,1189
"2023-02-01 00:00:00",401121,1119
"2023-01-31 00:00:00",400002,943
"2023-01-30 00:00:00",399059,1117
"2023-01-29 00:00:00",397942,540
"2023-01-28 00:00:00",397402,540
"2023-01-27 00:00:00",396862,2027
"2023-01-26 00:00:00",394835,0
"2023-01-25 00:00:00",394835,1874
"2023-01-24 00:00:00",392961,789
"2023-01-23 00:00:00",392172,908
"2023-01-22 00:00:00",391264,1081
"2023-01-21 00:00:00",390183,1170
"2023-01-20 00:00:00",389013,1219
"2023-01-19 00:00:00",387794,1082
"2023-01-18 00:00:00",386712,975
"2023-01-17 00:00:00",385737,903
"2023-01-16 00:00:00",384834,1042
"2023-01-15 00:00:00",383792,1243
"2023-01-14 00:00:00",382549,1299
"2023-01-13 00:00:00",381250,1186
"2023-01-12 00:00:00",380064,1125
"2023-01-11 00:00:00",378939,1123
"2023-01-10 00:00:00",377816,1010
"2023-01-09 00:00:00",376806,1059
"2023-01-08 00:00:00",375747,1181
"2023-01-07 00:00:00",374566,1143
"2023-01-06 00:00:00",373423,1136
"2023-01-05 00:00:00",372287,1064
"2023-01-04 00:00:00",371223,885
"2023-01-03 00:00:00",370338,867
"2023-01-02 00:00:00",369471,1104
"2023-01-01 00:00:00",368367,1136
"2022-12-31 00:00:00",367231,0
"2022-12-30 00:00:00",367231,2422
"2022-12-29 00:00:00",364809,1048
"2022-12-28 00:00:00",363761,887
"2022-12-27 00:00:00",362874,889
"2022-12-26 00:00:00",361985,1040
"2022-12-25 00:00:00",360945,1098
"2022-12-24 00:00:00",359847,1211
"2022-12-23 00:00:00",358636,1162
"2022-12-22 00:00:00",357474,1193
"2022-12-21 00:00:00",356281,1064
"2022-12-20 00:00:00",355217,928
"2022-12-19 00:00:00",354289,1189
"2022-12-18 00:00:00",353100,1198
"2022-12-17 00:00:00",351902,1255
"2022-12-16 00:00:00",350647,1226
"2022-12-15 00:00:00",349421,1203
"2022-12-14 00:00:00",348218,1123
"2022-12-13 00:00:00",347095,1057
"2022-12-12 00:00:00",346038,1186
"2022-12-11 00:00:00",344852,1263
"2022-12-10 00:00:00",343589,1302
"2022-12-09 00:00:00",342287,1284
"2022-12-08 00:00:00",341003,1356
"2022-12-07 00:00:00",339647,1194
"2022-12-06 00:00:00",338453,1252
"2022-12-05 00:00:00",337201,1252
"2022-12-04 00:00:00",335948,1252
"2022-12-03 00:00:00",334696,1252
"2022-12-02 00:00:00",333443,1252
"2022-12-01 00:00:00",332191,1354
"2022-11-30 00:00:00",330837,1327
"2022-11-29 00:00:00",329510,1204
"2022-11-28 00:00:00",328306,1327
"2022-11-27 00:00:00",326979,1237
"2022-11-26 00:00:00",325742,1336
"2022-11-25 00:00:00",324406,1487
"2022-11-24 00:00:00",322919,1484
"2022-11-23 00:00:00",321435,1383
"2022-11-22 00:00:00",320052,1298
"2022-11-21 00:00:00",318754,1446
"2022-11-20 00:00:00",317308,1668
"2022-11-19 00:00:00",315640,1697
"2022-11-18 00:00:00",313943,1637
"2022-11-17 00:00:00",312306,1684
"2022-11-16 00:00:00",310622,1692
"2022-11-15 00:00:00",308930,1469
"2022-11-14 00:00:00",307461,1619
"2022-11-13 00:00:00",305842,1686
"2022-11-12 00:00:00",304156,1883
"2022-11-11 00:00:00",302273,1999
"2022-11-10 00:00:00",300274,2088
"2022-11-09 00:00:00",298186,1891
"2022-11-08 00:00:00",296295,1638
"2022-11-07 00:00:00",294657,1784
"2022-11-06 00:00:00",292873,1993
"2022-11-05 00:00:00",290880,2280
"2022-11-04 00:00:00",288600,2163
"2022-11-03 00:00:00",286437,2161
"2022-11-02 00:00:00",284276,2279
"2022-11-01 00:00:00",281997,1883
"2022-10-31 00:00:00",280114,2287
"2022-10-30 00:00:00",277827,2624
"2022-10-29 00:00:00",275203,2615
"2022-10-28 00:00:00",272588,2584
"2022-10-27 00:00:00",270004,2581
"2022-10-26 00:00:00",267423,2638
"2022-10-25 00:00:00",264785,2413
"2022-10-24 00:00:00",262372,2703
"2022-10-23 00:00:00",259669,2790
"2022-10-22 00:00:00",256879,2957
"2022-10-21 00:00:00",253922,2954
"2022-10-20 00:00:00",250968,3025
"2022-10-19 00:00:00",247943,2800
"2022-10-18 00:00:00",245143,2594
"2022-10-17 00:00:00",242549,3101
"2022-10-16 00:00:00",239448,3572
"2022-10-15 00:00:00",235876,9188
"2022-10-14 00:00:00",226688,0
"2022-10-13 00:00:00",226688,3895
"2022-10-12 00:00:00",222793,3349
"2022-10-11 00:00:00",219444,3168
"2022-10-10 00:00:00",216276,3846
"2022-10-09 00:00:00",212430,4271
"2022-10-08 00:00:00",208159,4664
"2022-10-07 00:00:00",203495,4777
"2022-10-06 00:00:00",198718,4373
"2022-10-05 00:00:00",194345,4210
"2022-10-04 00:00:00",190135,3844
"2022-10-03 00:00:00",186291,4590
"2022-10-02 00:00:00",181701,4879
"2022-10-01 00:00:00",176822,5418
"2022-09-30 00:00:00",171404,5615
"2022-09-29 00:00:00",165789,6640
"2022-09-28 00:00:00",159150,6640
"2022-09-27 00:00:00",152510,6531
"2022-09-26 00:00:00",145979,8293
"2022-09-25 00:00:00",137686,10489
"2022-09-24 00:00:00",127197,11758
"2022-09-23 00:00:00",115439,29174
"2022-09-22 00:00:00",86265,0
"2022-09-21 00:00:00",86265,16697
"2022-09-20 00:00:00",69568,16078
"2022-09-19 00:00:00",53490,22835
"2022-09-18 00:00:00",30655,0