﻿"DateTime","Spotify Streams","Change"
"2023-05-14 00:00:00",2683737,0
"2023-05-13 00:00:00",2683737,11634
"2023-05-12 00:00:00",2672103,5802
"2023-05-11 00:00:00",2666301,5574
"2023-05-10 00:00:00",2660727,5462
"2023-05-09 00:00:00",2655265,5462
"2023-05-08 00:00:00",2649803,0
"2023-05-07 00:00:00",2649803,11688
"2023-05-06 00:00:00",2638115,5935
"2023-05-05 00:00:00",2632181,5935
"2023-05-04 00:00:00",2626246,5883
"2023-05-03 00:00:00",2620363,5811
"2023-05-02 00:00:00",2614552,5579
"2023-05-01 00:00:00",2608973,5835
"2023-04-30 00:00:00",2603138,6341
"2023-04-29 00:00:00",2596797,6341
"2023-04-28 00:00:00",2590456,0
"2023-04-27 00:00:00",2590456,12296
"2023-04-26 00:00:00",2578160,2927
"2023-04-25 00:00:00",2575233,2927
"2023-04-24 00:00:00",2572306,8510
"2023-04-23 00:00:00",2563796,8510
"2023-04-22 00:00:00",2555286,6339
"2023-04-21 00:00:00",2548947,0
"2023-04-20 00:00:00",2548947,12019
"2023-04-19 00:00:00",2536928,6060
"2023-04-18 00:00:00",2530868,5487
"2023-04-17 00:00:00",2525381,6045
"2023-04-16 00:00:00",2519336,6527
"2023-04-15 00:00:00",2512809,0
"2023-04-14 00:00:00",2512809,6207
"2023-04-13 00:00:00",2506602,12691
"2023-04-12 00:00:00",2493911,5967
"2023-04-11 00:00:00",2487944,5447
"2023-04-10 00:00:00",2482497,5821
"2023-04-09 00:00:00",2476676,6226
"2023-04-08 00:00:00",2470450,6723
"2023-04-07 00:00:00",2463727,6499
"2023-04-06 00:00:00",2457228,6494
"2023-04-05 00:00:00",2450734,6346
"2023-04-04 00:00:00",2444388,0
"2023-04-03 00:00:00",2444388,12433
"2023-04-02 00:00:00",2431955,6989
"2023-04-01 00:00:00",2424966,6659
"2023-03-31 00:00:00",2418307,6727
"2023-03-30 00:00:00",2411580,7035
"2023-03-29 00:00:00",2404545,6730
"2023-03-28 00:00:00",2397815,6310
"2023-03-27 00:00:00",2391505,6810
"2023-03-26 00:00:00",2384695,7098
"2023-03-25 00:00:00",2377597,7173
"2023-03-24 00:00:00",2370424,7235
"2023-03-23 00:00:00",2363189,7497
"2023-03-22 00:00:00",2355692,7309
"2023-03-21 00:00:00",2348383,0
"2023-03-20 00:00:00",2348383,14419
"2023-03-19 00:00:00",2333964,8061
"2023-03-18 00:00:00",2325903,7803
"2023-03-17 00:00:00",2318100,8097
"2023-03-16 00:00:00",2310003,8082
"2023-03-15 00:00:00",2301921,7748
"2023-03-14 00:00:00",2294173,7519
"2023-03-13 00:00:00",2286654,0
"2023-03-12 00:00:00",2286654,16805
"2023-03-11 00:00:00",2269849,0
"2023-03-10 00:00:00",2269849,17890
"2023-03-09 00:00:00",2251959,8648
"2023-03-08 00:00:00",2243311,8503
"2023-03-07 00:00:00",2234808,8085
"2023-03-06 00:00:00",2226723,8925
"2023-03-05 00:00:00",2217798,9895
"2023-03-04 00:00:00",2207903,10725
"2023-03-03 00:00:00",2197178,12704
"2023-03-02 00:00:00",2184474,14869
"2023-03-01 00:00:00",2169605,10356
"2023-02-28 00:00:00",2159249,0
"2023-02-27 00:00:00",2159249,22423
"2023-02-26 00:00:00",2136826,14038
"2023-02-25 00:00:00",2122788,20653
"2023-02-24 00:00:00",2102135,26798
"2023-02-23 00:00:00",2075337,6395
"2023-02-22 00:00:00",2068942,0
"2023-02-21 00:00:00",2068942,12411
"2023-02-20 00:00:00",2056531,6579
"2023-02-19 00:00:00",2049952,7014
"2023-02-18 00:00:00",2042938,6872
"2023-02-17 00:00:00",2036066,6643
"2023-02-16 00:00:00",2029423,6560
"2023-02-15 00:00:00",2022863,6522
"2023-02-14 00:00:00",2016341,6241
"2023-02-13 00:00:00",2010100,6562
"2023-02-12 00:00:00",2003538,7114
"2023-02-11 00:00:00",1996424,7023
"2023-02-10 00:00:00",1989401,7102
"2023-02-09 00:00:00",1982299,7052
"2023-02-08 00:00:00",1975247,7345
"2023-02-07 00:00:00",1967902,6423
"2023-02-06 00:00:00",1961479,7032
"2023-02-05 00:00:00",1954447,7350
"2023-02-04 00:00:00",1947097,7397
"2023-02-03 00:00:00",1939700,0
"2023-02-02 00:00:00",1939700,14273
"2023-02-01 00:00:00",1925427,7121
"2023-01-31 00:00:00",1918306,6749
"2023-01-30 00:00:00",1911557,7450
"2023-01-29 00:00:00",1904107,8062
"2023-01-28 00:00:00",1896046,8062
"2023-01-27 00:00:00",1887984,7893
"2023-01-26 00:00:00",1880091,8181
"2023-01-25 00:00:00",1871910,7978
"2023-01-24 00:00:00",1863932,7274
"2023-01-23 00:00:00",1856658,7608
"2023-01-22 00:00:00",1849050,8461
"2023-01-21 00:00:00",1840589,8283
"2023-01-20 00:00:00",1832306,8507
"2023-01-19 00:00:00",1823799,8880
"2023-01-18 00:00:00",1814919,8450
"2023-01-17 00:00:00",1806469,8001
"2023-01-16 00:00:00",1798468,0
"2023-01-15 00:00:00",1798468,17827
"2023-01-14 00:00:00",1780641,9271
"2023-01-13 00:00:00",1771370,8798
"2023-01-12 00:00:00",1762572,8714
"2023-01-11 00:00:00",1753858,8947
"2023-01-10 00:00:00",1744911,8305
"2023-01-09 00:00:00",1736606,8951
"2023-01-08 00:00:00",1727655,9513
"2023-01-07 00:00:00",1718142,9209
"2023-01-06 00:00:00",1708933,8987
"2023-01-05 00:00:00",1699946,9387
"2023-01-04 00:00:00",1690559,8788
"2023-01-03 00:00:00",1681771,7417
"2023-01-02 00:00:00",1674354,8604
"2023-01-01 00:00:00",1665750,0
"2022-12-31 00:00:00",1665750,19266
"2022-12-30 00:00:00",1646484,0
"2022-12-29 00:00:00",1646484,19765
"2022-12-28 00:00:00",1626719,9090
"2022-12-27 00:00:00",1617629,7910
"2022-12-26 00:00:00",1609719,9604
"2022-12-25 00:00:00",1600115,10503
"2022-12-24 00:00:00",1589612,11371
"2022-12-23 00:00:00",1578241,12243
"2022-12-22 00:00:00",1565998,12038
"2022-12-21 00:00:00",1553960,12288
"2022-12-20 00:00:00",1541672,10993
"2022-12-19 00:00:00",1530679,12260
"2022-12-18 00:00:00",1518419,13162
"2022-12-17 00:00:00",1505257,13000
"2022-12-16 00:00:00",1492257,13244
"2022-12-15 00:00:00",1479013,13267
"2022-12-14 00:00:00",1465746,13432
"2022-12-13 00:00:00",1452314,12707
"2022-12-12 00:00:00",1439607,13297
"2022-12-11 00:00:00",1426310,14299
"2022-12-10 00:00:00",1412011,15149
"2022-12-09 00:00:00",1396862,14524
"2022-12-08 00:00:00",1382338,14012
"2022-12-07 00:00:00",1368326,14000
"2022-12-06 00:00:00",1354326,14779
"2022-12-05 00:00:00",1339547,14779
"2022-12-04 00:00:00",1324768,14779
"2022-12-03 00:00:00",1309990,14779
"2022-12-02 00:00:00",1295211,14779
"2022-12-01 00:00:00",1280432,0
"2022-11-30 00:00:00",1280432,29595
"2022-11-29 00:00:00",1250837,14601
"2022-11-28 00:00:00",1236236,14804
"2022-11-27 00:00:00",1221432,15559
"2022-11-26 00:00:00",1205873,15003
"2022-11-25 00:00:00",1190870,16538
"2022-11-24 00:00:00",1174332,16666
"2022-11-23 00:00:00",1157666,16981
"2022-11-22 00:00:00",1140685,17396
"2022-11-21 00:00:00",1123289,19191
"2022-11-20 00:00:00",1104098,21061
"2022-11-19 00:00:00",1083037,21885
"2022-11-18 00:00:00",1061152,23540
"2022-11-17 00:00:00",1037612,25150
"2022-11-16 00:00:00",1012462,20037
"2022-11-15 00:00:00",992425,14114
"2022-11-14 00:00:00",978311,13025
"2022-11-13 00:00:00",965286,12436
"2022-11-12 00:00:00",952850,11316
"2022-11-11 00:00:00",941534,10723
"2022-11-10 00:00:00",930811,10425
"2022-11-09 00:00:00",920386,10621
"2022-11-08 00:00:00",909765,9776
"2022-11-07 00:00:00",899989,10724
"2022-11-06 00:00:00",889265,11487
"2022-11-05 00:00:00",877778,12035
"2022-11-04 00:00:00",865743,11953
"2022-11-03 00:00:00",853790,11111
"2022-11-02 00:00:00",842679,11446
"2022-11-01 00:00:00",831233,10209
"2022-10-31 00:00:00",821024,9801
"2022-10-30 00:00:00",811223,9929
"2022-10-29 00:00:00",801294,9090
"2022-10-28 00:00:00",792204,8220
"2022-10-27 00:00:00",783984,8329
"2022-10-26 00:00:00",775655,7437
"2022-10-25 00:00:00",768218,6694
"2022-10-24 00:00:00",761524,6854
"2022-10-23 00:00:00",754670,7173
"2022-10-22 00:00:00",747497,7114
"2022-10-21 00:00:00",740383,6901
"2022-10-20 00:00:00",733482,6700
"2022-10-19 00:00:00",726782,6432
"2022-10-18 00:00:00",720350,6081
"2022-10-17 00:00:00",714269,6342
"2022-10-16 00:00:00",707927,6839
"2022-10-15 00:00:00",701088,6675
"2022-10-14 00:00:00",694413,6328
"2022-10-13 00:00:00",688085,6373
"2022-10-12 00:00:00",681712,6341
"2022-10-11 00:00:00",675371,6566
"2022-10-10 00:00:00",668805,6824
"2022-10-09 00:00:00",661981,6698
"2022-10-08 00:00:00",655283,7190
"2022-10-07 00:00:00",648093,7529
"2022-10-06 00:00:00",640564,7454
"2022-10-05 00:00:00",633110,6862
"2022-10-04 00:00:00",626248,5692
"2022-10-03 00:00:00",620556,6178
"2022-10-02 00:00:00",614378,6610
"2022-10-01 00:00:00",607768,6364
"2022-09-30 00:00:00",601404,6403
"2022-09-29 00:00:00",595001,6829
"2022-09-28 00:00:00",588172,6492
"2022-09-27 00:00:00",581680,5804
"2022-09-26 00:00:00",575876,6123
"2022-09-25 00:00:00",569753,6927
"2022-09-24 00:00:00",562826,7329
"2022-09-23 00:00:00",555497,7220
"2022-09-22 00:00:00",548277,7226
"2022-09-21 00:00:00",541051,7821
"2022-09-20 00:00:00",533230,6689
"2022-09-19 00:00:00",526541,7063
"2022-09-18 00:00:00",519478,8020
"2022-09-17 00:00:00",511458,8439
"2022-09-16 00:00:00",503019,8020
"2022-09-15 00:00:00",494999,7452
"2022-09-14 00:00:00",487547,7241
"2022-09-13 00:00:00",480306,6674
"2022-09-12 00:00:00",473632,7154
"2022-09-11 00:00:00",466478,8120
"2022-09-10 00:00:00",458358,7887
"2022-09-09 00:00:00",450471,8151
"2022-09-08 00:00:00",442320,16105
"2022-09-07 00:00:00",426215,0
"2022-09-06 00:00:00",426215,7722
"2022-09-05 00:00:00",418493,8380
"2022-09-04 00:00:00",410113,9623
"2022-09-03 00:00:00",400490,9910
"2022-09-02 00:00:00",390580,9670
"2022-09-01 00:00:00",380910,9776
"2022-08-31 00:00:00",371135,9776
"2022-08-30 00:00:00",361359,9144
"2022-08-29 00:00:00",352215,10072
"2022-08-28 00:00:00",342143,11151
"2022-08-27 00:00:00",330992,12148
"2022-08-26 00:00:00",318844,12751
"2022-08-25 00:00:00",306093,13183
"2022-08-24 00:00:00",292910,14345
"2022-08-23 00:00:00",278565,0
"2022-08-22 00:00:00",278565,23551
"2022-08-21 00:00:00",255015,23551
"2022-08-20 00:00:00",231464,20943
"2022-08-19 00:00:00",210521,20943
"2022-08-18 00:00:00",189578,24646
"2022-08-17 00:00:00",164932,23787
"2022-08-16 00:00:00",141145,22969
"2022-08-15 00:00:00",118176,28391
"2022-08-14 00:00:00",89785,42302
"2022-08-13 00:00:00",47483,0