﻿"DateTime","Spotify Streams","Change"
"2023-05-14 00:00:00",13204505,0
"2023-05-13 00:00:00",13204505,42536
"2023-05-12 00:00:00",13161969,20184
"2023-05-11 00:00:00",13141785,19199
"2023-05-10 00:00:00",13122586,0
"2023-05-09 00:00:00",13122586,35105
"2023-05-08 00:00:00",13087481,20314
"2023-05-07 00:00:00",13067167,20314
"2023-05-06 00:00:00",13046853,20070
"2023-05-05 00:00:00",13026784,20070
"2023-05-04 00:00:00",13006714,20300
"2023-05-03 00:00:00",12986414,0
"2023-05-02 00:00:00",12986414,35411
"2023-05-01 00:00:00",12951003,9772
"2023-04-30 00:00:00",12941231,9772
"2023-04-29 00:00:00",12931459,43818
"2023-04-28 00:00:00",12887641,0
"2023-04-27 00:00:00",12887641,45018
"2023-04-26 00:00:00",12842623,21002
"2023-04-25 00:00:00",12821621,18051
"2023-04-24 00:00:00",12803570,21098
"2023-04-23 00:00:00",12782472,23366
"2023-04-22 00:00:00",12759107,23366
"2023-04-21 00:00:00",12735741,0
"2023-04-20 00:00:00",12735741,32000
"2023-04-19 00:00:00",12703742,32000
"2023-04-18 00:00:00",12671742,17443
"2023-04-17 00:00:00",12654299,0
"2023-04-16 00:00:00",12654299,33260
"2023-04-15 00:00:00",12621039,33260
"2023-04-14 00:00:00",12587779,20698
"2023-04-13 00:00:00",12567081,20216
"2023-04-12 00:00:00",12546865,18860
"2023-04-11 00:00:00",12528005,16185
"2023-04-10 00:00:00",12511820,19877
"2023-04-09 00:00:00",12491943,21338
"2023-04-08 00:00:00",12470605,22888
"2023-04-07 00:00:00",12447717,22435
"2023-04-06 00:00:00",12425282,22826
"2023-04-05 00:00:00",12402456,21938
"2023-04-04 00:00:00",12380518,19898
"2023-04-03 00:00:00",12360620,21747
"2023-04-02 00:00:00",12338873,21983
"2023-04-01 00:00:00",12316890,21057
"2023-03-31 00:00:00",12295833,20624
"2023-03-30 00:00:00",12275209,20565
"2023-03-29 00:00:00",12254644,0
"2023-03-28 00:00:00",12254644,37554
"2023-03-27 00:00:00",12217090,20440
"2023-03-26 00:00:00",12196650,21949
"2023-03-25 00:00:00",12174701,0
"2023-03-24 00:00:00",12174701,42432
"2023-03-23 00:00:00",12132269,21398
"2023-03-22 00:00:00",12110871,19979
"2023-03-21 00:00:00",12090892,18082
"2023-03-20 00:00:00",12072810,21437
"2023-03-19 00:00:00",12051373,22646
"2023-03-18 00:00:00",12028727,22742
"2023-03-17 00:00:00",12005985,0
"2023-03-16 00:00:00",12005985,43405
"2023-03-15 00:00:00",11962580,20022
"2023-03-14 00:00:00",11942558,18219
"2023-03-13 00:00:00",11924339,20751
"2023-03-12 00:00:00",11903588,22001
"2023-03-11 00:00:00",11881587,22410
"2023-03-10 00:00:00",11859177,22778
"2023-03-09 00:00:00",11836399,23092
"2023-03-08 00:00:00",11813307,21817
"2023-03-07 00:00:00",11791490,19717
"2023-03-06 00:00:00",11771773,22646
"2023-03-05 00:00:00",11749127,23848
"2023-03-04 00:00:00",11725279,23564
"2023-03-03 00:00:00",11701715,23758
"2023-03-02 00:00:00",11677957,23267
"2023-03-01 00:00:00",11654690,21601
"2023-02-28 00:00:00",11633089,19703
"2023-02-27 00:00:00",11613386,0
"2023-02-26 00:00:00",11613386,46849
"2023-02-25 00:00:00",11566537,23838
"2023-02-24 00:00:00",11542699,23575
"2023-02-23 00:00:00",11519124,45113
"2023-02-22 00:00:00",11474011,0
"2023-02-21 00:00:00",11474011,20766
"2023-02-20 00:00:00",11453245,23589
"2023-02-19 00:00:00",11429656,24880
"2023-02-18 00:00:00",11404776,0
"2023-02-17 00:00:00",11404776,50497
"2023-02-16 00:00:00",11354279,25984
"2023-02-15 00:00:00",11328295,23558
"2023-02-14 00:00:00",11304737,23038
"2023-02-13 00:00:00",11281699,26373
"2023-02-12 00:00:00",11255326,30814
"2023-02-11 00:00:00",11224512,0
"2023-02-10 00:00:00",11224512,73074
"2023-02-09 00:00:00",11151438,36026
"2023-02-08 00:00:00",11115412,33143
"2023-02-07 00:00:00",11082269,30935
"2023-02-06 00:00:00",11051334,35181
"2023-02-05 00:00:00",11016153,36404
"2023-02-04 00:00:00",10979749,33641
"2023-02-03 00:00:00",10946108,32532
"2023-02-02 00:00:00",10913576,0
"2023-02-01 00:00:00",10913576,63727
"2023-01-31 00:00:00",10849849,29126
"2023-01-30 00:00:00",10820723,34420
"2023-01-29 00:00:00",10786303,37509
"2023-01-28 00:00:00",10748794,36209
"2023-01-27 00:00:00",10712585,37464
"2023-01-26 00:00:00",10675121,40046
"2023-01-25 00:00:00",10635075,36431
"2023-01-24 00:00:00",10598644,33825
"2023-01-23 00:00:00",10564819,40206
"2023-01-22 00:00:00",10524613,0
"2023-01-21 00:00:00",10524613,78507
"2023-01-20 00:00:00",10446106,36900
"2023-01-19 00:00:00",10409206,36218
"2023-01-18 00:00:00",10372988,33339
"2023-01-17 00:00:00",10339649,31964
"2023-01-16 00:00:00",10307685,35724
"2023-01-15 00:00:00",10271961,38927
"2023-01-14 00:00:00",10233034,35348
"2023-01-13 00:00:00",10197686,36499
"2023-01-12 00:00:00",10161187,36137
"2023-01-11 00:00:00",10125050,34740
"2023-01-10 00:00:00",10090310,31231
"2023-01-09 00:00:00",10059079,0
"2023-01-08 00:00:00",10059079,74146
"2023-01-07 00:00:00",9984933,36821
"2023-01-06 00:00:00",9948112,36085
"2023-01-05 00:00:00",9912027,36085
"2023-01-04 00:00:00",9875942,32698
"2023-01-03 00:00:00",9843244,34277
"2023-01-02 00:00:00",9808967,40603
"2023-01-01 00:00:00",9768364,39019
"2022-12-31 00:00:00",9729345,37376
"2022-12-30 00:00:00",9691969,36381
"2022-12-29 00:00:00",9655588,34072
"2022-12-28 00:00:00",9621516,29271
"2022-12-27 00:00:00",9592245,22873
"2022-12-26 00:00:00",9569372,36142
"2022-12-25 00:00:00",9533230,34325
"2022-12-24 00:00:00",9498905,37942
"2022-12-23 00:00:00",9460963,39958
"2022-12-22 00:00:00",9421005,40312
"2022-12-21 00:00:00",9380693,38469
"2022-12-20 00:00:00",9342224,35703
"2022-12-19 00:00:00",9306521,43197
"2022-12-18 00:00:00",9263324,43143
"2022-12-17 00:00:00",9220181,43079
"2022-12-16 00:00:00",9177102,44545
"2022-12-15 00:00:00",9132557,44304
"2022-12-14 00:00:00",9088253,41558
"2022-12-13 00:00:00",9046695,38768
"2022-12-12 00:00:00",9007927,46312
"2022-12-11 00:00:00",8961615,48667
"2022-12-10 00:00:00",8912948,47854
"2022-12-09 00:00:00",8865094,47537
"2022-12-08 00:00:00",8817557,46796
"2022-12-07 00:00:00",8770761,45508
"2022-12-06 00:00:00",8725253,45508
"2022-12-05 00:00:00",8679746,45508
"2022-12-04 00:00:00",8634238,45508
"2022-12-03 00:00:00",8588730,45508
"2022-12-02 00:00:00",8543222,45508
"2022-12-01 00:00:00",8497715,45508
"2022-11-30 00:00:00",8452207,49874
"2022-11-29 00:00:00",8402333,43190
"2022-11-28 00:00:00",8359143,47290
"2022-11-27 00:00:00",8311853,43773
"2022-11-26 00:00:00",8268080,48489
"2022-11-25 00:00:00",8219591,57827
"2022-11-24 00:00:00",8161764,0
"2022-11-23 00:00:00",8161764,104033
"2022-11-22 00:00:00",8057731,44149
"2022-11-21 00:00:00",8013582,52760
"2022-11-20 00:00:00",7960822,58739
"2022-11-19 00:00:00",7902083,51345
"2022-11-18 00:00:00",7850738,50499
"2022-11-17 00:00:00",7800239,48645
"2022-11-16 00:00:00",7751594,46371
"2022-11-15 00:00:00",7705223,43002
"2022-11-14 00:00:00",7662221,51548
"2022-11-13 00:00:00",7610673,53133
"2022-11-12 00:00:00",7557540,46797
"2022-11-11 00:00:00",7510743,48196
"2022-11-10 00:00:00",7462548,48196
"2022-11-09 00:00:00",7414352,46311
"2022-11-08 00:00:00",7368041,41543
"2022-11-07 00:00:00",7326498,48687
"2022-11-06 00:00:00",7277811,51004
"2022-11-05 00:00:00",7226807,45120
"2022-11-04 00:00:00",7181687,41838
"2022-11-03 00:00:00",7139849,40768
"2022-11-02 00:00:00",7099081,40867
"2022-11-01 00:00:00",7058214,40725
"2022-10-31 00:00:00",7017489,48481
"2022-10-30 00:00:00",6969008,49341
"2022-10-29 00:00:00",6919667,46169
"2022-10-28 00:00:00",6873498,45577
"2022-10-27 00:00:00",6827921,45197
"2022-10-26 00:00:00",6782724,43980
"2022-10-25 00:00:00",6738744,41568
"2022-10-24 00:00:00",6697176,50267
"2022-10-23 00:00:00",6646909,55923
"2022-10-22 00:00:00",6590986,63679
"2022-10-21 00:00:00",6527307,65319
"2022-10-20 00:00:00",6461988,67993
"2022-10-19 00:00:00",6393995,63497
"2022-10-18 00:00:00",6330498,57718
"2022-10-17 00:00:00",6272780,66172
"2022-10-16 00:00:00",6206608,68522
"2022-10-15 00:00:00",6138086,51951
"2022-10-14 00:00:00",6086135,52599
"2022-10-13 00:00:00",6033536,54572
"2022-10-12 00:00:00",5978964,51656
"2022-10-11 00:00:00",5927308,48452
"2022-10-10 00:00:00",5878856,59762
"2022-10-09 00:00:00",5819094,62478
"2022-10-08 00:00:00",5756616,61982
"2022-10-07 00:00:00",5694634,60073
"2022-10-06 00:00:00",5634561,57726
"2022-10-05 00:00:00",5576835,55455
"2022-10-04 00:00:00",5521380,52178
"2022-10-03 00:00:00",5469202,62025
"2022-10-02 00:00:00",5407177,66145
"2022-10-01 00:00:00",5341032,63057
"2022-09-30 00:00:00",5277975,62563
"2022-09-29 00:00:00",5215412,65870
"2022-09-28 00:00:00",5149542,63700
"2022-09-27 00:00:00",5085842,58092
"2022-09-26 00:00:00",5027750,71433
"2022-09-25 00:00:00",4956317,75716
"2022-09-24 00:00:00",4880601,67061
"2022-09-23 00:00:00",4813540,67847
"2022-09-22 00:00:00",4745693,68984
"2022-09-21 00:00:00",4676709,66347
"2022-09-20 00:00:00",4610362,62438
"2022-09-19 00:00:00",4547924,74240
"2022-09-18 00:00:00",4473684,77803
"2022-09-17 00:00:00",4395881,63820
"2022-09-16 00:00:00",4332061,64503
"2022-09-15 00:00:00",4267558,63753
"2022-09-14 00:00:00",4203805,62926
"2022-09-13 00:00:00",4140879,55564
"2022-09-12 00:00:00",4085315,67732
"2022-09-11 00:00:00",4017583,76121
"2022-09-10 00:00:00",3941462,76957
"2022-09-09 00:00:00",3864505,82225
"2022-09-08 00:00:00",3782280,152002
"2022-09-07 00:00:00",3630278,0
"2022-09-06 00:00:00",3630278,73721
"2022-09-05 00:00:00",3556557,90532
"2022-09-04 00:00:00",3466025,99794
"2022-09-03 00:00:00",3366231,95369
"2022-09-02 00:00:00",3270862,96791
"2022-09-01 00:00:00",3174071,96991
"2022-08-31 00:00:00",3077080,95733
"2022-08-30 00:00:00",2981347,87064
"2022-08-29 00:00:00",2894283,104634
"2022-08-28 00:00:00",2789649,113258
"2022-08-27 00:00:00",2676391,108804
"2022-08-26 00:00:00",2567587,111479
"2022-08-25 00:00:00",2456108,135726
"2022-08-24 00:00:00",2320382,129512
"2022-08-23 00:00:00",2190870,182367
"2022-08-22 00:00:00",2008503,182367
"2022-08-21 00:00:00",1826136,182367
"2022-08-20 00:00:00",1643769,182367
"2022-08-19 00:00:00",1461402,182367
"2022-08-18 00:00:00",1279035,244194
"2022-08-17 00:00:00",1034841,230882
"2022-08-16 00:00:00",803959,217134
"2022-08-15 00:00:00",586825,276881
"2022-08-14 00:00:00",309944,0