﻿"DateTime","Spotify Streams","Change"
"2023-05-14 00:00:00",18663724,37034
"2023-05-13 00:00:00",18626690,37727
"2023-05-12 00:00:00",18588963,37665
"2023-05-11 00:00:00",18551298,37441
"2023-05-10 00:00:00",18513857,0
"2023-05-09 00:00:00",18513857,67027
"2023-05-08 00:00:00",18446830,33212
"2023-05-07 00:00:00",18413618,0
"2023-05-06 00:00:00",18413618,75404
"2023-05-05 00:00:00",18338214,36069
"2023-05-04 00:00:00",18302145,35932
"2023-05-03 00:00:00",18266213,16926
"2023-05-02 00:00:00",18249287,16926
"2023-05-01 00:00:00",18232361,49359
"2023-04-30 00:00:00",18183003,49359
"2023-04-29 00:00:00",18133644,37929
"2023-04-28 00:00:00",18095715,38072
"2023-04-27 00:00:00",18057643,37981
"2023-04-26 00:00:00",18019662,0
"2023-04-25 00:00:00",18019662,66395
"2023-04-24 00:00:00",17953267,0
"2023-04-23 00:00:00",17953267,70592
"2023-04-22 00:00:00",17882675,37820
"2023-04-21 00:00:00",17844855,0
"2023-04-20 00:00:00",17844855,73722
"2023-04-19 00:00:00",17771133,36899
"2023-04-18 00:00:00",17734234,30466
"2023-04-17 00:00:00",17703768,33217
"2023-04-16 00:00:00",17670551,0
"2023-04-15 00:00:00",17670551,76256
"2023-04-14 00:00:00",17594295,36822
"2023-04-13 00:00:00",17557473,36740
"2023-04-12 00:00:00",17520733,33802
"2023-04-11 00:00:00",17486931,29824
"2023-04-10 00:00:00",17457107,33004
"2023-04-09 00:00:00",17424103,35212
"2023-04-08 00:00:00",17388891,38397
"2023-04-07 00:00:00",17350494,38118
"2023-04-06 00:00:00",17312376,38590
"2023-04-05 00:00:00",17273786,38029
"2023-04-04 00:00:00",17235757,32311
"2023-04-03 00:00:00",17203446,34777
"2023-04-02 00:00:00",17168669,40548
"2023-04-01 00:00:00",17128121,41587
"2023-03-31 00:00:00",17086534,41720
"2023-03-30 00:00:00",17044814,43651
"2023-03-29 00:00:00",17001163,38893
"2023-03-28 00:00:00",16962270,33418
"2023-03-27 00:00:00",16928852,35221
"2023-03-26 00:00:00",16893631,0
"2023-03-25 00:00:00",16893631,78230
"2023-03-24 00:00:00",16815401,38231
"2023-03-23 00:00:00",16777170,38820
"2023-03-22 00:00:00",16738350,38374
"2023-03-21 00:00:00",16699976,32068
"2023-03-20 00:00:00",16667908,34579
"2023-03-19 00:00:00",16633329,39518
"2023-03-18 00:00:00",16593811,39291
"2023-03-17 00:00:00",16554520,39253
"2023-03-16 00:00:00",16515267,39261
"2023-03-15 00:00:00",16476006,37600
"2023-03-14 00:00:00",16438406,33095
"2023-03-13 00:00:00",16405311,35469
"2023-03-12 00:00:00",16369842,40541
"2023-03-11 00:00:00",16329301,0
"2023-03-10 00:00:00",16329301,81825
"2023-03-09 00:00:00",16247476,39726
"2023-03-08 00:00:00",16207750,36760
"2023-03-07 00:00:00",16170990,0
"2023-03-06 00:00:00",16170990,64144
"2023-03-05 00:00:00",16106846,37592
"2023-03-04 00:00:00",16069254,38028
"2023-03-03 00:00:00",16031226,38033
"2023-03-02 00:00:00",15993193,37898
"2023-03-01 00:00:00",15955295,36686
"2023-02-28 00:00:00",15918609,0
"2023-02-27 00:00:00",15918609,64825
"2023-02-26 00:00:00",15853784,38206
"2023-02-25 00:00:00",15815578,38668
"2023-02-24 00:00:00",15776910,38616
"2023-02-23 00:00:00",15738294,39299
"2023-02-22 00:00:00",15698995,37039
"2023-02-21 00:00:00",15661956,34457
"2023-02-20 00:00:00",15627499,35970
"2023-02-19 00:00:00",15591529,40307
"2023-02-18 00:00:00",15551222,40943
"2023-02-17 00:00:00",15510279,38900
"2023-02-16 00:00:00",15471379,0
"2023-02-15 00:00:00",15471379,74154
"2023-02-14 00:00:00",15397225,0
"2023-02-13 00:00:00",15397225,65287
"2023-02-12 00:00:00",15331938,39751
"2023-02-11 00:00:00",15292187,39942
"2023-02-10 00:00:00",15252245,40410
"2023-02-09 00:00:00",15211835,40033
"2023-02-08 00:00:00",15171802,38745
"2023-02-07 00:00:00",15133057,33300
"2023-02-06 00:00:00",15099757,35679
"2023-02-05 00:00:00",15064078,41011
"2023-02-04 00:00:00",15023067,41111
"2023-02-03 00:00:00",14981956,39360
"2023-02-02 00:00:00",14942596,39685
"2023-02-01 00:00:00",14902911,0
"2023-01-31 00:00:00",14902911,72307
"2023-01-30 00:00:00",14830604,36802
"2023-01-29 00:00:00",14793802,41308
"2023-01-28 00:00:00",14752494,41294
"2023-01-27 00:00:00",14711200,41792
"2023-01-26 00:00:00",14669408,42601
"2023-01-25 00:00:00",14626807,40325
"2023-01-24 00:00:00",14586482,34977
"2023-01-23 00:00:00",14551505,37917
"2023-01-22 00:00:00",14513588,43474
"2023-01-21 00:00:00",14470114,42972
"2023-01-20 00:00:00",14427142,43553
"2023-01-19 00:00:00",14383589,43748
"2023-01-18 00:00:00",14339841,38912
"2023-01-17 00:00:00",14300929,35729
"2023-01-16 00:00:00",14265200,37959
"2023-01-15 00:00:00",14227241,44784
"2023-01-14 00:00:00",14182457,44726
"2023-01-13 00:00:00",14137731,0
"2023-01-12 00:00:00",14137731,90085
"2023-01-11 00:00:00",14047646,45164
"2023-01-10 00:00:00",14002482,37757
"2023-01-09 00:00:00",13964725,40976
"2023-01-08 00:00:00",13923749,45284
"2023-01-07 00:00:00",13878465,45592
"2023-01-06 00:00:00",13832873,45192
"2023-01-05 00:00:00",13787681,43500
"2023-01-04 00:00:00",13744181,38461
"2023-01-03 00:00:00",13705720,35481
"2023-01-02 00:00:00",13670239,40779
"2023-01-01 00:00:00",13629460,43581
"2022-12-31 00:00:00",13585879,44032
"2022-12-30 00:00:00",13541847,43911
"2022-12-29 00:00:00",13497936,0
"2022-12-28 00:00:00",13497936,82240
"2022-12-27 00:00:00",13415696,33027
"2022-12-26 00:00:00",13382669,41020
"2022-12-25 00:00:00",13341649,44235
"2022-12-24 00:00:00",13297414,48251
"2022-12-23 00:00:00",13249163,49279
"2022-12-22 00:00:00",13199884,49668
"2022-12-21 00:00:00",13150216,46485
"2022-12-20 00:00:00",13103731,40252
"2022-12-19 00:00:00",13063479,0
"2022-12-18 00:00:00",13063479,98314
"2022-12-17 00:00:00",12965165,53529
"2022-12-16 00:00:00",12911636,52856
"2022-12-15 00:00:00",12858780,51884
"2022-12-14 00:00:00",12806896,48981
"2022-12-13 00:00:00",12757915,0
"2022-12-12 00:00:00",12757915,83574
"2022-12-11 00:00:00",12674341,50936
"2022-12-10 00:00:00",12623405,52949
"2022-12-09 00:00:00",12570456,52575
"2022-12-08 00:00:00",12517881,51071
"2022-12-07 00:00:00",12466810,50899
"2022-12-06 00:00:00",12415911,50899
"2022-12-05 00:00:00",12365013,50899
"2022-12-04 00:00:00",12314114,50899
"2022-12-03 00:00:00",12263215,50899
"2022-12-02 00:00:00",12212317,50899
"2022-12-01 00:00:00",12161418,48005
"2022-11-30 00:00:00",12113413,47911
"2022-11-29 00:00:00",12065502,38436
"2022-11-28 00:00:00",12027066,40691
"2022-11-27 00:00:00",11986375,41241
"2022-11-26 00:00:00",11945134,41213
"2022-11-25 00:00:00",11903921,46683
"2022-11-24 00:00:00",11857238,45906
"2022-11-23 00:00:00",11811332,44522
"2022-11-22 00:00:00",11766810,38597
"2022-11-21 00:00:00",11728213,42416
"2022-11-20 00:00:00",11685797,48746
"2022-11-19 00:00:00",11637051,49184
"2022-11-18 00:00:00",11587867,48463
"2022-11-17 00:00:00",11539404,48343
"2022-11-16 00:00:00",11491061,48127
"2022-11-15 00:00:00",11442934,38834
"2022-11-14 00:00:00",11404100,42704
"2022-11-13 00:00:00",11361396,46928
"2022-11-12 00:00:00",11314468,48335
"2022-11-11 00:00:00",11266133,48428
"2022-11-10 00:00:00",11217705,47687
"2022-11-09 00:00:00",11170018,47977
"2022-11-08 00:00:00",11122041,39810
"2022-11-07 00:00:00",11082231,43235
"2022-11-06 00:00:00",11038996,49568
"2022-11-05 00:00:00",10989428,51243
"2022-11-04 00:00:00",10938185,50863
"2022-11-03 00:00:00",10887322,50843
"2022-11-02 00:00:00",10836479,52202
"2022-11-01 00:00:00",10784277,42823
"2022-10-31 00:00:00",10741454,47770
"2022-10-30 00:00:00",10693684,55341
"2022-10-29 00:00:00",10638343,56111
"2022-10-28 00:00:00",10582232,55119
"2022-10-27 00:00:00",10527113,56581
"2022-10-26 00:00:00",10470532,56708
"2022-10-25 00:00:00",10413824,47106
"2022-10-24 00:00:00",10366718,52410
"2022-10-23 00:00:00",10314308,60449
"2022-10-22 00:00:00",10253859,59502
"2022-10-21 00:00:00",10194357,59738
"2022-10-20 00:00:00",10134619,58350
"2022-10-19 00:00:00",10076269,57772
"2022-10-18 00:00:00",10018497,49440
"2022-10-17 00:00:00",9969057,54919
"2022-10-16 00:00:00",9914138,63365
"2022-10-15 00:00:00",9850773,64551
"2022-10-14 00:00:00",9786222,75846
"2022-10-13 00:00:00",9710376,86680
"2022-10-12 00:00:00",9623696,83242
"2022-10-11 00:00:00",9540454,70291
"2022-10-10 00:00:00",9470163,75460
"2022-10-09 00:00:00",9394703,88363
"2022-10-08 00:00:00",9306340,83997
"2022-10-07 00:00:00",9222343,78262
"2022-10-06 00:00:00",9144081,78708
"2022-10-05 00:00:00",9065373,78403
"2022-10-04 00:00:00",8986970,68767
"2022-10-03 00:00:00",8918203,77009
"2022-10-02 00:00:00",8841194,87285
"2022-10-01 00:00:00",8753909,89743
"2022-09-30 00:00:00",8664166,87729
"2022-09-29 00:00:00",8576437,86429
"2022-09-28 00:00:00",8490008,84847
"2022-09-27 00:00:00",8405161,69315
"2022-09-26 00:00:00",8335846,76369
"2022-09-25 00:00:00",8259477,91990
"2022-09-24 00:00:00",8167487,91105
"2022-09-23 00:00:00",8076382,93825
"2022-09-22 00:00:00",7982557,94436
"2022-09-21 00:00:00",7888121,90804
"2022-09-20 00:00:00",7797317,74336
"2022-09-19 00:00:00",7722981,83603
"2022-09-18 00:00:00",7639378,100587
"2022-09-17 00:00:00",7538791,100418
"2022-09-16 00:00:00",7438373,99672
"2022-09-15 00:00:00",7338701,99146
"2022-09-14 00:00:00",7239555,93262
"2022-09-13 00:00:00",7146293,73635
"2022-09-12 00:00:00",7072658,73248
"2022-09-11 00:00:00",6999410,76019
"2022-09-10 00:00:00",6923391,74641
"2022-09-09 00:00:00",6848750,75572
"2022-09-08 00:00:00",6773178,141225
"2022-09-07 00:00:00",6631953,0
"2022-09-06 00:00:00",6631953,64177
"2022-09-05 00:00:00",6567776,70713
"2022-09-04 00:00:00",6497063,83776
"2022-09-03 00:00:00",6413287,86624
"2022-09-02 00:00:00",6326663,87844
"2022-09-01 00:00:00",6238819,87080
"2022-08-31 00:00:00",6151739,86002
"2022-08-30 00:00:00",6065737,73736
"2022-08-29 00:00:00",5992001,82403
"2022-08-28 00:00:00",5909598,94910
"2022-08-27 00:00:00",5814688,97673
"2022-08-26 00:00:00",5717015,98684
"2022-08-25 00:00:00",5618331,100699
"2022-08-24 00:00:00",5517632,101406
"2022-08-23 00:00:00",5416226,0
"2022-08-22 00:00:00",5416226,138448
"2022-08-21 00:00:00",5277778,138448
"2022-08-20 00:00:00",5139331,138448
"2022-08-19 00:00:00",5000883,138448
"2022-08-18 00:00:00",4862435,133664
"2022-08-17 00:00:00",4728771,133890
"2022-08-16 00:00:00",4594881,121634
"2022-08-15 00:00:00",4473247,137963
"2022-08-14 00:00:00",4335284,155942
"2022-08-13 00:00:00",4179342,169478
"2022-08-12 00:00:00",4009864,165697
"2022-08-11 00:00:00",3844167,174403
"2022-08-10 00:00:00",3669764,174512
"2022-08-09 00:00:00",3495252,171654
"2022-08-08 00:00:00",3323598,210883
"2022-08-07 00:00:00",3112715,224423
"2022-08-06 00:00:00",2888292,535010
"2022-08-05 00:00:00",2353282,469924
"2022-08-04 00:00:00",1883358,415729
"2022-08-03 00:00:00",1467629,329386
"2022-08-02 00:00:00",1138243,293858
"2022-08-01 00:00:00",844385,380501
"2022-07-31 00:00:00",463884,457174
"2022-07-30 00:00:00",6710,0