﻿"DateTime","Spotify Streams","Change"
"2023-05-15 00:00:00",9887266,18312
"2023-05-14 00:00:00",9868954,0
"2023-05-13 00:00:00",9868954,30842
"2023-05-12 00:00:00",9838112,30842
"2023-05-11 00:00:00",9807270,0
"2023-05-10 00:00:00",9807270,40296
"2023-05-09 00:00:00",9766974,17459
"2023-05-08 00:00:00",9749515,19528
"2023-05-07 00:00:00",9729987,21094
"2023-05-06 00:00:00",9708893,21367
"2023-05-05 00:00:00",9687526,0
"2023-05-04 00:00:00",9687526,42503
"2023-05-03 00:00:00",9645023,20630
"2023-05-02 00:00:00",9624393,19122
"2023-05-01 00:00:00",9605271,19122
"2023-04-30 00:00:00",9586149,22750
"2023-04-29 00:00:00",9563399,22821
"2023-04-28 00:00:00",9540578,23411
"2023-04-27 00:00:00",9517167,22438
"2023-04-26 00:00:00",9494729,21501
"2023-04-25 00:00:00",9473228,19117
"2023-04-24 00:00:00",9454112,19117
"2023-04-23 00:00:00",9434995,21767
"2023-04-22 00:00:00",9413228,21773
"2023-04-21 00:00:00",9391455,21283
"2023-04-20 00:00:00",9370172,21842
"2023-04-19 00:00:00",9348330,21339
"2023-04-18 00:00:00",9326991,0
"2023-04-17 00:00:00",9326991,38955
"2023-04-16 00:00:00",9288036,0
"2023-04-15 00:00:00",9288036,22472
"2023-04-14 00:00:00",9265564,43503
"2023-04-13 00:00:00",9222061,21348
"2023-04-12 00:00:00",9200713,19450
"2023-04-11 00:00:00",9181263,16761
"2023-04-10 00:00:00",9164502,0
"2023-04-09 00:00:00",9164502,18960
"2023-04-08 00:00:00",9145542,20347
"2023-04-07 00:00:00",9125195,43741
"2023-04-06 00:00:00",9081454,21560
"2023-04-05 00:00:00",9059894,20829
"2023-04-04 00:00:00",9039065,18458
"2023-04-03 00:00:00",9020607,20207
"2023-04-02 00:00:00",9000400,22342
"2023-04-01 00:00:00",8978058,22498
"2023-03-31 00:00:00",8955560,21582
"2023-03-30 00:00:00",8933978,21671
"2023-03-29 00:00:00",8912307,21535
"2023-03-28 00:00:00",8890772,18335
"2023-03-27 00:00:00",8872437,20380
"2023-03-26 00:00:00",8852057,0
"2023-03-25 00:00:00",8852057,44030
"2023-03-24 00:00:00",8808027,22296
"2023-03-23 00:00:00",8785731,22302
"2023-03-22 00:00:00",8763429,21748
"2023-03-21 00:00:00",8741681,0
"2023-03-20 00:00:00",8741681,39272
"2023-03-19 00:00:00",8702409,21486
"2023-03-18 00:00:00",8680923,21765
"2023-03-17 00:00:00",8659158,0
"2023-03-16 00:00:00",8659158,21449
"2023-03-15 00:00:00",8637709,42766
"2023-03-14 00:00:00",8594943,0
"2023-03-13 00:00:00",8594943,40229
"2023-03-12 00:00:00",8554714,22871
"2023-03-11 00:00:00",8531843,23098
"2023-03-10 00:00:00",8508745,22759
"2023-03-09 00:00:00",8485986,23156
"2023-03-08 00:00:00",8462830,22710
"2023-03-07 00:00:00",8440120,19703
"2023-03-06 00:00:00",8420417,21605
"2023-03-05 00:00:00",8398812,23730
"2023-03-04 00:00:00",8375082,23786
"2023-03-03 00:00:00",8351296,0
"2023-03-02 00:00:00",8351296,48242
"2023-03-01 00:00:00",8303054,23358
"2023-02-28 00:00:00",8279696,0
"2023-02-27 00:00:00",8279696,40555
"2023-02-26 00:00:00",8239141,23261
"2023-02-25 00:00:00",8215880,24183
"2023-02-24 00:00:00",8191697,24107
"2023-02-23 00:00:00",8167590,24778
"2023-02-22 00:00:00",8142812,22955
"2023-02-21 00:00:00",8119857,20659
"2023-02-20 00:00:00",8099198,22406
"2023-02-19 00:00:00",8076792,24593
"2023-02-18 00:00:00",8052199,24183
"2023-02-17 00:00:00",8028016,24197
"2023-02-16 00:00:00",8003819,24421
"2023-02-15 00:00:00",7979398,22952
"2023-02-14 00:00:00",7956446,21307
"2023-02-13 00:00:00",7935139,0
"2023-02-12 00:00:00",7935139,49534
"2023-02-11 00:00:00",7885605,25718
"2023-02-10 00:00:00",7859887,25770
"2023-02-09 00:00:00",7834117,25997
"2023-02-08 00:00:00",7808120,25451
"2023-02-07 00:00:00",7782669,21948
"2023-02-06 00:00:00",7760721,23997
"2023-02-05 00:00:00",7736724,26861
"2023-02-04 00:00:00",7709863,26557
"2023-02-03 00:00:00",7683306,26029
"2023-02-02 00:00:00",7657277,26446
"2023-02-01 00:00:00",7630831,25379
"2023-01-31 00:00:00",7605452,22122
"2023-01-30 00:00:00",7583330,25225
"2023-01-29 00:00:00",7558105,0
"2023-01-28 00:00:00",7558105,55410
"2023-01-27 00:00:00",7502695,27378
"2023-01-26 00:00:00",7475317,28412
"2023-01-25 00:00:00",7446905,0
"2023-01-24 00:00:00",7446905,50662
"2023-01-23 00:00:00",7396243,26657
"2023-01-22 00:00:00",7369586,0
"2023-01-21 00:00:00",7369586,29978
"2023-01-20 00:00:00",7339608,65166
"2023-01-19 00:00:00",7274442,32586
"2023-01-18 00:00:00",7241856,29849
"2023-01-17 00:00:00",7212007,26791
"2023-01-16 00:00:00",7185216,28305
"2023-01-15 00:00:00",7156911,33683
"2023-01-14 00:00:00",7123228,33741
"2023-01-13 00:00:00",7089487,32647
"2023-01-12 00:00:00",7056840,31978
"2023-01-11 00:00:00",7024862,31042
"2023-01-10 00:00:00",6993820,26285
"2023-01-09 00:00:00",6967535,0
"2023-01-08 00:00:00",6967535,61066
"2023-01-07 00:00:00",6906469,31728
"2023-01-06 00:00:00",6874741,31408
"2023-01-05 00:00:00",6843333,30420
"2023-01-04 00:00:00",6812913,28504
"2023-01-03 00:00:00",6784409,25529
"2023-01-02 00:00:00",6758880,30532
"2023-01-01 00:00:00",6728348,31959
"2022-12-31 00:00:00",6696389,31999
"2022-12-30 00:00:00",6664390,31184
"2022-12-29 00:00:00",6633206,30952
"2022-12-28 00:00:00",6602254,27563
"2022-12-27 00:00:00",6574691,24094
"2022-12-26 00:00:00",6550597,28882
"2022-12-25 00:00:00",6521715,31676
"2022-12-24 00:00:00",6490039,33326
"2022-12-23 00:00:00",6456713,33650
"2022-12-22 00:00:00",6423063,33384
"2022-12-21 00:00:00",6389679,32636
"2022-12-20 00:00:00",6357043,27310
"2022-12-19 00:00:00",6329733,32174
"2022-12-18 00:00:00",6297559,35446
"2022-12-17 00:00:00",6262113,35611
"2022-12-16 00:00:00",6226502,34951
"2022-12-15 00:00:00",6191551,35261
"2022-12-14 00:00:00",6156290,35127
"2022-12-13 00:00:00",6121163,0
"2022-12-12 00:00:00",6121163,63247
"2022-12-11 00:00:00",6057916,36454
"2022-12-10 00:00:00",6021462,39362
"2022-12-09 00:00:00",5982100,39602
"2022-12-08 00:00:00",5942498,38553
"2022-12-07 00:00:00",5903945,36989
"2022-12-06 00:00:00",5866956,39192
"2022-12-05 00:00:00",5827764,39192
"2022-12-04 00:00:00",5788573,39192
"2022-12-03 00:00:00",5749381,39192
"2022-12-02 00:00:00",5710190,39192
"2022-12-01 00:00:00",5670998,0
"2022-11-30 00:00:00",5670998,88305
"2022-11-29 00:00:00",5582693,37309
"2022-11-28 00:00:00",5545384,40936
"2022-11-27 00:00:00",5504448,41422
"2022-11-26 00:00:00",5463026,43158
"2022-11-25 00:00:00",5419868,47747
"2022-11-24 00:00:00",5372121,46886
"2022-11-23 00:00:00",5325235,45470
"2022-11-22 00:00:00",5279765,40559
"2022-11-21 00:00:00",5239206,46824
"2022-11-20 00:00:00",5192382,51931
"2022-11-19 00:00:00",5140451,53295
"2022-11-18 00:00:00",5087156,53267
"2022-11-17 00:00:00",5033889,54876
"2022-11-16 00:00:00",4979013,54904
"2022-11-15 00:00:00",4924109,47429
"2022-11-14 00:00:00",4876680,59345
"2022-11-13 00:00:00",4817336,59345
"2022-11-12 00:00:00",4757991,66209
"2022-11-11 00:00:00",4691782,67630
"2022-11-10 00:00:00",4624152,67722
"2022-11-09 00:00:00",4556430,67301
"2022-11-08 00:00:00",4489129,57678
"2022-11-07 00:00:00",4431451,65904
"2022-11-06 00:00:00",4365547,76359
"2022-11-05 00:00:00",4289188,99105
"2022-11-04 00:00:00",4190083,97489
"2022-11-03 00:00:00",4092594,98989
"2022-11-02 00:00:00",3993605,104255
"2022-11-01 00:00:00",3889350,90961
"2022-10-31 00:00:00",3798389,109918
"2022-10-30 00:00:00",3688471,127230
"2022-10-29 00:00:00",3561241,134969
"2022-10-28 00:00:00",3426272,139004
"2022-10-27 00:00:00",3287268,145773
"2022-10-26 00:00:00",3141495,151022
"2022-10-25 00:00:00",2990473,132147
"2022-10-24 00:00:00",2858326,161516
"2022-10-23 00:00:00",2696810,202039
"2022-10-22 00:00:00",2494771,224821
"2022-10-21 00:00:00",2269950,242875
"2022-10-20 00:00:00",2027075,287918
"2022-10-19 00:00:00",1739157,328744
"2022-10-18 00:00:00",1410413,0
"2022-10-17 00:00:00",1410413,761954
"2022-10-16 00:00:00",648459,0