﻿"DateTime","Spotify Streams","Change"
"2023-05-10 00:00:00",2156444,1292
"2023-05-09 00:00:00",2155152,1083
"2023-05-08 00:00:00",2154069,1083
"2023-05-07 00:00:00",2152986,1408
"2023-05-06 00:00:00",2151578,1471
"2023-05-05 00:00:00",2150107,1513
"2023-05-04 00:00:00",2148594,0
"2023-05-03 00:00:00",2148594,2190
"2023-05-02 00:00:00",2146405,2190
"2023-05-01 00:00:00",2144215,1425
"2023-04-30 00:00:00",2142790,1676
"2023-04-29 00:00:00",2141114,1518
"2023-04-28 00:00:00",2139596,1406
"2023-04-27 00:00:00",2138190,1487
"2023-04-26 00:00:00",2136703,1411
"2023-04-25 00:00:00",2135292,1215
"2023-04-24 00:00:00",2134077,1215
"2023-04-23 00:00:00",2132862,1640
"2023-04-22 00:00:00",2131222,1673
"2023-04-21 00:00:00",2129549,1592
"2023-04-20 00:00:00",2127957,1597
"2023-04-19 00:00:00",2126360,1685
"2023-04-18 00:00:00",2124675,1272
"2023-04-17 00:00:00",2123403,0
"2023-04-16 00:00:00",2123403,2873
"2023-04-15 00:00:00",2120530,1713
"2023-04-14 00:00:00",2118817,1576
"2023-04-13 00:00:00",2117241,1428
"2023-04-12 00:00:00",2115813,1376
"2023-04-11 00:00:00",2114437,1083
"2023-04-10 00:00:00",2113354,1235
"2023-04-09 00:00:00",2112119,1242
"2023-04-08 00:00:00",2110877,1446
"2023-04-07 00:00:00",2109431,1417
"2023-04-06 00:00:00",2108014,1472
"2023-04-05 00:00:00",2106542,1507
"2023-04-04 00:00:00",2105035,1155
"2023-04-03 00:00:00",2103880,1282
"2023-04-02 00:00:00",2102598,1463
"2023-04-01 00:00:00",2101135,1552
"2023-03-31 00:00:00",2099583,1560
"2023-03-30 00:00:00",2098023,0
"2023-03-29 00:00:00",2098023,3160
"2023-03-28 00:00:00",2094863,1300
"2023-03-27 00:00:00",2093563,1414
"2023-03-26 00:00:00",2092149,0
"2023-03-25 00:00:00",2092149,3271
"2023-03-24 00:00:00",2088878,0
"2023-03-23 00:00:00",2088878,3626
"2023-03-22 00:00:00",2085252,1560
"2023-03-21 00:00:00",2083692,1383
"2023-03-20 00:00:00",2082309,1462
"2023-03-19 00:00:00",2080847,1720
"2023-03-18 00:00:00",2079127,1818
"2023-03-17 00:00:00",2077309,1831
"2023-03-16 00:00:00",2075478,1682
"2023-03-15 00:00:00",2073796,1736
"2023-03-14 00:00:00",2072060,1519
"2023-03-13 00:00:00",2070541,1647
"2023-03-12 00:00:00",2068894,2018
"2023-03-11 00:00:00",2066876,2200
"2023-03-10 00:00:00",2064676,2103
"2023-03-09 00:00:00",2062573,2221
"2023-03-08 00:00:00",2060352,2108
"2023-03-07 00:00:00",2058244,1762
"2023-03-06 00:00:00",2056482,0
"2023-03-05 00:00:00",2056482,4598
"2023-03-04 00:00:00",2051884,2810
"2023-03-03 00:00:00",2049074,2696
"2023-03-02 00:00:00",2046378,2230
"2023-03-01 00:00:00",2044148,2115
"2023-02-28 00:00:00",2042033,0
"2023-02-27 00:00:00",2042033,3534
"2023-02-26 00:00:00",2038499,2127
"2023-02-25 00:00:00",2036372,2374
"2023-02-24 00:00:00",2033998,2211
"2023-02-23 00:00:00",2031787,3968
"2023-02-22 00:00:00",2027819,0
"2023-02-21 00:00:00",2027819,1621
"2023-02-20 00:00:00",2026198,0
"2023-02-19 00:00:00",2026198,4147
"2023-02-18 00:00:00",2022051,2546
"2023-02-17 00:00:00",2019505,2228
"2023-02-16 00:00:00",2017277,0
"2023-02-15 00:00:00",2017277,4467
"2023-02-14 00:00:00",2012810,1897
"2023-02-13 00:00:00",2010913,0
"2023-02-12 00:00:00",2010913,4644
"2023-02-11 00:00:00",2006269,2429
"2023-02-10 00:00:00",2003840,2484
"2023-02-09 00:00:00",2001356,2544
"2023-02-08 00:00:00",1998812,2108
"2023-02-07 00:00:00",1996705,2108
"2023-02-06 00:00:00",1994597,0
"2023-02-05 00:00:00",1994597,4511
"2023-02-04 00:00:00",1990086,2514
"2023-02-03 00:00:00",1987572,2462
"2023-02-02 00:00:00",1985110,2362
"2023-02-01 00:00:00",1982748,2199
"2023-01-31 00:00:00",1980549,1867
"2023-01-30 00:00:00",1978682,2081
"2023-01-29 00:00:00",1976601,2350
"2023-01-28 00:00:00",1974251,2617
"2023-01-27 00:00:00",1971634,2504
"2023-01-26 00:00:00",1969130,2540
"2023-01-25 00:00:00",1966590,2628
"2023-01-24 00:00:00",1963962,2081
"2023-01-23 00:00:00",1961881,2309
"2023-01-22 00:00:00",1959572,2796
"2023-01-21 00:00:00",1956776,3018
"2023-01-20 00:00:00",1953758,3142
"2023-01-19 00:00:00",1950616,3167
"2023-01-18 00:00:00",1947449,2970
"2023-01-17 00:00:00",1944479,2407
"2023-01-16 00:00:00",1942072,2728
"2023-01-15 00:00:00",1939344,3517
"2023-01-14 00:00:00",1935827,2748
"2023-01-13 00:00:00",1933079,2785
"2023-01-12 00:00:00",1930294,2631
"2023-01-11 00:00:00",1927663,2492
"2023-01-10 00:00:00",1925171,1949
"2023-01-09 00:00:00",1923222,2217
"2023-01-08 00:00:00",1921005,2453
"2023-01-07 00:00:00",1918552,2803
"2023-01-06 00:00:00",1915749,2462
"2023-01-05 00:00:00",1913287,2265
"2023-01-04 00:00:00",1911022,2077
"2023-01-03 00:00:00",1908945,1692
"2023-01-02 00:00:00",1907253,2033
"2023-01-01 00:00:00",1905220,2345
"2022-12-31 00:00:00",1902875,2363
"2022-12-30 00:00:00",1900512,2390
"2022-12-29 00:00:00",1898122,2210
"2022-12-28 00:00:00",1895912,0
"2022-12-27 00:00:00",1895912,3071
"2022-12-26 00:00:00",1892841,1814
"2022-12-25 00:00:00",1891027,2206
"2022-12-24 00:00:00",1888821,2275
"2022-12-23 00:00:00",1886546,2303
"2022-12-22 00:00:00",1884243,2309
"2022-12-21 00:00:00",1881934,2125
"2022-12-20 00:00:00",1879809,1724
"2022-12-19 00:00:00",1878085,1962
"2022-12-18 00:00:00",1876123,2382
"2022-12-17 00:00:00",1873741,2541
"2022-12-16 00:00:00",1871200,2547
"2022-12-15 00:00:00",1868653,2573
"2022-12-14 00:00:00",1866080,2743
"2022-12-13 00:00:00",1863337,1929
"2022-12-12 00:00:00",1861408,2116
"2022-12-11 00:00:00",1859292,2616
"2022-12-10 00:00:00",1856676,2616
"2022-12-09 00:00:00",1854060,2532
"2022-12-08 00:00:00",1851528,2707
"2022-12-07 00:00:00",1848821,2373
"2022-12-06 00:00:00",1846448,2456
"2022-12-05 00:00:00",1843992,2456
"2022-12-04 00:00:00",1841536,2456
"2022-12-03 00:00:00",1839081,2456
"2022-12-02 00:00:00",1836625,2456
"2022-12-01 00:00:00",1834169,2426
"2022-11-30 00:00:00",1831743,2224
"2022-11-29 00:00:00",1829519,1752
"2022-11-28 00:00:00",1827767,1865
"2022-11-27 00:00:00",1825902,1898
"2022-11-26 00:00:00",1824004,2007
"2022-11-25 00:00:00",1821997,2408
"2022-11-24 00:00:00",1819589,2349
"2022-11-23 00:00:00",1817240,2177
"2022-11-22 00:00:00",1815063,1887
"2022-11-21 00:00:00",1813176,2064
"2022-11-20 00:00:00",1811112,2415
"2022-11-19 00:00:00",1808697,2497
"2022-11-18 00:00:00",1806200,2542
"2022-11-17 00:00:00",1803658,2552
"2022-11-16 00:00:00",1801106,2417
"2022-11-15 00:00:00",1798689,1991
"2022-11-14 00:00:00",1796698,2120
"2022-11-13 00:00:00",1794578,2455
"2022-11-12 00:00:00",1792123,2578
"2022-11-11 00:00:00",1789545,2573
"2022-11-10 00:00:00",1786972,2549
"2022-11-09 00:00:00",1784423,2554
"2022-11-08 00:00:00",1781869,1976
"2022-11-07 00:00:00",1779893,2206
"2022-11-06 00:00:00",1777687,2631
"2022-11-05 00:00:00",1775056,2907
"2022-11-04 00:00:00",1772149,3046
"2022-11-03 00:00:00",1769103,2806
"2022-11-02 00:00:00",1766297,2909
"2022-11-01 00:00:00",1763388,2282
"2022-10-31 00:00:00",1761106,2539
"2022-10-30 00:00:00",1758567,3308
"2022-10-29 00:00:00",1755259,3265
"2022-10-28 00:00:00",1751994,3335
"2022-10-27 00:00:00",1748659,3348
"2022-10-26 00:00:00",1745311,3312
"2022-10-25 00:00:00",1741999,2591
"2022-10-24 00:00:00",1739408,2875
"2022-10-23 00:00:00",1736533,3550
"2022-10-22 00:00:00",1732983,3748
"2022-10-21 00:00:00",1729235,0
"2022-10-20 00:00:00",1729235,7069
"2022-10-19 00:00:00",1722166,3494
"2022-10-18 00:00:00",1718672,2703
"2022-10-17 00:00:00",1715969,2946
"2022-10-16 00:00:00",1713023,3533
"2022-10-15 00:00:00",1709490,3821
"2022-10-14 00:00:00",1705669,3820
"2022-10-13 00:00:00",1701849,3810
"2022-10-12 00:00:00",1698039,3596
"2022-10-11 00:00:00",1694443,2903
"2022-10-10 00:00:00",1691540,3223
"2022-10-09 00:00:00",1688317,3916
"2022-10-08 00:00:00",1684401,4533
"2022-10-07 00:00:00",1679868,4475
"2022-10-06 00:00:00",1675393,4395
"2022-10-05 00:00:00",1670998,4200
"2022-10-04 00:00:00",1666798,3127
"2022-10-03 00:00:00",1663671,3387
"2022-10-02 00:00:00",1660284,4035
"2022-10-01 00:00:00",1656249,4188
"2022-09-30 00:00:00",1652061,3870
"2022-09-29 00:00:00",1648191,4108
"2022-09-28 00:00:00",1644083,3926
"2022-09-27 00:00:00",1640157,3033
"2022-09-26 00:00:00",1637124,3459
"2022-09-25 00:00:00",1633665,4211
"2022-09-24 00:00:00",1629454,4265
"2022-09-23 00:00:00",1625189,8579
"2022-09-22 00:00:00",1616610,0
"2022-09-21 00:00:00",1616610,4208
"2022-09-20 00:00:00",1612402,3411
"2022-09-19 00:00:00",1608991,3734
"2022-09-18 00:00:00",1605257,4586
"2022-09-17 00:00:00",1600671,4425
"2022-09-16 00:00:00",1596246,4400
"2022-09-15 00:00:00",1591846,4579
"2022-09-14 00:00:00",1587267,4576
"2022-09-13 00:00:00",1582691,3351
"2022-09-12 00:00:00",1579340,4199
"2022-09-11 00:00:00",1575141,4729
"2022-09-10 00:00:00",1570412,4858
"2022-09-09 00:00:00",1565554,4965
"2022-09-08 00:00:00",1560589,9416
"2022-09-07 00:00:00",1551173,0
"2022-09-06 00:00:00",1551173,4113
"2022-09-05 00:00:00",1547060,4537
"2022-09-04 00:00:00",1542523,5761
"2022-09-03 00:00:00",1536762,6133
"2022-09-02 00:00:00",1530629,5593
"2022-09-01 00:00:00",1525036,5434
"2022-08-31 00:00:00",1519602,5062
"2022-08-30 00:00:00",1514540,4211
"2022-08-29 00:00:00",1510329,4750
"2022-08-28 00:00:00",1505579,5591
"2022-08-27 00:00:00",1499988,6175
"2022-08-26 00:00:00",1493813,5850
"2022-08-25 00:00:00",1487963,6178
"2022-08-24 00:00:00",1481785,6234
"2022-08-23 00:00:00",1475551,5977
"2022-08-22 00:00:00",1469574,5977
"2022-08-21 00:00:00",1463598,5977
"2022-08-20 00:00:00",1457621,5977
"2022-08-19 00:00:00",1451644,6712
"2022-08-18 00:00:00",1444932,6909
"2022-08-17 00:00:00",1438023,6501
"2022-08-16 00:00:00",1431522,5743
"2022-08-15 00:00:00",1425779,6056
"2022-08-14 00:00:00",1419723,7261
"2022-08-13 00:00:00",1412462,7776
"2022-08-12 00:00:00",1404686,6788
"2022-08-11 00:00:00",1397898,7362
"2022-08-10 00:00:00",1390536,7035
"2022-08-09 00:00:00",1383501,6278
"2022-08-08 00:00:00",1377223,6430
"2022-08-07 00:00:00",1370793,7732
"2022-08-06 00:00:00",1363061,8128
"2022-08-05 00:00:00",1354933,7943
"2022-08-04 00:00:00",1346990,8283
"2022-08-03 00:00:00",1338707,8183
"2022-08-02 00:00:00",1330524,7125
"2022-08-01 00:00:00",1323399,8568
"2022-07-31 00:00:00",1314831,9704
"2022-07-30 00:00:00",1305127,10372
"2022-07-29 00:00:00",1294755,11220
"2022-07-28 00:00:00",1283535,10703
"2022-07-27 00:00:00",1272832,10665
"2022-07-26 00:00:00",1262167,9084
"2022-07-25 00:00:00",1253083,10404
"2022-07-24 00:00:00",1242679,13229
"2022-07-23 00:00:00",1229450,14765
"2022-07-22 00:00:00",1214685,16248
"2022-07-21 00:00:00",1198437,11710
"2022-07-20 00:00:00",1186727,11188
"2022-07-19 00:00:00",1175539,10099
"2022-07-18 00:00:00",1165440,11035
"2022-07-17 00:00:00",1154405,13279
"2022-07-16 00:00:00",1141126,13575
"2022-07-15 00:00:00",1127551,12177
"2022-07-14 00:00:00",1115374,23352
"2022-07-13 00:00:00",1092022,0
"2022-07-12 00:00:00",1092022,10299
"2022-07-11 00:00:00",1081723,11952
"2022-07-10 00:00:00",1069771,13864
"2022-07-09 00:00:00",1055907,14324
"2022-07-08 00:00:00",1041583,14768
"2022-07-07 00:00:00",1026815,15166
"2022-07-06 00:00:00",1011649,14487
"2022-07-05 00:00:00",997162,13930
"2022-07-04 00:00:00",983232,16639
"2022-07-03 00:00:00",966593,20839
"2022-07-02 00:00:00",945754,22851
"2022-07-01 00:00:00",922903,23748
"2022-06-30 00:00:00",899155,26720
"2022-06-29 00:00:00",872435,29195
"2022-06-28 00:00:00",843240,26747
"2022-06-27 00:00:00",816493,33949
"2022-06-26 00:00:00",782544,46124
"2022-06-25 00:00:00",736420,56772
"2022-06-24 00:00:00",679648,142928
"2022-06-23 00:00:00",536720,0
"2022-06-22 00:00:00",536720,88169
"2022-06-21 00:00:00",448551,89942
"2022-06-20 00:00:00",358609,127687
"2022-06-19 00:00:00",230922,227071
"2022-06-18 00:00:00",3851,0