﻿"DateTime","Spotify Streams","Change"
"2023-05-09 00:00:00",5814458,12539
"2023-05-08 00:00:00",5801919,6613
"2023-05-07 00:00:00",5795306,0
"2023-05-06 00:00:00",5795306,14547
"2023-05-05 00:00:00",5780759,6714
"2023-05-04 00:00:00",5774045,0
"2023-05-03 00:00:00",5774045,9282
"2023-05-02 00:00:00",5764763,9282
"2023-05-01 00:00:00",5755481,3199
"2023-04-30 00:00:00",5752283,3199
"2023-04-29 00:00:00",5749084,6887
"2023-04-28 00:00:00",5742198,6887
"2023-04-27 00:00:00",5735311,13689
"2023-04-26 00:00:00",5721622,6408
"2023-04-25 00:00:00",5715214,5469
"2023-04-24 00:00:00",5709745,6416
"2023-04-23 00:00:00",5703329,6922
"2023-04-22 00:00:00",5696407,6922
"2023-04-21 00:00:00",5689485,6922
"2023-04-20 00:00:00",5682563,6770
"2023-04-19 00:00:00",5675793,6665
"2023-04-18 00:00:00",5669128,0
"2023-04-17 00:00:00",5669128,11802
"2023-04-16 00:00:00",5657326,0
"2023-04-15 00:00:00",5657326,14220
"2023-04-14 00:00:00",5643106,7061
"2023-04-13 00:00:00",5636045,6956
"2023-04-12 00:00:00",5629089,0
"2023-04-11 00:00:00",5629089,11901
"2023-04-10 00:00:00",5617188,6620
"2023-04-09 00:00:00",5610568,6920
"2023-04-08 00:00:00",5603648,7605
"2023-04-07 00:00:00",5596043,7298
"2023-04-06 00:00:00",5588745,7305
"2023-04-05 00:00:00",5581440,7077
"2023-04-04 00:00:00",5574363,5906
"2023-04-03 00:00:00",5568457,6891
"2023-04-02 00:00:00",5561566,7609
"2023-04-01 00:00:00",5553957,7847
"2023-03-31 00:00:00",5546110,7421
"2023-03-30 00:00:00",5538689,7366
"2023-03-29 00:00:00",5531323,7307
"2023-03-28 00:00:00",5524016,6186
"2023-03-27 00:00:00",5517830,7020
"2023-03-26 00:00:00",5510810,8037
"2023-03-25 00:00:00",5502773,7936
"2023-03-24 00:00:00",5494837,8039
"2023-03-23 00:00:00",5486798,0
"2023-03-22 00:00:00",5486798,16078
"2023-03-21 00:00:00",5470720,6454
"2023-03-20 00:00:00",5464266,7733
"2023-03-19 00:00:00",5456533,8591
"2023-03-18 00:00:00",5447942,0
"2023-03-17 00:00:00",5447942,16745
"2023-03-16 00:00:00",5431197,0
"2023-03-15 00:00:00",5431197,16534
"2023-03-14 00:00:00",5414663,7041
"2023-03-13 00:00:00",5407622,0
"2023-03-12 00:00:00",5407622,16896
"2023-03-11 00:00:00",5390726,8988
"2023-03-10 00:00:00",5381738,9065
"2023-03-09 00:00:00",5372673,9462
"2023-03-08 00:00:00",5363211,9049
"2023-03-07 00:00:00",5354162,7432
"2023-03-06 00:00:00",5346730,8728
"2023-03-05 00:00:00",5338002,9522
"2023-03-04 00:00:00",5328480,9610
"2023-03-03 00:00:00",5318870,9539
"2023-03-02 00:00:00",5309331,0
"2023-03-01 00:00:00",5309331,19481
"2023-02-28 00:00:00",5289850,8068
"2023-02-27 00:00:00",5281782,9465
"2023-02-26 00:00:00",5272317,10633
"2023-02-25 00:00:00",5261684,10811
"2023-02-24 00:00:00",5250873,10492
"2023-02-23 00:00:00",5240381,10137
"2023-02-22 00:00:00",5230244,10071
"2023-02-21 00:00:00",5220173,8700
"2023-02-20 00:00:00",5211473,9725
"2023-02-19 00:00:00",5201748,10322
"2023-02-18 00:00:00",5191426,10126
"2023-02-17 00:00:00",5181300,0
"2023-02-16 00:00:00",5181300,21670
"2023-02-15 00:00:00",5159630,10763
"2023-02-14 00:00:00",5148867,9761
"2023-02-13 00:00:00",5139106,10436
"2023-02-12 00:00:00",5128670,8752
"2023-02-11 00:00:00",5119918,8825
"2023-02-10 00:00:00",5111093,9091
"2023-02-09 00:00:00",5102002,9464
"2023-02-08 00:00:00",5092538,8940
"2023-02-07 00:00:00",5083598,7434
"2023-02-06 00:00:00",5076164,8079
"2023-02-05 00:00:00",5068085,0
"2023-02-04 00:00:00",5068085,8393
"2023-02-03 00:00:00",5059692,8251
"2023-02-02 00:00:00",5051441,15718
"2023-02-01 00:00:00",5035723,7587
"2023-01-31 00:00:00",5028136,0
"2023-01-30 00:00:00",5028136,14564
"2023-01-29 00:00:00",5013572,8325
"2023-01-28 00:00:00",5005247,8283
"2023-01-27 00:00:00",4996964,8035
"2023-01-26 00:00:00",4988929,0
"2023-01-25 00:00:00",4988929,15612
"2023-01-24 00:00:00",4973317,6426
"2023-01-23 00:00:00",4966891,7580
"2023-01-22 00:00:00",4959311,0
"2023-01-21 00:00:00",4959311,17329
"2023-01-20 00:00:00",4941982,8678
"2023-01-19 00:00:00",4933304,8443
"2023-01-18 00:00:00",4924861,8059
"2023-01-17 00:00:00",4916802,6975
"2023-01-16 00:00:00",4909827,7466
"2023-01-15 00:00:00",4902361,8655
"2023-01-14 00:00:00",4893706,8638
"2023-01-13 00:00:00",4885068,8764
"2023-01-12 00:00:00",4876304,8294
"2023-01-11 00:00:00",4868010,8192
"2023-01-10 00:00:00",4859818,6966
"2023-01-09 00:00:00",4852852,7697
"2023-01-08 00:00:00",4845155,8180
"2023-01-07 00:00:00",4836975,8398
"2023-01-06 00:00:00",4828577,8187
"2023-01-05 00:00:00",4820390,7914
"2023-01-04 00:00:00",4812476,7344
"2023-01-03 00:00:00",4805132,6223
"2023-01-02 00:00:00",4798909,8277
"2023-01-01 00:00:00",4790632,8787
"2022-12-31 00:00:00",4781845,9071
"2022-12-30 00:00:00",4772774,8631
"2022-12-29 00:00:00",4764143,8585
"2022-12-28 00:00:00",4755558,7583
"2022-12-27 00:00:00",4747975,6764
"2022-12-26 00:00:00",4741211,8397
"2022-12-25 00:00:00",4732814,9399
"2022-12-24 00:00:00",4723415,9687
"2022-12-23 00:00:00",4713728,9746
"2022-12-22 00:00:00",4703982,9476
"2022-12-21 00:00:00",4694506,9351
"2022-12-20 00:00:00",4685155,7679
"2022-12-19 00:00:00",4677476,9055
"2022-12-18 00:00:00",4668421,10548
"2022-12-17 00:00:00",4657873,10614
"2022-12-16 00:00:00",4647259,10522
"2022-12-15 00:00:00",4636737,10584
"2022-12-14 00:00:00",4626153,10475
"2022-12-13 00:00:00",4615678,0
"2022-12-12 00:00:00",4615678,19538
"2022-12-11 00:00:00",4596140,11897
"2022-12-10 00:00:00",4584243,11945
"2022-12-09 00:00:00",4572298,11292
"2022-12-08 00:00:00",4561006,10291
"2022-12-07 00:00:00",4550715,9569
"2022-12-06 00:00:00",4541146,10628
"2022-12-05 00:00:00",4530518,10628
"2022-12-04 00:00:00",4519890,10628
"2022-12-03 00:00:00",4509261,10628
"2022-12-02 00:00:00",4498633,10628
"2022-12-01 00:00:00",4488005,0
"2022-11-30 00:00:00",4488005,21630
"2022-11-29 00:00:00",4466375,9311
"2022-11-28 00:00:00",4457064,10204
"2022-11-27 00:00:00",4446860,10601
"2022-11-26 00:00:00",4436259,10824
"2022-11-25 00:00:00",4425435,12516
"2022-11-24 00:00:00",4412919,12997
"2022-11-23 00:00:00",4399922,0
"2022-11-22 00:00:00",4399922,22589
"2022-11-21 00:00:00",4377333,11662
"2022-11-20 00:00:00",4365671,12291
"2022-11-19 00:00:00",4353380,11488
"2022-11-18 00:00:00",4341892,11607
"2022-11-17 00:00:00",4330285,10981
"2022-11-16 00:00:00",4319304,10658
"2022-11-15 00:00:00",4308646,8749
"2022-11-14 00:00:00",4299897,10462
"2022-11-13 00:00:00",4289435,11225
"2022-11-12 00:00:00",4278210,10907
"2022-11-11 00:00:00",4267303,10875
"2022-11-10 00:00:00",4256428,10492
"2022-11-09 00:00:00",4245936,10301
"2022-11-08 00:00:00",4235635,8439
"2022-11-07 00:00:00",4227196,9908
"2022-11-06 00:00:00",4217288,11202
"2022-11-05 00:00:00",4206086,12027
"2022-11-04 00:00:00",4194059,11691
"2022-11-03 00:00:00",4182368,11235
"2022-11-02 00:00:00",4171133,11164
"2022-11-01 00:00:00",4159969,10167
"2022-10-31 00:00:00",4149802,11507
"2022-10-30 00:00:00",4138295,12859
"2022-10-29 00:00:00",4125437,12859
"2022-10-28 00:00:00",4112578,12664
"2022-10-27 00:00:00",4099914,13012
"2022-10-26 00:00:00",4086902,12914
"2022-10-25 00:00:00",4073988,10596
"2022-10-24 00:00:00",4063392,12404
"2022-10-23 00:00:00",4050988,13622
"2022-10-22 00:00:00",4037366,13938
"2022-10-21 00:00:00",4023428,13408
"2022-10-20 00:00:00",4010020,13380
"2022-10-19 00:00:00",3996640,12396
"2022-10-18 00:00:00",3984244,10771
"2022-10-17 00:00:00",3973473,12751
"2022-10-16 00:00:00",3960722,13611
"2022-10-15 00:00:00",3947111,26932
"2022-10-14 00:00:00",3920179,0
"2022-10-13 00:00:00",3920179,13704
"2022-10-12 00:00:00",3906475,13268
"2022-10-11 00:00:00",3893207,11905
"2022-10-10 00:00:00",3881302,13728
"2022-10-09 00:00:00",3867574,15406
"2022-10-08 00:00:00",3852168,15930
"2022-10-07 00:00:00",3836238,15442
"2022-10-06 00:00:00",3820796,15204
"2022-10-05 00:00:00",3805592,14250
"2022-10-04 00:00:00",3791342,11771
"2022-10-03 00:00:00",3779571,13705
"2022-10-02 00:00:00",3765866,15426
"2022-10-01 00:00:00",3750440,16107
"2022-09-30 00:00:00",3734333,15304
"2022-09-29 00:00:00",3719029,14452
"2022-09-28 00:00:00",3704577,14468
"2022-09-27 00:00:00",3690109,12222
"2022-09-26 00:00:00",3677887,14727
"2022-09-25 00:00:00",3663160,15989
"2022-09-24 00:00:00",3647171,16696
"2022-09-23 00:00:00",3630475,16646
"2022-09-22 00:00:00",3613829,16615
"2022-09-21 00:00:00",3597214,14786
"2022-09-20 00:00:00",3582428,13267
"2022-09-19 00:00:00",3569161,15942
"2022-09-18 00:00:00",3553219,18022
"2022-09-17 00:00:00",3535197,18273
"2022-09-16 00:00:00",3516924,17410
"2022-09-15 00:00:00",3499514,17299
"2022-09-14 00:00:00",3482215,17145
"2022-09-13 00:00:00",3465070,14351
"2022-09-12 00:00:00",3450719,16772
"2022-09-11 00:00:00",3433947,19251
"2022-09-10 00:00:00",3414696,18773
"2022-09-09 00:00:00",3395923,18337
"2022-09-08 00:00:00",3377586,35706
"2022-09-07 00:00:00",3341880,0
"2022-09-06 00:00:00",3341880,16118
"2022-09-05 00:00:00",3325762,18957
"2022-09-04 00:00:00",3306805,21144
"2022-09-03 00:00:00",3285661,20730
"2022-09-02 00:00:00",3264931,20491
"2022-09-01 00:00:00",3244440,20155
"2022-08-31 00:00:00",3224285,19468
"2022-08-30 00:00:00",3204817,17249
"2022-08-29 00:00:00",3187568,19811
"2022-08-28 00:00:00",3167757,22574
"2022-08-27 00:00:00",3145183,22786
"2022-08-26 00:00:00",3122397,22516
"2022-08-25 00:00:00",3099881,21439
"2022-08-24 00:00:00",3078442,20815
"2022-08-23 00:00:00",3057627,0
"2022-08-22 00:00:00",3057627,31441
"2022-08-21 00:00:00",3026186,31441
"2022-08-20 00:00:00",2994745,23400
"2022-08-19 00:00:00",2971345,23400
"2022-08-18 00:00:00",2947945,23345
"2022-08-17 00:00:00",2924600,22308
"2022-08-16 00:00:00",2902292,19793
"2022-08-15 00:00:00",2882499,22660
"2022-08-14 00:00:00",2859839,25021
"2022-08-13 00:00:00",2834818,25557
"2022-08-12 00:00:00",2809261,25776
"2022-08-11 00:00:00",2783485,25045
"2022-08-10 00:00:00",2758440,25260
"2022-08-09 00:00:00",2733180,22648
"2022-08-08 00:00:00",2710532,26069
"2022-08-07 00:00:00",2684463,28418
"2022-08-06 00:00:00",2656045,29153
"2022-08-05 00:00:00",2626892,28960
"2022-08-04 00:00:00",2597932,29607
"2022-08-03 00:00:00",2568325,29739
"2022-08-02 00:00:00",2538586,27564
"2022-08-01 00:00:00",2511022,31732
"2022-07-31 00:00:00",2479290,36073
"2022-07-30 00:00:00",2443217,33385
"2022-07-29 00:00:00",2409832,33563
"2022-07-28 00:00:00",2376269,33913
"2022-07-27 00:00:00",2342356,33344
"2022-07-26 00:00:00",2309012,30120
"2022-07-25 00:00:00",2278892,35492
"2022-07-24 00:00:00",2243400,39207
"2022-07-23 00:00:00",2204193,39679
"2022-07-22 00:00:00",2164514,41184
"2022-07-21 00:00:00",2123330,40783
"2022-07-20 00:00:00",2082547,40798
"2022-07-19 00:00:00",2041749,37111
"2022-07-18 00:00:00",2004638,43576
"2022-07-17 00:00:00",1961062,48694
"2022-07-16 00:00:00",1912368,49004
"2022-07-15 00:00:00",1863364,50003
"2022-07-14 00:00:00",1813361,51993
"2022-07-13 00:00:00",1761368,55521
"2022-07-12 00:00:00",1705847,49522
"2022-07-11 00:00:00",1656325,57623
"2022-07-10 00:00:00",1598702,68059
"2022-07-09 00:00:00",1530643,63686
"2022-07-08 00:00:00",1466957,63433
"2022-07-07 00:00:00",1403524,67207
"2022-07-06 00:00:00",1336317,67820
"2022-07-05 00:00:00",1268497,63441
"2022-07-04 00:00:00",1205056,76349
"2022-07-03 00:00:00",1128707,92898
"2022-07-02 00:00:00",1035809,106177
"2022-07-01 00:00:00",929632,113633
"2022-06-30 00:00:00",815999,124034
"2022-06-29 00:00:00",691965,135543
"2022-06-28 00:00:00",556422,132514
"2022-06-27 00:00:00",423908,180367
"2022-06-26 00:00:00",243541,235816
"2022-06-25 00:00:00",7725,0