﻿"DateTime","Spotify Streams","Change"
"2023-05-14 00:00:00",11044819,0
"2023-05-13 00:00:00",11044819,35791
"2023-05-12 00:00:00",11009028,18555
"2023-05-11 00:00:00",10990473,18667
"2023-05-10 00:00:00",10971806,0
"2023-05-09 00:00:00",10971806,32152
"2023-05-08 00:00:00",10939654,18385
"2023-05-07 00:00:00",10921269,18385
"2023-05-06 00:00:00",10902884,17603
"2023-05-05 00:00:00",10885282,17603
"2023-05-04 00:00:00",10867679,17497
"2023-05-03 00:00:00",10850182,0
"2023-05-02 00:00:00",10850182,31948
"2023-05-01 00:00:00",10818234,8109
"2023-04-30 00:00:00",10810125,8109
"2023-04-29 00:00:00",10802016,38143
"2023-04-28 00:00:00",10763873,0
"2023-04-27 00:00:00",10763873,39187
"2023-04-26 00:00:00",10724686,17768
"2023-04-25 00:00:00",10706918,15423
"2023-04-24 00:00:00",10691495,16812
"2023-04-23 00:00:00",10674683,19373
"2023-04-22 00:00:00",10655310,19373
"2023-04-21 00:00:00",10635937,19029
"2023-04-20 00:00:00",10616908,18416
"2023-04-19 00:00:00",10598492,18416
"2023-04-18 00:00:00",10580076,15263
"2023-04-17 00:00:00",10564813,0
"2023-04-16 00:00:00",10564813,27157
"2023-04-15 00:00:00",10537656,27157
"2023-04-14 00:00:00",10510499,17762
"2023-04-13 00:00:00",10492737,17552
"2023-04-12 00:00:00",10475185,16828
"2023-04-11 00:00:00",10458357,15026
"2023-04-10 00:00:00",10443331,17802
"2023-04-09 00:00:00",10425529,19196
"2023-04-08 00:00:00",10406333,20506
"2023-04-07 00:00:00",10385827,20741
"2023-04-06 00:00:00",10365086,21218
"2023-04-05 00:00:00",10343868,20292
"2023-04-04 00:00:00",10323576,17975
"2023-04-03 00:00:00",10305601,19854
"2023-04-02 00:00:00",10285747,18836
"2023-04-01 00:00:00",10266911,17374
"2023-03-31 00:00:00",10249537,16634
"2023-03-30 00:00:00",10232903,16780
"2023-03-29 00:00:00",10216123,0
"2023-03-28 00:00:00",10216123,32458
"2023-03-27 00:00:00",10183665,17483
"2023-03-26 00:00:00",10166182,19448
"2023-03-25 00:00:00",10146734,0
"2023-03-24 00:00:00",10146734,38678
"2023-03-23 00:00:00",10108056,19837
"2023-03-22 00:00:00",10088219,18879
"2023-03-21 00:00:00",10069340,16881
"2023-03-20 00:00:00",10052459,19055
"2023-03-19 00:00:00",10033404,20359
"2023-03-18 00:00:00",10013045,24365
"2023-03-17 00:00:00",9988680,0
"2023-03-16 00:00:00",9988680,46162
"2023-03-15 00:00:00",9942518,20807
"2023-03-14 00:00:00",9921711,18766
"2023-03-13 00:00:00",9902945,21197
"2023-03-12 00:00:00",9881748,22628
"2023-03-11 00:00:00",9859120,20322
"2023-03-10 00:00:00",9838798,21264
"2023-03-09 00:00:00",9817534,21809
"2023-03-08 00:00:00",9795725,21093
"2023-03-07 00:00:00",9774632,18682
"2023-03-06 00:00:00",9755950,20348
"2023-03-05 00:00:00",9735602,21668
"2023-03-04 00:00:00",9713934,21411
"2023-03-03 00:00:00",9692523,21391
"2023-03-02 00:00:00",9671132,21318
"2023-03-01 00:00:00",9649814,20519
"2023-02-28 00:00:00",9629295,18655
"2023-02-27 00:00:00",9610640,0
"2023-02-26 00:00:00",9610640,43288
"2023-02-25 00:00:00",9567352,24622
"2023-02-24 00:00:00",9542730,24742
"2023-02-23 00:00:00",9517988,47860
"2023-02-22 00:00:00",9470128,0
"2023-02-21 00:00:00",9470128,21864
"2023-02-20 00:00:00",9448264,21599
"2023-02-19 00:00:00",9426665,22518
"2023-02-18 00:00:00",9404147,0
"2023-02-17 00:00:00",9404147,46721
"2023-02-16 00:00:00",9357426,23350
"2023-02-15 00:00:00",9334076,22472
"2023-02-14 00:00:00",9311604,21314
"2023-02-13 00:00:00",9290290,24429
"2023-02-12 00:00:00",9265861,29150
"2023-02-11 00:00:00",9236711,0
"2023-02-10 00:00:00",9236711,56457
"2023-02-09 00:00:00",9180254,21910
"2023-02-08 00:00:00",9158344,19880
"2023-02-07 00:00:00",9138464,18056
"2023-02-06 00:00:00",9120408,19724
"2023-02-05 00:00:00",9100684,21512
"2023-02-04 00:00:00",9079172,20014
"2023-02-03 00:00:00",9059158,19650
"2023-02-02 00:00:00",9039508,0
"2023-02-01 00:00:00",9039508,38324
"2023-01-31 00:00:00",9001184,17121
"2023-01-30 00:00:00",8984063,18833
"2023-01-29 00:00:00",8965230,19117
"2023-01-28 00:00:00",8946113,18296
"2023-01-27 00:00:00",8927817,18542
"2023-01-26 00:00:00",8909275,18969
"2023-01-25 00:00:00",8890306,18173
"2023-01-24 00:00:00",8872133,16033
"2023-01-23 00:00:00",8856100,18611
"2023-01-22 00:00:00",8837489,0
"2023-01-21 00:00:00",8837489,39826
"2023-01-20 00:00:00",8797663,19241
"2023-01-19 00:00:00",8778422,19330
"2023-01-18 00:00:00",8759092,17410
"2023-01-17 00:00:00",8741682,16577
"2023-01-16 00:00:00",8725105,17931
"2023-01-15 00:00:00",8707174,20455
"2023-01-14 00:00:00",8686719,19701
"2023-01-13 00:00:00",8667018,20372
"2023-01-12 00:00:00",8646646,20617
"2023-01-11 00:00:00",8626029,19944
"2023-01-10 00:00:00",8606085,17629
"2023-01-09 00:00:00",8588456,0
"2023-01-08 00:00:00",8588456,40769
"2023-01-07 00:00:00",8547687,21210
"2023-01-06 00:00:00",8526477,21139
"2023-01-05 00:00:00",8505338,21139
"2023-01-04 00:00:00",8484199,19117
"2023-01-03 00:00:00",8465082,18619
"2023-01-02 00:00:00",8446463,23231
"2023-01-01 00:00:00",8423232,23228
"2022-12-31 00:00:00",8400004,22295
"2022-12-30 00:00:00",8377709,21907
"2022-12-29 00:00:00",8355802,21738
"2022-12-28 00:00:00",8334064,20085
"2022-12-27 00:00:00",8313979,17202
"2022-12-26 00:00:00",8296777,25510
"2022-12-25 00:00:00",8271267,16634
"2022-12-24 00:00:00",8254633,18078
"2022-12-23 00:00:00",8236555,18303
"2022-12-22 00:00:00",8218252,18048
"2022-12-21 00:00:00",8200204,17027
"2022-12-20 00:00:00",8183177,15651
"2022-12-19 00:00:00",8167526,18252
"2022-12-18 00:00:00",8149274,19656
"2022-12-17 00:00:00",8129618,19298
"2022-12-16 00:00:00",8110320,19011
"2022-12-15 00:00:00",8091309,18162
"2022-12-14 00:00:00",8073147,16847
"2022-12-13 00:00:00",8056300,15388
"2022-12-12 00:00:00",8040912,17632
"2022-12-11 00:00:00",8023280,19040
"2022-12-10 00:00:00",8004240,20034
"2022-12-09 00:00:00",7984206,20679
"2022-12-08 00:00:00",7963527,20182
"2022-12-07 00:00:00",7943345,21467
"2022-12-06 00:00:00",7921878,21467
"2022-12-05 00:00:00",7900412,21467
"2022-12-04 00:00:00",7878945,21467
"2022-12-03 00:00:00",7857478,21467
"2022-12-02 00:00:00",7836011,21467
"2022-12-01 00:00:00",7814545,21467
"2022-11-30 00:00:00",7793078,20650
"2022-11-29 00:00:00",7772428,17959
"2022-11-28 00:00:00",7754469,18952
"2022-11-27 00:00:00",7735517,18201
"2022-11-26 00:00:00",7717316,19909
"2022-11-25 00:00:00",7697407,23262
"2022-11-24 00:00:00",7674145,0
"2022-11-23 00:00:00",7674145,43099
"2022-11-22 00:00:00",7631046,18795
"2022-11-21 00:00:00",7612251,21789
"2022-11-20 00:00:00",7590462,23875
"2022-11-19 00:00:00",7566587,23408
"2022-11-18 00:00:00",7543179,23558
"2022-11-17 00:00:00",7519621,23195
"2022-11-16 00:00:00",7496426,22897
"2022-11-15 00:00:00",7473529,20871
"2022-11-14 00:00:00",7452658,23930
"2022-11-13 00:00:00",7428728,27628
"2022-11-12 00:00:00",7401100,28722
"2022-11-11 00:00:00",7372378,30948
"2022-11-10 00:00:00",7341431,30948
"2022-11-09 00:00:00",7310483,27757
"2022-11-08 00:00:00",7282726,24778
"2022-11-07 00:00:00",7257948,28486
"2022-11-06 00:00:00",7229462,30887
"2022-11-05 00:00:00",7198575,25866
"2022-11-04 00:00:00",7172709,24897
"2022-11-03 00:00:00",7147812,24468
"2022-11-02 00:00:00",7123344,24561
"2022-11-01 00:00:00",7098783,22774
"2022-10-31 00:00:00",7076009,26982
"2022-10-30 00:00:00",7049027,28893
"2022-10-29 00:00:00",7020134,28742
"2022-10-28 00:00:00",6991392,28241
"2022-10-27 00:00:00",6963151,28733
"2022-10-26 00:00:00",6934418,27571
"2022-10-25 00:00:00",6906847,24854
"2022-10-24 00:00:00",6881993,29684
"2022-10-23 00:00:00",6852309,32261
"2022-10-22 00:00:00",6820048,34079
"2022-10-21 00:00:00",6785969,35800
"2022-10-20 00:00:00",6750169,36556
"2022-10-19 00:00:00",6713613,36901
"2022-10-18 00:00:00",6676712,29591
"2022-10-17 00:00:00",6647121,27484
"2022-10-16 00:00:00",6619637,30037
"2022-10-15 00:00:00",6589600,28968
"2022-10-14 00:00:00",6560632,29370
"2022-10-13 00:00:00",6531262,30866
"2022-10-12 00:00:00",6500396,29582
"2022-10-11 00:00:00",6470814,26818
"2022-10-10 00:00:00",6443996,31661
"2022-10-09 00:00:00",6412335,34671
"2022-10-08 00:00:00",6377664,35306
"2022-10-07 00:00:00",6342358,34370
"2022-10-06 00:00:00",6307988,33938
"2022-10-05 00:00:00",6274050,33203
"2022-10-04 00:00:00",6240847,30110
"2022-10-03 00:00:00",6210737,34748
"2022-10-02 00:00:00",6175989,40688
"2022-10-01 00:00:00",6135301,41722
"2022-09-30 00:00:00",6093579,41630
"2022-09-29 00:00:00",6051949,43399
"2022-09-28 00:00:00",6008550,39869
"2022-09-27 00:00:00",5968681,35932
"2022-09-26 00:00:00",5932749,42599
"2022-09-25 00:00:00",5890150,45796
"2022-09-24 00:00:00",5844354,42694
"2022-09-23 00:00:00",5801660,42350
"2022-09-22 00:00:00",5759310,42604
"2022-09-21 00:00:00",5716706,40775
"2022-09-20 00:00:00",5675931,37703
"2022-09-19 00:00:00",5638228,44751
"2022-09-18 00:00:00",5593477,48133
"2022-09-17 00:00:00",5545344,46673
"2022-09-16 00:00:00",5498671,48418
"2022-09-15 00:00:00",5450253,48937
"2022-09-14 00:00:00",5401316,49349
"2022-09-13 00:00:00",5351967,42460
"2022-09-12 00:00:00",5309507,50492
"2022-09-11 00:00:00",5259015,58438
"2022-09-10 00:00:00",5200577,60716
"2022-09-09 00:00:00",5139861,64612
"2022-09-08 00:00:00",5075249,123236
"2022-09-07 00:00:00",4952013,0
"2022-09-06 00:00:00",4952013,58972
"2022-09-05 00:00:00",4893041,67329
"2022-09-04 00:00:00",4825712,77106
"2022-09-03 00:00:00",4748606,77361
"2022-09-02 00:00:00",4671245,78418
"2022-09-01 00:00:00",4592827,79567
"2022-08-31 00:00:00",4513260,77738
"2022-08-30 00:00:00",4435522,73771
"2022-08-29 00:00:00",4361751,88937
"2022-08-28 00:00:00",4272814,97537
"2022-08-27 00:00:00",4175277,94171
"2022-08-26 00:00:00",4081106,97373
"2022-08-25 00:00:00",3983733,208856
"2022-08-24 00:00:00",3774877,178470
"2022-08-23 00:00:00",3596407,307443
"2022-08-22 00:00:00",3288964,307443
"2022-08-21 00:00:00",2981521,307443
"2022-08-20 00:00:00",2674078,307443
"2022-08-19 00:00:00",2366635,307443
"2022-08-18 00:00:00",2059192,480190
"2022-08-17 00:00:00",1579002,390971
"2022-08-16 00:00:00",1188031,375847
"2022-08-15 00:00:00",812184,396365
"2022-08-14 00:00:00",415819,0