﻿"DateTime","Spotify Streams","Change"
"2023-05-15 00:00:00",1888220,0
"2023-05-14 00:00:00",1888220,6866
"2023-05-13 00:00:00",1881354,3309
"2023-05-12 00:00:00",1878045,3308
"2023-05-11 00:00:00",1874737,0
"2023-05-10 00:00:00",1874737,3335
"2023-05-09 00:00:00",1871402,4927
"2023-05-08 00:00:00",1866476,4927
"2023-05-07 00:00:00",1861549,3802
"2023-05-06 00:00:00",1857747,3590
"2023-05-05 00:00:00",1854157,0
"2023-05-04 00:00:00",1854157,7269
"2023-05-03 00:00:00",1846888,0
"2023-05-02 00:00:00",1846888,6856
"2023-05-01 00:00:00",1840032,3700
"2023-04-30 00:00:00",1836333,3700
"2023-04-29 00:00:00",1832633,3947
"2023-04-28 00:00:00",1828686,4214
"2023-04-27 00:00:00",1824472,4481
"2023-04-26 00:00:00",1819991,4469
"2023-04-25 00:00:00",1815522,3607
"2023-04-24 00:00:00",1811915,4143
"2023-04-23 00:00:00",1807772,4867
"2023-04-22 00:00:00",1802905,4378
"2023-04-21 00:00:00",1798527,4368
"2023-04-20 00:00:00",1794159,4586
"2023-04-19 00:00:00",1789573,4130
"2023-04-18 00:00:00",1785443,4130
"2023-04-17 00:00:00",1781313,4089
"2023-04-16 00:00:00",1777224,0
"2023-04-15 00:00:00",1777224,8384
"2023-04-14 00:00:00",1768840,4049
"2023-04-13 00:00:00",1764791,3851
"2023-04-12 00:00:00",1760940,3358
"2023-04-11 00:00:00",1757582,3045
"2023-04-10 00:00:00",1754537,3531
"2023-04-09 00:00:00",1751006,0
"2023-04-08 00:00:00",1751006,7427
"2023-04-07 00:00:00",1743579,3849
"2023-04-06 00:00:00",1739730,3946
"2023-04-05 00:00:00",1735784,0
"2023-04-04 00:00:00",1735784,7556
"2023-04-03 00:00:00",1728228,3883
"2023-04-02 00:00:00",1724345,4396
"2023-04-01 00:00:00",1719949,5290
"2023-03-31 00:00:00",1714659,0
"2023-03-30 00:00:00",1714659,9644
"2023-03-29 00:00:00",1705015,4200
"2023-03-28 00:00:00",1700815,3719
"2023-03-27 00:00:00",1697096,0
"2023-03-26 00:00:00",1697096,9086
"2023-03-25 00:00:00",1688010,4938
"2023-03-24 00:00:00",1683072,4590
"2023-03-23 00:00:00",1678482,4485
"2023-03-22 00:00:00",1673997,4291
"2023-03-21 00:00:00",1669706,3983
"2023-03-20 00:00:00",1665723,4123
"2023-03-19 00:00:00",1661600,0
"2023-03-18 00:00:00",1661600,9098
"2023-03-17 00:00:00",1652502,4361
"2023-03-16 00:00:00",1648141,4207
"2023-03-15 00:00:00",1643934,4193
"2023-03-14 00:00:00",1639741,3935
"2023-03-13 00:00:00",1635806,0
"2023-03-12 00:00:00",1635806,8953
"2023-03-11 00:00:00",1626853,0
"2023-03-10 00:00:00",1626853,9490
"2023-03-09 00:00:00",1617363,4946
"2023-03-08 00:00:00",1612417,4718
"2023-03-07 00:00:00",1607699,4427
"2023-03-06 00:00:00",1603272,5420
"2023-03-05 00:00:00",1597852,5560
"2023-03-04 00:00:00",1592292,5483
"2023-03-03 00:00:00",1586809,4824
"2023-03-02 00:00:00",1581985,5096
"2023-03-01 00:00:00",1576889,4664
"2023-02-28 00:00:00",1572225,4456
"2023-02-27 00:00:00",1567769,4761
"2023-02-26 00:00:00",1563008,5211
"2023-02-25 00:00:00",1557797,5646
"2023-02-24 00:00:00",1552151,5642
"2023-02-23 00:00:00",1546509,5164
"2023-02-22 00:00:00",1541345,0
"2023-02-21 00:00:00",1541345,9113
"2023-02-20 00:00:00",1532232,5374
"2023-02-19 00:00:00",1526858,5733
"2023-02-18 00:00:00",1521125,5761
"2023-02-17 00:00:00",1515364,5668
"2023-02-16 00:00:00",1509696,0
"2023-02-15 00:00:00",1509696,10944
"2023-02-14 00:00:00",1498752,5114
"2023-02-13 00:00:00",1493638,5608
"2023-02-12 00:00:00",1488030,5995
"2023-02-11 00:00:00",1482035,5434
"2023-02-10 00:00:00",1476601,5601
"2023-02-09 00:00:00",1471000,5898
"2023-02-08 00:00:00",1465102,5967
"2023-02-07 00:00:00",1459135,0
"2023-02-06 00:00:00",1459135,5441
"2023-02-05 00:00:00",1453694,5970
"2023-02-04 00:00:00",1447724,12800
"2023-02-03 00:00:00",1434924,6481
"2023-02-02 00:00:00",1428443,6835
"2023-02-01 00:00:00",1421608,5579
"2023-01-31 00:00:00",1416029,5295
"2023-01-30 00:00:00",1410734,5983
"2023-01-29 00:00:00",1404751,6735
"2023-01-28 00:00:00",1398016,7091
"2023-01-27 00:00:00",1390925,8260
"2023-01-26 00:00:00",1382665,7775
"2023-01-25 00:00:00",1374890,7533
"2023-01-24 00:00:00",1367357,6834
"2023-01-23 00:00:00",1360523,8645
"2023-01-22 00:00:00",1351878,10058
"2023-01-21 00:00:00",1341820,10074
"2023-01-20 00:00:00",1331746,10270
"2023-01-19 00:00:00",1321476,9658
"2023-01-18 00:00:00",1311818,10580
"2023-01-17 00:00:00",1301238,10280
"2023-01-16 00:00:00",1290958,9492
"2023-01-15 00:00:00",1281466,10860
"2023-01-14 00:00:00",1270606,9961
"2023-01-13 00:00:00",1260645,0
"2023-01-12 00:00:00",1260645,20304
"2023-01-11 00:00:00",1240341,11251
"2023-01-10 00:00:00",1229090,10032
"2023-01-09 00:00:00",1219058,10575
"2023-01-08 00:00:00",1208483,11567
"2023-01-07 00:00:00",1196916,11545
"2023-01-06 00:00:00",1185371,11466
"2023-01-05 00:00:00",1173905,0
"2023-01-04 00:00:00",1173905,20279
"2023-01-03 00:00:00",1153626,10060
"2023-01-02 00:00:00",1143566,12083
"2023-01-01 00:00:00",1131483,12886
"2022-12-31 00:00:00",1118597,12343
"2022-12-30 00:00:00",1106254,12038
"2022-12-29 00:00:00",1094216,0
"2022-12-28 00:00:00",1094216,22315
"2022-12-27 00:00:00",1071901,0
"2022-12-26 00:00:00",1071901,18639
"2022-12-25 00:00:00",1053262,12404
"2022-12-24 00:00:00",1040858,13338
"2022-12-23 00:00:00",1027520,12487
"2022-12-22 00:00:00",1015033,10175
"2022-12-21 00:00:00",1004858,9954
"2022-12-20 00:00:00",994904,8685
"2022-12-19 00:00:00",986219,10761
"2022-12-18 00:00:00",975458,11591
"2022-12-17 00:00:00",963867,12378
"2022-12-16 00:00:00",951489,10924
"2022-12-15 00:00:00",940565,8843
"2022-12-14 00:00:00",931722,10275
"2022-12-13 00:00:00",921447,9027
"2022-12-12 00:00:00",912420,10308
"2022-12-11 00:00:00",902112,11530
"2022-12-10 00:00:00",890582,13008
"2022-12-09 00:00:00",877574,14231
"2022-12-08 00:00:00",863343,11179
"2022-12-07 00:00:00",852164,8200
"2022-12-06 00:00:00",843964,10195
"2022-12-05 00:00:00",833769,10195
"2022-12-04 00:00:00",823574,10195
"2022-12-03 00:00:00",813380,10195
"2022-12-02 00:00:00",803185,10195
"2022-12-01 00:00:00",792990,12568
"2022-11-30 00:00:00",780422,12849
"2022-11-29 00:00:00",767573,11328
"2022-11-28 00:00:00",756245,12130
"2022-11-27 00:00:00",744115,11698
"2022-11-26 00:00:00",732417,11580
"2022-11-25 00:00:00",720837,14045
"2022-11-24 00:00:00",706792,14422
"2022-11-23 00:00:00",692370,13500
"2022-11-22 00:00:00",678870,13383
"2022-11-21 00:00:00",665487,15746
"2022-11-20 00:00:00",649741,16992
"2022-11-19 00:00:00",632749,15681
"2022-11-18 00:00:00",617068,16139
"2022-11-17 00:00:00",600929,16737
"2022-11-16 00:00:00",584192,16897
"2022-11-15 00:00:00",567295,15252
"2022-11-14 00:00:00",552043,18064
"2022-11-13 00:00:00",533979,18664
"2022-11-12 00:00:00",515315,19305
"2022-11-11 00:00:00",496010,19365
"2022-11-10 00:00:00",476645,20289
"2022-11-09 00:00:00",456356,20384
"2022-11-08 00:00:00",435972,18088
"2022-11-07 00:00:00",417884,20821
"2022-11-06 00:00:00",397063,32058
"2022-11-05 00:00:00",365005,34009
"2022-11-04 00:00:00",330996,45804
"2022-11-03 00:00:00",285192,48729
"2022-11-02 00:00:00",236463,55521
"2022-11-01 00:00:00",180942,49874
"2022-10-31 00:00:00",131068,67675
"2022-10-30 00:00:00",63393,0