﻿"DateTime","Spotify Streams","Change"
"2023-05-15 00:00:00",445223,644
"2023-05-14 00:00:00",444579,751
"2023-05-13 00:00:00",443828,751
"2023-05-12 00:00:00",443077,790
"2023-05-11 00:00:00",442287,777
"2023-05-10 00:00:00",441510,857
"2023-05-09 00:00:00",440653,698
"2023-05-08 00:00:00",439955,819
"2023-05-07 00:00:00",439136,421
"2023-05-06 00:00:00",438715,421
"2023-05-05 00:00:00",438294,829
"2023-05-04 00:00:00",437465,1808
"2023-05-03 00:00:00",435657,866
"2023-05-02 00:00:00",434791,721
"2023-05-01 00:00:00",434070,736
"2023-04-30 00:00:00",433334,882
"2023-04-29 00:00:00",432452,956
"2023-04-28 00:00:00",431496,0
"2023-04-27 00:00:00",431496,2093
"2023-04-26 00:00:00",429403,930
"2023-04-25 00:00:00",428474,930
"2023-04-24 00:00:00",427544,902
"2023-04-23 00:00:00",426642,972
"2023-04-22 00:00:00",425670,924
"2023-04-21 00:00:00",424746,1121
"2023-04-20 00:00:00",423625,1121
"2023-04-19 00:00:00",422504,962
"2023-04-18 00:00:00",421542,0
"2023-04-17 00:00:00",421542,1690
"2023-04-16 00:00:00",419852,991
"2023-04-15 00:00:00",418861,901
"2023-04-14 00:00:00",417960,1005
"2023-04-13 00:00:00",416955,899
"2023-04-12 00:00:00",416056,815
"2023-04-11 00:00:00",415241,692
"2023-04-10 00:00:00",414549,947
"2023-04-09 00:00:00",413602,846
"2023-04-08 00:00:00",412756,957
"2023-04-07 00:00:00",411799,0
"2023-04-06 00:00:00",411799,1735
"2023-04-05 00:00:00",410064,921
"2023-04-04 00:00:00",409143,922
"2023-04-03 00:00:00",408221,1061
"2023-04-02 00:00:00",407160,970
"2023-04-01 00:00:00",406190,1108
"2023-03-31 00:00:00",405082,1100
"2023-03-30 00:00:00",403982,1111
"2023-03-29 00:00:00",402871,1049
"2023-03-28 00:00:00",401822,1001
"2023-03-27 00:00:00",400821,839
"2023-03-26 00:00:00",399982,0
"2023-03-25 00:00:00",399982,1960
"2023-03-24 00:00:00",398022,1119
"2023-03-23 00:00:00",396903,0
"2023-03-22 00:00:00",396903,1886
"2023-03-21 00:00:00",395017,846
"2023-03-20 00:00:00",394171,1019
"2023-03-19 00:00:00",393152,1271
"2023-03-18 00:00:00",391881,1311
"2023-03-17 00:00:00",390570,1473
"2023-03-16 00:00:00",389097,1110
"2023-03-15 00:00:00",387987,977
"2023-03-14 00:00:00",387010,891
"2023-03-13 00:00:00",386119,973
"2023-03-12 00:00:00",385146,1062
"2023-03-11 00:00:00",384084,0
"2023-03-10 00:00:00",384084,2013
"2023-03-09 00:00:00",382071,975
"2023-03-08 00:00:00",381096,1190
"2023-03-07 00:00:00",379906,1518
"2023-03-06 00:00:00",378388,946
"2023-03-05 00:00:00",377442,1032
"2023-03-04 00:00:00",376410,1147
"2023-03-03 00:00:00",375263,1157
"2023-03-02 00:00:00",374106,1074
"2023-03-01 00:00:00",373032,0
"2023-02-28 00:00:00",373032,1898
"2023-02-27 00:00:00",371134,991
"2023-02-26 00:00:00",370143,1067
"2023-02-25 00:00:00",369076,1053
"2023-02-24 00:00:00",368023,0
"2023-02-23 00:00:00",368023,2304
"2023-02-22 00:00:00",365719,1045
"2023-02-21 00:00:00",364674,980
"2023-02-20 00:00:00",363694,0
"2023-02-19 00:00:00",363694,1099
"2023-02-18 00:00:00",362595,1113
"2023-02-17 00:00:00",361482,2150
"2023-02-16 00:00:00",359332,1238
"2023-02-15 00:00:00",358094,958
"2023-02-14 00:00:00",357136,0
"2023-02-13 00:00:00",357136,2143
"2023-02-12 00:00:00",354993,0
"2023-02-11 00:00:00",354993,2450
"2023-02-10 00:00:00",352543,1235
"2023-02-09 00:00:00",351308,1275
"2023-02-08 00:00:00",350033,0
"2023-02-07 00:00:00",350033,2210
"2023-02-06 00:00:00",347823,1199
"2023-02-05 00:00:00",346624,1297
"2023-02-04 00:00:00",345327,1296
"2023-02-03 00:00:00",344031,0
"2023-02-02 00:00:00",344031,2430
"2023-02-01 00:00:00",341601,1200
"2023-01-31 00:00:00",340401,0
"2023-01-30 00:00:00",340401,2282
"2023-01-29 00:00:00",338119,1378
"2023-01-28 00:00:00",336741,1345
"2023-01-27 00:00:00",335396,1333
"2023-01-26 00:00:00",334063,0
"2023-01-25 00:00:00",334063,2686
"2023-01-24 00:00:00",331377,1110
"2023-01-23 00:00:00",330267,0
"2023-01-22 00:00:00",330267,2624
"2023-01-21 00:00:00",327643,1461
"2023-01-20 00:00:00",326182,1418
"2023-01-19 00:00:00",324764,1378
"2023-01-18 00:00:00",323386,1388
"2023-01-17 00:00:00",321998,1241
"2023-01-16 00:00:00",320757,1366
"2023-01-15 00:00:00",319391,1497
"2023-01-14 00:00:00",317894,1443
"2023-01-13 00:00:00",316451,1460
"2023-01-12 00:00:00",314991,1415
"2023-01-11 00:00:00",313576,1346
"2023-01-10 00:00:00",312230,1189
"2023-01-09 00:00:00",311041,1338
"2023-01-08 00:00:00",309703,1487
"2023-01-07 00:00:00",308216,1453
"2023-01-06 00:00:00",306763,1501
"2023-01-05 00:00:00",305262,1451
"2023-01-04 00:00:00",303811,1358
"2023-01-03 00:00:00",302453,0
"2023-01-02 00:00:00",302453,2677
"2023-01-01 00:00:00",299776,1551
"2022-12-31 00:00:00",298225,1483
"2022-12-30 00:00:00",296742,1487
"2022-12-29 00:00:00",295255,1493
"2022-12-28 00:00:00",293762,1358
"2022-12-27 00:00:00",292404,1179
"2022-12-26 00:00:00",291225,1434
"2022-12-25 00:00:00",289791,1617
"2022-12-24 00:00:00",288174,1693
"2022-12-23 00:00:00",286481,1741
"2022-12-22 00:00:00",284740,1716
"2022-12-21 00:00:00",283024,1686
"2022-12-20 00:00:00",281338,1513
"2022-12-19 00:00:00",279825,1607
"2022-12-18 00:00:00",278218,1783
"2022-12-17 00:00:00",276435,1880
"2022-12-16 00:00:00",274555,1896
"2022-12-15 00:00:00",272659,1921
"2022-12-14 00:00:00",270738,1867
"2022-12-13 00:00:00",268871,1560
"2022-12-12 00:00:00",267311,1716
"2022-12-11 00:00:00",265595,1879
"2022-12-10 00:00:00",263716,2046
"2022-12-09 00:00:00",261670,2029
"2022-12-08 00:00:00",259641,1954
"2022-12-07 00:00:00",257687,1741
"2022-12-06 00:00:00",255946,2000
"2022-12-05 00:00:00",253947,2000
"2022-12-04 00:00:00",251947,2000
"2022-12-03 00:00:00",249948,2000
"2022-12-02 00:00:00",247948,2000
"2022-12-01 00:00:00",245949,2000
"2022-11-30 00:00:00",243949,2192
"2022-11-29 00:00:00",241757,1893
"2022-11-28 00:00:00",239864,1941
"2022-11-27 00:00:00",237923,2324
"2022-11-26 00:00:00",235599,2226
"2022-11-25 00:00:00",233373,2547
"2022-11-24 00:00:00",230826,2617
"2022-11-23 00:00:00",228209,2452
"2022-11-22 00:00:00",225757,2267
"2022-11-21 00:00:00",223490,2563
"2022-11-20 00:00:00",220927,2780
"2022-11-19 00:00:00",218147,3057
"2022-11-18 00:00:00",215090,2858
"2022-11-17 00:00:00",212232,2737
"2022-11-16 00:00:00",209495,2763
"2022-11-15 00:00:00",206732,2439
"2022-11-14 00:00:00",204293,3063
"2022-11-13 00:00:00",201230,4000
"2022-11-12 00:00:00",197230,3558
"2022-11-11 00:00:00",193672,3431
"2022-11-10 00:00:00",190241,3436
"2022-11-09 00:00:00",186805,3547
"2022-11-08 00:00:00",183258,3153
"2022-11-07 00:00:00",180105,3631
"2022-11-06 00:00:00",176474,4225
"2022-11-05 00:00:00",172249,4261
"2022-11-04 00:00:00",167988,4154
"2022-11-03 00:00:00",163834,4116
"2022-11-02 00:00:00",159718,4443
"2022-11-01 00:00:00",155275,3921
"2022-10-31 00:00:00",151354,4499
"2022-10-30 00:00:00",146855,5530
"2022-10-29 00:00:00",141325,5916
"2022-10-28 00:00:00",135409,6117
"2022-10-27 00:00:00",129292,6311
"2022-10-26 00:00:00",122981,6515
"2022-10-25 00:00:00",116466,0
"2022-10-24 00:00:00",116466,12427
"2022-10-23 00:00:00",104039,8313
"2022-10-22 00:00:00",95726,9138
"2022-10-21 00:00:00",86588,10475
"2022-10-20 00:00:00",76113,12703
"2022-10-19 00:00:00",63410,16364
"2022-10-18 00:00:00",47046,14225
"2022-10-17 00:00:00",32821,13034
"2022-10-16 00:00:00",19787,0