﻿"DateTime","Spotify Streams","Change"
"2023-05-14 00:00:00",14944181,28241
"2023-05-13 00:00:00",14915940,27715
"2023-05-12 00:00:00",14888225,27815
"2023-05-11 00:00:00",14860410,27876
"2023-05-10 00:00:00",14832534,0
"2023-05-09 00:00:00",14832534,50911
"2023-05-08 00:00:00",14781623,24977
"2023-05-07 00:00:00",14756646,0
"2023-05-06 00:00:00",14756646,55661
"2023-05-05 00:00:00",14700985,27067
"2023-05-04 00:00:00",14673918,26987
"2023-05-03 00:00:00",14646931,12880
"2023-05-02 00:00:00",14634051,12880
"2023-05-01 00:00:00",14621171,37498
"2023-04-30 00:00:00",14583674,37498
"2023-04-29 00:00:00",14546176,28309
"2023-04-28 00:00:00",14517867,28909
"2023-04-27 00:00:00",14488958,28462
"2023-04-26 00:00:00",14460496,0
"2023-04-25 00:00:00",14460496,50868
"2023-04-24 00:00:00",14409628,0
"2023-04-23 00:00:00",14409628,52669
"2023-04-22 00:00:00",14356959,28493
"2023-04-21 00:00:00",14328466,0
"2023-04-20 00:00:00",14328466,54846
"2023-04-19 00:00:00",14273620,27584
"2023-04-18 00:00:00",14246036,22713
"2023-04-17 00:00:00",14223323,24252
"2023-04-16 00:00:00",14199071,0
"2023-04-15 00:00:00",14199071,54810
"2023-04-14 00:00:00",14144261,26969
"2023-04-13 00:00:00",14117292,26732
"2023-04-12 00:00:00",14090560,24578
"2023-04-11 00:00:00",14065982,21982
"2023-04-10 00:00:00",14044000,23592
"2023-04-09 00:00:00",14020408,25516
"2023-04-08 00:00:00",13994892,28115
"2023-04-07 00:00:00",13966777,27312
"2023-04-06 00:00:00",13939465,27043
"2023-04-05 00:00:00",13912422,27044
"2023-04-04 00:00:00",13885378,23145
"2023-04-03 00:00:00",13862233,24676
"2023-04-02 00:00:00",13837557,28213
"2023-04-01 00:00:00",13809344,28383
"2023-03-31 00:00:00",13780961,28522
"2023-03-30 00:00:00",13752439,28609
"2023-03-29 00:00:00",13723830,28312
"2023-03-28 00:00:00",13695518,24294
"2023-03-27 00:00:00",13671224,25468
"2023-03-26 00:00:00",13645756,0
"2023-03-25 00:00:00",13645756,58346
"2023-03-24 00:00:00",13587410,28952
"2023-03-23 00:00:00",13558458,29474
"2023-03-22 00:00:00",13528984,29211
"2023-03-21 00:00:00",13499773,24254
"2023-03-20 00:00:00",13475519,26011
"2023-03-19 00:00:00",13449508,29711
"2023-03-18 00:00:00",13419797,29626
"2023-03-17 00:00:00",13390171,29451
"2023-03-16 00:00:00",13360720,28763
"2023-03-15 00:00:00",13331957,27582
"2023-03-14 00:00:00",13304375,24367
"2023-03-13 00:00:00",13280008,25964
"2023-03-12 00:00:00",13254044,29254
"2023-03-11 00:00:00",13224790,0
"2023-03-10 00:00:00",13224790,60093
"2023-03-09 00:00:00",13164697,29119
"2023-03-08 00:00:00",13135578,29073
"2023-03-07 00:00:00",13106505,0
"2023-03-06 00:00:00",13106505,50033
"2023-03-05 00:00:00",13056472,29378
"2023-03-04 00:00:00",13027094,29655
"2023-03-03 00:00:00",12997439,29423
"2023-03-02 00:00:00",12968016,29730
"2023-03-01 00:00:00",12938286,29308
"2023-02-28 00:00:00",12908978,0
"2023-02-27 00:00:00",12908978,50693
"2023-02-26 00:00:00",12858285,29350
"2023-02-25 00:00:00",12828935,29962
"2023-02-24 00:00:00",12798973,30382
"2023-02-23 00:00:00",12768591,30878
"2023-02-22 00:00:00",12737713,28770
"2023-02-21 00:00:00",12708943,25785
"2023-02-20 00:00:00",12683158,27353
"2023-02-19 00:00:00",12655805,30744
"2023-02-18 00:00:00",12625061,31005
"2023-02-17 00:00:00",12594056,30423
"2023-02-16 00:00:00",12563633,0
"2023-02-15 00:00:00",12563633,58078
"2023-02-14 00:00:00",12505555,0
"2023-02-13 00:00:00",12505555,51172
"2023-02-12 00:00:00",12454383,30863
"2023-02-11 00:00:00",12423520,31655
"2023-02-10 00:00:00",12391865,31729
"2023-02-09 00:00:00",12360136,31296
"2023-02-08 00:00:00",12328840,30741
"2023-02-07 00:00:00",12298099,25892
"2023-02-06 00:00:00",12272207,27890
"2023-02-05 00:00:00",12244317,31840
"2023-02-04 00:00:00",12212477,32079
"2023-02-03 00:00:00",12180398,31398
"2023-02-02 00:00:00",12149000,31632
"2023-02-01 00:00:00",12117368,0
"2023-01-31 00:00:00",12117368,56992
"2023-01-30 00:00:00",12060376,28530
"2023-01-29 00:00:00",12031846,33029
"2023-01-28 00:00:00",11998817,32402
"2023-01-27 00:00:00",11966415,32665
"2023-01-26 00:00:00",11933750,33056
"2023-01-25 00:00:00",11900694,31566
"2023-01-24 00:00:00",11869128,26831
"2023-01-23 00:00:00",11842297,29465
"2023-01-22 00:00:00",11812832,33681
"2023-01-21 00:00:00",11779151,34596
"2023-01-20 00:00:00",11744555,34323
"2023-01-19 00:00:00",11710232,35034
"2023-01-18 00:00:00",11675198,31308
"2023-01-17 00:00:00",11643890,28332
"2023-01-16 00:00:00",11615558,29674
"2023-01-15 00:00:00",11585884,35653
"2023-01-14 00:00:00",11550231,35092
"2023-01-13 00:00:00",11515139,0
"2023-01-12 00:00:00",11515139,69969
"2023-01-11 00:00:00",11445170,34347
"2023-01-10 00:00:00",11410823,29078
"2023-01-09 00:00:00",11381745,31090
"2023-01-08 00:00:00",11350655,34399
"2023-01-07 00:00:00",11316256,34674
"2023-01-06 00:00:00",11281582,34136
"2023-01-05 00:00:00",11247446,33517
"2023-01-04 00:00:00",11213929,29940
"2023-01-03 00:00:00",11183989,27408
"2023-01-02 00:00:00",11156581,31550
"2023-01-01 00:00:00",11125031,33666
"2022-12-31 00:00:00",11091365,33398
"2022-12-30 00:00:00",11057967,33436
"2022-12-29 00:00:00",11024531,0
"2022-12-28 00:00:00",11024531,63155
"2022-12-27 00:00:00",10961376,26110
"2022-12-26 00:00:00",10935266,31647
"2022-12-25 00:00:00",10903619,34309
"2022-12-24 00:00:00",10869310,37005
"2022-12-23 00:00:00",10832305,37155
"2022-12-22 00:00:00",10795150,37337
"2022-12-21 00:00:00",10757813,35893
"2022-12-20 00:00:00",10721920,31480
"2022-12-19 00:00:00",10690440,0
"2022-12-18 00:00:00",10690440,73729
"2022-12-17 00:00:00",10616711,41362
"2022-12-16 00:00:00",10575349,41181
"2022-12-15 00:00:00",10534168,40354
"2022-12-14 00:00:00",10493814,37674
"2022-12-13 00:00:00",10456140,0
"2022-12-12 00:00:00",10456140,64578
"2022-12-11 00:00:00",10391562,38382
"2022-12-10 00:00:00",10353180,39290
"2022-12-09 00:00:00",10313890,39884
"2022-12-08 00:00:00",10274006,39734
"2022-12-07 00:00:00",10234272,38826
"2022-12-06 00:00:00",10195446,38826
"2022-12-05 00:00:00",10156620,38826
"2022-12-04 00:00:00",10117794,38826
"2022-12-03 00:00:00",10078967,38826
"2022-12-02 00:00:00",10040141,38826
"2022-12-01 00:00:00",10001315,37211
"2022-11-30 00:00:00",9964104,37929
"2022-11-29 00:00:00",9926175,30609
"2022-11-28 00:00:00",9895566,31398
"2022-11-27 00:00:00",9864168,31352
"2022-11-26 00:00:00",9832816,32203
"2022-11-25 00:00:00",9800613,35969
"2022-11-24 00:00:00",9764644,36204
"2022-11-23 00:00:00",9728440,35520
"2022-11-22 00:00:00",9692920,31152
"2022-11-21 00:00:00",9661768,33515
"2022-11-20 00:00:00",9628253,37989
"2022-11-19 00:00:00",9590264,37235
"2022-11-18 00:00:00",9553029,37940
"2022-11-17 00:00:00",9515089,37327
"2022-11-16 00:00:00",9477762,37087
"2022-11-15 00:00:00",9440675,30745
"2022-11-14 00:00:00",9409930,33752
"2022-11-13 00:00:00",9376178,37059
"2022-11-12 00:00:00",9339119,38817
"2022-11-11 00:00:00",9300302,38660
"2022-11-10 00:00:00",9261642,38421
"2022-11-09 00:00:00",9223221,38246
"2022-11-08 00:00:00",9184975,31884
"2022-11-07 00:00:00",9153091,34963
"2022-11-06 00:00:00",9118128,39888
"2022-11-05 00:00:00",9078240,40849
"2022-11-04 00:00:00",9037391,39943
"2022-11-03 00:00:00",8997448,39627
"2022-11-02 00:00:00",8957821,40713
"2022-11-01 00:00:00",8917108,34622
"2022-10-31 00:00:00",8882486,37974
"2022-10-30 00:00:00",8844512,42932
"2022-10-29 00:00:00",8801580,43586
"2022-10-28 00:00:00",8757994,43860
"2022-10-27 00:00:00",8714134,43929
"2022-10-26 00:00:00",8670205,43704
"2022-10-25 00:00:00",8626501,37071
"2022-10-24 00:00:00",8589430,40023
"2022-10-23 00:00:00",8549407,47188
"2022-10-22 00:00:00",8502219,47381
"2022-10-21 00:00:00",8454838,47974
"2022-10-20 00:00:00",8406864,46716
"2022-10-19 00:00:00",8360148,46157
"2022-10-18 00:00:00",8313991,39292
"2022-10-17 00:00:00",8274699,43330
"2022-10-16 00:00:00",8231369,49205
"2022-10-15 00:00:00",8182164,49596
"2022-10-14 00:00:00",8132568,49118
"2022-10-13 00:00:00",8083450,49628
"2022-10-12 00:00:00",8033822,48178
"2022-10-11 00:00:00",7985644,41532
"2022-10-10 00:00:00",7944112,44735
"2022-10-09 00:00:00",7899377,51638
"2022-10-08 00:00:00",7847739,55189
"2022-10-07 00:00:00",7792550,57449
"2022-10-06 00:00:00",7735101,57460
"2022-10-05 00:00:00",7677641,54079
"2022-10-04 00:00:00",7623562,42913
"2022-10-03 00:00:00",7580649,47750
"2022-10-02 00:00:00",7532899,54666
"2022-10-01 00:00:00",7478233,55689
"2022-09-30 00:00:00",7422544,55110
"2022-09-29 00:00:00",7367434,54665
"2022-09-28 00:00:00",7312769,54225
"2022-09-27 00:00:00",7258544,45019
"2022-09-26 00:00:00",7213525,48828
"2022-09-25 00:00:00",7164697,57961
"2022-09-24 00:00:00",7106736,57282
"2022-09-23 00:00:00",7049454,57720
"2022-09-22 00:00:00",6991734,58169
"2022-09-21 00:00:00",6933565,57022
"2022-09-20 00:00:00",6876543,47758
"2022-09-19 00:00:00",6828785,52457
"2022-09-18 00:00:00",6776328,61410
"2022-09-17 00:00:00",6714918,61039
"2022-09-16 00:00:00",6653879,60964
"2022-09-15 00:00:00",6592915,61099
"2022-09-14 00:00:00",6531816,60320
"2022-09-13 00:00:00",6471496,49730
"2022-09-12 00:00:00",6421766,55449
"2022-09-11 00:00:00",6366317,65944
"2022-09-10 00:00:00",6300373,65447
"2022-09-09 00:00:00",6234926,64933
"2022-09-08 00:00:00",6169993,123575
"2022-09-07 00:00:00",6046418,0
"2022-09-06 00:00:00",6046418,55609
"2022-09-05 00:00:00",5990809,61058
"2022-09-04 00:00:00",5929751,72547
"2022-09-03 00:00:00",5857204,73695
"2022-09-02 00:00:00",5783509,74426
"2022-09-01 00:00:00",5709083,73820
"2022-08-31 00:00:00",5635263,73569
"2022-08-30 00:00:00",5561694,63668
"2022-08-29 00:00:00",5498026,70543
"2022-08-28 00:00:00",5427483,82396
"2022-08-27 00:00:00",5345087,83911
"2022-08-26 00:00:00",5261176,86641
"2022-08-25 00:00:00",5174535,88590
"2022-08-24 00:00:00",5085945,88559
"2022-08-23 00:00:00",4997386,0
"2022-08-22 00:00:00",4997386,122885
"2022-08-21 00:00:00",4874501,122885
"2022-08-20 00:00:00",4751617,122885
"2022-08-19 00:00:00",4628732,122885
"2022-08-18 00:00:00",4505847,119281
"2022-08-17 00:00:00",4386566,121022
"2022-08-16 00:00:00",4265544,109915
"2022-08-15 00:00:00",4155629,123115
"2022-08-14 00:00:00",4032514,139193
"2022-08-13 00:00:00",3893321,152268
"2022-08-12 00:00:00",3741053,149447
"2022-08-11 00:00:00",3591606,156310
"2022-08-10 00:00:00",3435296,157467
"2022-08-09 00:00:00",3277829,157279
"2022-08-08 00:00:00",3120550,192558
"2022-08-07 00:00:00",2927992,202749
"2022-08-06 00:00:00",2725243,513075
"2022-08-05 00:00:00",2212168,445881
"2022-08-04 00:00:00",1766287,384921
"2022-08-03 00:00:00",1381366,297800
"2022-08-02 00:00:00",1083566,274286
"2022-08-01 00:00:00",809280,358686
"2022-07-31 00:00:00",450594,443964
"2022-07-30 00:00:00",6630,0