﻿"DateTime","Spotify Streams","Change"
"2023-05-14 00:00:00",5714187,8560
"2023-05-13 00:00:00",5705627,7544
"2023-05-12 00:00:00",5698083,8381
"2023-05-11 00:00:00",5689702,0
"2023-05-10 00:00:00",5689702,7851
"2023-05-09 00:00:00",5681851,9981
"2023-05-08 00:00:00",5671870,9981
"2023-05-07 00:00:00",5661889,7513
"2023-05-06 00:00:00",5654376,8354
"2023-05-05 00:00:00",5646022,0
"2023-05-04 00:00:00",5646022,15439
"2023-05-03 00:00:00",5630583,0
"2023-05-02 00:00:00",5630583,13140
"2023-05-01 00:00:00",5617443,0
"2023-04-30 00:00:00",5617443,11182
"2023-04-29 00:00:00",5606262,11182
"2023-04-28 00:00:00",5595080,7981
"2023-04-27 00:00:00",5587100,7981
"2023-04-26 00:00:00",5579119,7052
"2023-04-25 00:00:00",5572068,7052
"2023-04-24 00:00:00",5565016,7867
"2023-04-23 00:00:00",5557149,8176
"2023-04-22 00:00:00",5548973,6903
"2023-04-21 00:00:00",5542070,6903
"2023-04-20 00:00:00",5535167,6663
"2023-04-19 00:00:00",5528505,6663
"2023-04-18 00:00:00",5521842,6001
"2023-04-17 00:00:00",5515841,7026
"2023-04-16 00:00:00",5508815,7624
"2023-04-15 00:00:00",5501191,7722
"2023-04-14 00:00:00",5493469,7880
"2023-04-13 00:00:00",5485589,7675
"2023-04-12 00:00:00",5477914,7254
"2023-04-11 00:00:00",5470660,6282
"2023-04-10 00:00:00",5464378,7135
"2023-04-09 00:00:00",5457243,0
"2023-04-08 00:00:00",5457243,15775
"2023-04-07 00:00:00",5441468,7738
"2023-04-06 00:00:00",5433730,7367
"2023-04-05 00:00:00",5426363,7433
"2023-04-04 00:00:00",5418930,6935
"2023-04-03 00:00:00",5411995,7712
"2023-04-02 00:00:00",5404283,8066
"2023-04-01 00:00:00",5396217,8090
"2023-03-31 00:00:00",5388127,0
"2023-03-30 00:00:00",5388127,15975
"2023-03-29 00:00:00",5372152,0
"2023-03-28 00:00:00",5372152,7912
"2023-03-27 00:00:00",5364240,15450
"2023-03-26 00:00:00",5348790,8769
"2023-03-25 00:00:00",5340021,9608
"2023-03-24 00:00:00",5330413,9100
"2023-03-23 00:00:00",5321313,8957
"2023-03-22 00:00:00",5312356,8537
"2023-03-21 00:00:00",5303819,0
"2023-03-20 00:00:00",5303819,17856
"2023-03-19 00:00:00",5285963,0
"2023-03-18 00:00:00",5285963,24579
"2023-03-17 00:00:00",5261384,13418
"2023-03-16 00:00:00",5247966,12572
"2023-03-15 00:00:00",5235394,12244
"2023-03-14 00:00:00",5223150,0
"2023-03-13 00:00:00",5223150,22119
"2023-03-12 00:00:00",5201031,12086
"2023-03-11 00:00:00",5188945,13531
"2023-03-10 00:00:00",5175414,15183
"2023-03-09 00:00:00",5160231,15603
"2023-03-08 00:00:00",5144628,11852
"2023-03-07 00:00:00",5132776,10235
"2023-03-06 00:00:00",5122541,11198
"2023-03-05 00:00:00",5111343,12566
"2023-03-04 00:00:00",5098777,11909
"2023-03-03 00:00:00",5086868,11747
"2023-03-02 00:00:00",5075121,12294
"2023-03-01 00:00:00",5062827,12102
"2023-02-28 00:00:00",5050725,10303
"2023-02-27 00:00:00",5040422,0
"2023-02-26 00:00:00",5040422,25435
"2023-02-25 00:00:00",5014987,15196
"2023-02-24 00:00:00",4999791,13394
"2023-02-23 00:00:00",4986397,13317
"2023-02-22 00:00:00",4973080,13395
"2023-02-21 00:00:00",4959685,11501
"2023-02-20 00:00:00",4948184,14053
"2023-02-19 00:00:00",4934131,15377
"2023-02-18 00:00:00",4918754,15417
"2023-02-17 00:00:00",4903337,15970
"2023-02-16 00:00:00",4887367,16727
"2023-02-15 00:00:00",4870640,14887
"2023-02-14 00:00:00",4855753,14693
"2023-02-13 00:00:00",4841060,15123
"2023-02-12 00:00:00",4825937,17795
"2023-02-11 00:00:00",4808142,0
"2023-02-10 00:00:00",4808142,32351
"2023-02-09 00:00:00",4775791,19783
"2023-02-08 00:00:00",4756008,0
"2023-02-07 00:00:00",4756008,19886
"2023-02-06 00:00:00",4736122,7547
"2023-02-05 00:00:00",4728575,16695
"2023-02-04 00:00:00",4711880,8258
"2023-02-03 00:00:00",4703622,7706
"2023-02-02 00:00:00",4695916,7445
"2023-02-01 00:00:00",4688471,7525
"2023-01-31 00:00:00",4680946,6410
"2023-01-30 00:00:00",4674536,7323
"2023-01-29 00:00:00",4667213,7627
"2023-01-28 00:00:00",4659586,0
"2023-01-27 00:00:00",4659586,15147
"2023-01-26 00:00:00",4644439,7858
"2023-01-25 00:00:00",4636581,8103
"2023-01-24 00:00:00",4628478,6771
"2023-01-23 00:00:00",4621707,7600
"2023-01-22 00:00:00",4614107,8413
"2023-01-21 00:00:00",4605694,0
"2023-01-20 00:00:00",4605694,16928
"2023-01-19 00:00:00",4588766,8542
"2023-01-18 00:00:00",4580224,8080
"2023-01-17 00:00:00",4572144,7507
"2023-01-16 00:00:00",4564637,8053
"2023-01-15 00:00:00",4556584,9293
"2023-01-14 00:00:00",4547291,8945
"2023-01-13 00:00:00",4538346,8761
"2023-01-12 00:00:00",4529585,8824
"2023-01-11 00:00:00",4520761,9014
"2023-01-10 00:00:00",4511747,7715
"2023-01-09 00:00:00",4504032,8792
"2023-01-08 00:00:00",4495240,9065
"2023-01-07 00:00:00",4486175,8835
"2023-01-06 00:00:00",4477340,8868
"2023-01-05 00:00:00",4468472,8794
"2023-01-04 00:00:00",4459678,0
"2023-01-03 00:00:00",4459678,15032
"2023-01-02 00:00:00",4444646,8754
"2023-01-01 00:00:00",4435892,8244
"2022-12-31 00:00:00",4427648,8055
"2022-12-30 00:00:00",4419593,7726
"2022-12-29 00:00:00",4411867,7323
"2022-12-28 00:00:00",4404544,6150
"2022-12-27 00:00:00",4398394,4318
"2022-12-26 00:00:00",4394076,0
"2022-12-25 00:00:00",4394076,13704
"2022-12-24 00:00:00",4380372,8022
"2022-12-23 00:00:00",4372350,8391
"2022-12-22 00:00:00",4363959,8470
"2022-12-21 00:00:00",4355489,8118
"2022-12-20 00:00:00",4347371,7076
"2022-12-19 00:00:00",4340295,7913
"2022-12-18 00:00:00",4332382,8252
"2022-12-17 00:00:00",4324130,7913
"2022-12-16 00:00:00",4316217,7799
"2022-12-15 00:00:00",4308418,7740
"2022-12-14 00:00:00",4300678,7633
"2022-12-13 00:00:00",4293045,6614
"2022-12-12 00:00:00",4286431,8057
"2022-12-11 00:00:00",4278374,8729
"2022-12-10 00:00:00",4269645,8822
"2022-12-09 00:00:00",4260823,9076
"2022-12-08 00:00:00",4251747,8898
"2022-12-07 00:00:00",4242849,9386
"2022-12-06 00:00:00",4233463,9865
"2022-12-05 00:00:00",4223599,9865
"2022-12-04 00:00:00",4213734,9865
"2022-12-03 00:00:00",4203870,9865
"2022-12-02 00:00:00",4194005,9865
"2022-12-01 00:00:00",4184141,9865
"2022-11-30 00:00:00",4174276,9507
"2022-11-29 00:00:00",4164769,8283
"2022-11-28 00:00:00",4156486,9003
"2022-11-27 00:00:00",4147483,8645
"2022-11-26 00:00:00",4138838,8861
"2022-11-25 00:00:00",4129977,9813
"2022-11-24 00:00:00",4120164,9926
"2022-11-23 00:00:00",4110238,9962
"2022-11-22 00:00:00",4100276,10287
"2022-11-21 00:00:00",4089989,12220
"2022-11-20 00:00:00",4077769,12247
"2022-11-19 00:00:00",4065522,11405
"2022-11-18 00:00:00",4054117,11335
"2022-11-17 00:00:00",4042782,10657
"2022-11-16 00:00:00",4032125,9739
"2022-11-15 00:00:00",4022386,9726
"2022-11-14 00:00:00",4012660,11255
"2022-11-13 00:00:00",4001405,12364
"2022-11-12 00:00:00",3989041,12761
"2022-11-11 00:00:00",3976280,12211
"2022-11-10 00:00:00",3964069,12802
"2022-11-09 00:00:00",3951267,12263
"2022-11-08 00:00:00",3939004,10327
"2022-11-07 00:00:00",3928677,12135
"2022-11-06 00:00:00",3916542,12850
"2022-11-05 00:00:00",3903692,12118
"2022-11-04 00:00:00",3891574,12291
"2022-11-03 00:00:00",3879283,11482
"2022-11-02 00:00:00",3867801,11761
"2022-11-01 00:00:00",3856040,10230
"2022-10-31 00:00:00",3845810,12411
"2022-10-30 00:00:00",3833399,14313
"2022-10-29 00:00:00",3819086,13620
"2022-10-28 00:00:00",3805466,13519
"2022-10-27 00:00:00",3791947,13669
"2022-10-26 00:00:00",3778278,12401
"2022-10-25 00:00:00",3765877,11767
"2022-10-24 00:00:00",3754110,13921
"2022-10-23 00:00:00",3740189,14194
"2022-10-22 00:00:00",3725995,16083
"2022-10-21 00:00:00",3709912,14751
"2022-10-20 00:00:00",3695161,15926
"2022-10-19 00:00:00",3679235,15056
"2022-10-18 00:00:00",3664179,14600
"2022-10-17 00:00:00",3649579,15648
"2022-10-16 00:00:00",3633931,33940
"2022-10-15 00:00:00",3599991,16069
"2022-10-14 00:00:00",3583922,0
"2022-10-13 00:00:00",3583922,17203
"2022-10-12 00:00:00",3566719,15592
"2022-10-11 00:00:00",3551127,14879
"2022-10-10 00:00:00",3536248,16705
"2022-10-09 00:00:00",3519543,20344
"2022-10-08 00:00:00",3499199,20448
"2022-10-07 00:00:00",3478751,19937
"2022-10-06 00:00:00",3458814,19373
"2022-10-05 00:00:00",3439441,20099
"2022-10-04 00:00:00",3419342,16610
"2022-10-03 00:00:00",3402732,17633
"2022-10-02 00:00:00",3385099,23341
"2022-10-01 00:00:00",3361758,23962
"2022-09-30 00:00:00",3337796,21553
"2022-09-29 00:00:00",3316243,21956
"2022-09-28 00:00:00",3294287,19394
"2022-09-27 00:00:00",3274893,16038
"2022-09-26 00:00:00",3258855,18580
"2022-09-25 00:00:00",3240275,20400
"2022-09-24 00:00:00",3219875,18934
"2022-09-23 00:00:00",3200941,34344
"2022-09-22 00:00:00",3166597,0
"2022-09-21 00:00:00",3166597,16503
"2022-09-20 00:00:00",3150094,15502
"2022-09-19 00:00:00",3134592,17353
"2022-09-18 00:00:00",3117239,18390
"2022-09-17 00:00:00",3098849,17553
"2022-09-16 00:00:00",3081296,18617
"2022-09-15 00:00:00",3062679,17643
"2022-09-14 00:00:00",3045036,16150
"2022-09-13 00:00:00",3028886,15019
"2022-09-12 00:00:00",3013867,17234
"2022-09-11 00:00:00",2996633,18627
"2022-09-10 00:00:00",2978006,17969
"2022-09-09 00:00:00",2960037,18350
"2022-09-08 00:00:00",2941687,37316
"2022-09-07 00:00:00",2904371,0
"2022-09-06 00:00:00",2904371,18004
"2022-09-05 00:00:00",2886367,19922
"2022-09-04 00:00:00",2866445,22449
"2022-09-03 00:00:00",2843996,22998
"2022-09-02 00:00:00",2820998,23408
"2022-09-01 00:00:00",2797590,22026
"2022-08-31 00:00:00",2775564,21644
"2022-08-30 00:00:00",2753920,19480
"2022-08-29 00:00:00",2734440,22381
"2022-08-28 00:00:00",2712059,23784
"2022-08-27 00:00:00",2688275,22989
"2022-08-26 00:00:00",2665286,23376
"2022-08-25 00:00:00",2641910,23371
"2022-08-24 00:00:00",2618539,23699
"2022-08-23 00:00:00",2594840,25363
"2022-08-22 00:00:00",2569477,25363
"2022-08-21 00:00:00",2544113,25363
"2022-08-20 00:00:00",2518750,29065
"2022-08-19 00:00:00",2489686,29065
"2022-08-18 00:00:00",2460621,31135
"2022-08-17 00:00:00",2429486,29815
"2022-08-16 00:00:00",2399671,27589
"2022-08-15 00:00:00",2372082,32657
"2022-08-14 00:00:00",2339425,37254
"2022-08-13 00:00:00",2302171,36488
"2022-08-12 00:00:00",2265683,39990
"2022-08-11 00:00:00",2225693,39795
"2022-08-10 00:00:00",2185898,41836
"2022-08-09 00:00:00",2144062,39232
"2022-08-08 00:00:00",2104830,47873
"2022-08-07 00:00:00",2056957,54628
"2022-08-06 00:00:00",2002329,48067
"2022-08-05 00:00:00",1954262,47031
"2022-08-04 00:00:00",1907231,48562
"2022-08-03 00:00:00",1858669,48750
"2022-08-02 00:00:00",1809919,46805
"2022-08-01 00:00:00",1763114,55854
"2022-07-31 00:00:00",1707260,65088
"2022-07-30 00:00:00",1642172,70802
"2022-07-29 00:00:00",1571370,68264
"2022-07-28 00:00:00",1503106,61772
"2022-07-27 00:00:00",1441334,66192
"2022-07-26 00:00:00",1375142,62585
"2022-07-25 00:00:00",1312557,81436
"2022-07-24 00:00:00",1231121,105690
"2022-07-23 00:00:00",1125431,109706
"2022-07-22 00:00:00",1015725,123770
"2022-07-21 00:00:00",891955,144390
"2022-07-20 00:00:00",747565,164504
"2022-07-19 00:00:00",583061,160351
"2022-07-18 00:00:00",422710,179843
"2022-07-17 00:00:00",242867,239569
"2022-07-16 00:00:00",3298,0