﻿"DateTime","Spotify Streams","Change"
"2023-05-15 00:00:00",2880859,2121
"2023-05-14 00:00:00",2878738,2121
"2023-05-13 00:00:00",2876617,2251
"2023-05-12 00:00:00",2874366,2342
"2023-05-11 00:00:00",2872024,2530
"2023-05-10 00:00:00",2869494,0
"2023-05-09 00:00:00",2869494,4764
"2023-05-08 00:00:00",2864730,3235
"2023-05-07 00:00:00",2861495,3235
"2023-05-06 00:00:00",2858261,3235
"2023-05-05 00:00:00",2855026,3235
"2023-05-04 00:00:00",2851791,2049
"2023-05-03 00:00:00",2849742,1764
"2023-05-02 00:00:00",2847978,0
"2023-05-01 00:00:00",2847978,3358
"2023-04-30 00:00:00",2844620,2031
"2023-04-29 00:00:00",2842589,2031
"2023-04-28 00:00:00",2840559,2031
"2023-04-27 00:00:00",2838528,2031
"2023-04-26 00:00:00",2836497,1925
"2023-04-25 00:00:00",2834572,1925
"2023-04-24 00:00:00",2832647,1925
"2023-04-23 00:00:00",2830722,1925
"2023-04-22 00:00:00",2828797,1925
"2023-04-21 00:00:00",2826872,2175
"2023-04-20 00:00:00",2824697,2030
"2023-04-19 00:00:00",2822667,1898
"2023-04-18 00:00:00",2820769,1898
"2023-04-17 00:00:00",2818871,1898
"2023-04-16 00:00:00",2816972,1898
"2023-04-15 00:00:00",2815074,2171
"2023-04-14 00:00:00",2812903,2154
"2023-04-13 00:00:00",2810749,2100
"2023-04-12 00:00:00",2808649,1804
"2023-04-11 00:00:00",2806845,1804
"2023-04-10 00:00:00",2805040,1804
"2023-04-09 00:00:00",2803236,2141
"2023-04-08 00:00:00",2801096,2141
"2023-04-07 00:00:00",2798955,2212
"2023-04-06 00:00:00",2796743,2212
"2023-04-05 00:00:00",2794531,1875
"2023-04-04 00:00:00",2792657,1875
"2023-04-03 00:00:00",2790782,0
"2023-04-02 00:00:00",2790782,4233
"2023-04-01 00:00:00",2786549,2253
"2023-03-31 00:00:00",2784296,0
"2023-03-30 00:00:00",2784296,4483
"2023-03-29 00:00:00",2779813,2175
"2023-03-28 00:00:00",2777638,1896
"2023-03-27 00:00:00",2775742,1896
"2023-03-26 00:00:00",2773846,2195
"2023-03-25 00:00:00",2771652,2195
"2023-03-24 00:00:00",2769457,2246
"2023-03-23 00:00:00",2767211,2068
"2023-03-22 00:00:00",2765143,2068
"2023-03-21 00:00:00",2763075,2068
"2023-03-20 00:00:00",2761007,2268
"2023-03-19 00:00:00",2758739,2268
"2023-03-18 00:00:00",2756471,2268
"2023-03-17 00:00:00",2754202,2268
"2023-03-16 00:00:00",2751934,2220
"2023-03-15 00:00:00",2749714,2130
"2023-03-14 00:00:00",2747584,0
"2023-03-13 00:00:00",2747584,3229
"2023-03-12 00:00:00",2744356,3229
"2023-03-11 00:00:00",2741127,2322
"2023-03-10 00:00:00",2738805,2322
"2023-03-09 00:00:00",2736483,2322
"2023-03-08 00:00:00",2734162,2322
"2023-03-07 00:00:00",2731840,2322
"2023-03-06 00:00:00",2729518,2219
"2023-03-05 00:00:00",2727299,0
"2023-03-04 00:00:00",2727299,3829
"2023-03-03 00:00:00",2723470,3829
"2023-03-02 00:00:00",2719641,2581
"2023-03-01 00:00:00",2717060,2382
"2023-02-28 00:00:00",2714678,2232
"2023-02-27 00:00:00",2712447,2232
"2023-02-26 00:00:00",2710215,2611
"2023-02-25 00:00:00",2707604,2528
"2023-02-24 00:00:00",2705076,2592
"2023-02-23 00:00:00",2702484,2466
"2023-02-22 00:00:00",2700018,2359
"2023-02-21 00:00:00",2697659,2115
"2023-02-20 00:00:00",2695544,2318
"2023-02-19 00:00:00",2693226,0
"2023-02-18 00:00:00",2693226,5431
"2023-02-17 00:00:00",2687795,0
"2023-02-16 00:00:00",2687795,5350
"2023-02-15 00:00:00",2682445,2441
"2023-02-14 00:00:00",2680004,2350
"2023-02-13 00:00:00",2677654,2350
"2023-02-12 00:00:00",2675304,2993
"2023-02-11 00:00:00",2672311,3000
"2023-02-10 00:00:00",2669311,6049
"2023-02-09 00:00:00",2663262,0
"2023-02-08 00:00:00",2663262,0
"2023-02-07 00:00:00",2663262,2699
"2023-02-06 00:00:00",2660563,2699
"2023-02-05 00:00:00",2657863,2699
"2023-02-04 00:00:00",2655164,4488
"2023-02-03 00:00:00",2650677,4488
"2023-02-02 00:00:00",2646189,2847
"2023-02-01 00:00:00",2643342,2813
"2023-01-31 00:00:00",2640529,2450
"2023-01-30 00:00:00",2638079,2814
"2023-01-29 00:00:00",2635265,3291
"2023-01-28 00:00:00",2631975,3291
"2023-01-27 00:00:00",2628684,3087
"2023-01-26 00:00:00",2625597,0
"2023-01-25 00:00:00",2625597,5584
"2023-01-24 00:00:00",2620013,2305
"2023-01-23 00:00:00",2617708,2899
"2023-01-22 00:00:00",2614809,3203
"2023-01-21 00:00:00",2611606,3220
"2023-01-20 00:00:00",2608386,3173
"2023-01-19 00:00:00",2605214,3173
"2023-01-18 00:00:00",2602041,2689
"2023-01-17 00:00:00",2599352,2689
"2023-01-16 00:00:00",2596664,2689
"2023-01-15 00:00:00",2593975,3355
"2023-01-14 00:00:00",2590620,3211
"2023-01-13 00:00:00",2587409,3263
"2023-01-12 00:00:00",2584146,2945
"2023-01-11 00:00:00",2581201,2979
"2023-01-10 00:00:00",2578222,2532
"2023-01-09 00:00:00",2575690,0
"2023-01-08 00:00:00",2575690,6237
"2023-01-07 00:00:00",2569453,2916
"2023-01-06 00:00:00",2566537,2916
"2023-01-05 00:00:00",2563621,2710
"2023-01-04 00:00:00",2560911,2528
"2023-01-03 00:00:00",2558383,2296
"2023-01-02 00:00:00",2556087,2752
"2023-01-01 00:00:00",2553335,3004
"2022-12-31 00:00:00",2550331,2949
"2022-12-30 00:00:00",2547383,2949
"2022-12-29 00:00:00",2544434,2719
"2022-12-28 00:00:00",2541715,0
"2022-12-27 00:00:00",2541715,4459
"2022-12-26 00:00:00",2537256,2861
"2022-12-25 00:00:00",2534395,3229
"2022-12-24 00:00:00",2531166,3297
"2022-12-23 00:00:00",2527869,3463
"2022-12-22 00:00:00",2524406,3463
"2022-12-21 00:00:00",2520943,3030
"2022-12-20 00:00:00",2517913,2472
"2022-12-19 00:00:00",2515441,3157
"2022-12-18 00:00:00",2512284,3487
"2022-12-17 00:00:00",2508797,3487
"2022-12-16 00:00:00",2505310,3619
"2022-12-15 00:00:00",2501691,3468
"2022-12-14 00:00:00",2498223,3407
"2022-12-13 00:00:00",2494816,2793
"2022-12-12 00:00:00",2492023,3220
"2022-12-11 00:00:00",2488803,3650
"2022-12-10 00:00:00",2485153,3750
"2022-12-09 00:00:00",2481403,3672
"2022-12-08 00:00:00",2477731,3684
"2022-12-07 00:00:00",2474047,3905
"2022-12-06 00:00:00",2470142,3905
"2022-12-05 00:00:00",2466236,3905
"2022-12-04 00:00:00",2462331,3905
"2022-12-03 00:00:00",2458426,3905
"2022-12-02 00:00:00",2454520,3905
"2022-12-01 00:00:00",2450615,3810
"2022-11-30 00:00:00",2446805,3770
"2022-11-29 00:00:00",2443035,3072
"2022-11-28 00:00:00",2439963,3589
"2022-11-27 00:00:00",2436374,3984
"2022-11-26 00:00:00",2432390,4127
"2022-11-25 00:00:00",2428264,4127
"2022-11-24 00:00:00",2424137,4206
"2022-11-23 00:00:00",2419931,4132
"2022-11-22 00:00:00",2415799,3553
"2022-11-21 00:00:00",2412246,4073
"2022-11-20 00:00:00",2408173,4543
"2022-11-19 00:00:00",2403630,4456
"2022-11-18 00:00:00",2399174,4351
"2022-11-17 00:00:00",2394823,4422
"2022-11-16 00:00:00",2390401,4230
"2022-11-15 00:00:00",2386171,3546
"2022-11-14 00:00:00",2382625,4173
"2022-11-13 00:00:00",2378452,4791
"2022-11-12 00:00:00",2373661,5150
"2022-11-11 00:00:00",2368511,4991
"2022-11-10 00:00:00",2363520,4993
"2022-11-09 00:00:00",2358527,4567
"2022-11-08 00:00:00",2353960,3932
"2022-11-07 00:00:00",2350028,4635
"2022-11-06 00:00:00",2345393,5127
"2022-11-05 00:00:00",2340266,5412
"2022-11-04 00:00:00",2334854,5382
"2022-11-03 00:00:00",2329472,5123
"2022-11-02 00:00:00",2324349,5027
"2022-11-01 00:00:00",2319322,4313
"2022-10-31 00:00:00",2315009,5093
"2022-10-30 00:00:00",2309916,5856
"2022-10-29 00:00:00",2304060,5767
"2022-10-28 00:00:00",2298293,5600
"2022-10-27 00:00:00",2292693,5617
"2022-10-26 00:00:00",2287076,5517
"2022-10-25 00:00:00",2281559,4523
"2022-10-24 00:00:00",2277036,5783
"2022-10-23 00:00:00",2271253,6608
"2022-10-22 00:00:00",2264645,6327
"2022-10-21 00:00:00",2258318,6374
"2022-10-20 00:00:00",2251944,6166
"2022-10-19 00:00:00",2245778,6015
"2022-10-18 00:00:00",2239763,5000
"2022-10-17 00:00:00",2234763,6006
"2022-10-16 00:00:00",2228757,7114
"2022-10-15 00:00:00",2221643,7217
"2022-10-14 00:00:00",2214426,7178
"2022-10-13 00:00:00",2207248,7325
"2022-10-12 00:00:00",2199923,6611
"2022-10-11 00:00:00",2193312,5962
"2022-10-10 00:00:00",2187350,7197
"2022-10-09 00:00:00",2180153,8369
"2022-10-08 00:00:00",2171784,8158
"2022-10-07 00:00:00",2163626,7998
"2022-10-06 00:00:00",2155628,8325
"2022-10-05 00:00:00",2147303,8080
"2022-10-04 00:00:00",2139223,6861
"2022-10-03 00:00:00",2132362,8168
"2022-10-02 00:00:00",2124194,9589
"2022-10-01 00:00:00",2114605,9694
"2022-09-30 00:00:00",2104911,9608
"2022-09-29 00:00:00",2095303,9538
"2022-09-28 00:00:00",2085765,8885
"2022-09-27 00:00:00",2076880,7798
"2022-09-26 00:00:00",2069082,9308
"2022-09-25 00:00:00",2059774,11176
"2022-09-24 00:00:00",2048598,11197
"2022-09-23 00:00:00",2037401,22339
"2022-09-22 00:00:00",2015062,0
"2022-09-21 00:00:00",2015062,10345
"2022-09-20 00:00:00",2004717,9046
"2022-09-19 00:00:00",1995671,11715
"2022-09-18 00:00:00",1983956,13114
"2022-09-17 00:00:00",1970842,12763
"2022-09-16 00:00:00",1958079,12709
"2022-09-15 00:00:00",1945370,12981
"2022-09-14 00:00:00",1932389,12038
"2022-09-13 00:00:00",1920352,12038
"2022-09-12 00:00:00",1908314,14075
"2022-09-11 00:00:00",1894239,16882
"2022-09-10 00:00:00",1877357,16637
"2022-09-09 00:00:00",1860720,17352
"2022-09-08 00:00:00",1843368,35527
"2022-09-07 00:00:00",1807841,0
"2022-09-06 00:00:00",1807841,16241
"2022-09-05 00:00:00",1791600,18609
"2022-09-04 00:00:00",1772991,21931
"2022-09-03 00:00:00",1751060,22313
"2022-09-02 00:00:00",1728747,23149
"2022-09-01 00:00:00",1705598,24246
"2022-08-31 00:00:00",1681352,24199
"2022-08-30 00:00:00",1657153,23858
"2022-08-29 00:00:00",1633295,29560
"2022-08-28 00:00:00",1603735,37279
"2022-08-27 00:00:00",1566456,37608
"2022-08-26 00:00:00",1528848,39820
"2022-08-25 00:00:00",1489028,44308
"2022-08-24 00:00:00",1444720,46750
"2022-08-23 00:00:00",1397970,0
"2022-08-22 00:00:00",1397970,91889
"2022-08-21 00:00:00",1306081,91889
"2022-08-20 00:00:00",1214192,91546
"2022-08-19 00:00:00",1122646,110338
"2022-08-18 00:00:00",1012308,135563
"2022-08-17 00:00:00",876745,155111
"2022-08-16 00:00:00",721634,154859
"2022-08-15 00:00:00",566775,488858
"2022-08-14 00:00:00",77917,70773
"2022-08-13 00:00:00",7144,0