﻿"DateTime","Spotify Streams","Change"
"2023-05-15 00:00:00",4215823,6577
"2023-05-14 00:00:00",4209246,7600
"2023-05-13 00:00:00",4201647,7600
"2023-05-12 00:00:00",4194047,8127
"2023-05-11 00:00:00",4185920,8043
"2023-05-10 00:00:00",4177877,8024
"2023-05-09 00:00:00",4169853,6811
"2023-05-08 00:00:00",4163042,7646
"2023-05-07 00:00:00",4155396,4246
"2023-05-06 00:00:00",4151151,4246
"2023-05-05 00:00:00",4146905,8223
"2023-05-04 00:00:00",4138682,17191
"2023-05-03 00:00:00",4121491,8435
"2023-05-02 00:00:00",4113056,6707
"2023-05-01 00:00:00",4106349,7869
"2023-04-30 00:00:00",4098480,9117
"2023-04-29 00:00:00",4089363,12778
"2023-04-28 00:00:00",4076585,0
"2023-04-27 00:00:00",4076585,28934
"2023-04-26 00:00:00",4047651,13169
"2023-04-25 00:00:00",4034483,13169
"2023-04-24 00:00:00",4021314,13739
"2023-04-23 00:00:00",4007575,13749
"2023-04-22 00:00:00",3993826,9561
"2023-04-21 00:00:00",3984265,8946
"2023-04-20 00:00:00",3975319,8946
"2023-04-19 00:00:00",3966373,8716
"2023-04-18 00:00:00",3957657,0
"2023-04-17 00:00:00",3957657,17121
"2023-04-16 00:00:00",3940536,9717
"2023-04-15 00:00:00",3930819,9252
"2023-04-14 00:00:00",3921567,9032
"2023-04-13 00:00:00",3912535,8527
"2023-04-12 00:00:00",3904008,8136
"2023-04-11 00:00:00",3895872,6953
"2023-04-10 00:00:00",3888919,7848
"2023-04-09 00:00:00",3881071,8616
"2023-04-08 00:00:00",3872455,8860
"2023-04-07 00:00:00",3863595,0
"2023-04-06 00:00:00",3863595,17627
"2023-04-05 00:00:00",3845968,8910
"2023-04-04 00:00:00",3837058,7585
"2023-04-03 00:00:00",3829473,8053
"2023-04-02 00:00:00",3821420,9002
"2023-04-01 00:00:00",3812418,8691
"2023-03-31 00:00:00",3803727,8504
"2023-03-30 00:00:00",3795223,9003
"2023-03-29 00:00:00",3786220,8198
"2023-03-28 00:00:00",3778022,7355
"2023-03-27 00:00:00",3770667,8269
"2023-03-26 00:00:00",3762398,0
"2023-03-25 00:00:00",3762398,17815
"2023-03-24 00:00:00",3744583,8864
"2023-03-23 00:00:00",3735719,0
"2023-03-22 00:00:00",3735719,17481
"2023-03-21 00:00:00",3718238,7576
"2023-03-20 00:00:00",3710662,8399
"2023-03-19 00:00:00",3702263,9028
"2023-03-18 00:00:00",3693235,9032
"2023-03-17 00:00:00",3684203,8991
"2023-03-16 00:00:00",3675212,8816
"2023-03-15 00:00:00",3666396,8706
"2023-03-14 00:00:00",3657690,7718
"2023-03-13 00:00:00",3649972,8635
"2023-03-12 00:00:00",3641337,9212
"2023-03-11 00:00:00",3632125,0
"2023-03-10 00:00:00",3632125,18923
"2023-03-09 00:00:00",3613202,9615
"2023-03-08 00:00:00",3603587,9337
"2023-03-07 00:00:00",3594250,8094
"2023-03-06 00:00:00",3586156,8833
"2023-03-05 00:00:00",3577323,9851
"2023-03-04 00:00:00",3567472,10481
"2023-03-03 00:00:00",3556991,10379
"2023-03-02 00:00:00",3546612,10150
"2023-03-01 00:00:00",3536462,10547
"2023-02-28 00:00:00",3525915,8402
"2023-02-27 00:00:00",3517513,9768
"2023-02-26 00:00:00",3507745,11992
"2023-02-25 00:00:00",3495753,10682
"2023-02-24 00:00:00",3485071,11559
"2023-02-23 00:00:00",3473512,21625
"2023-02-22 00:00:00",3451887,0
"2023-02-21 00:00:00",3451887,9469
"2023-02-20 00:00:00",3442418,10267
"2023-02-19 00:00:00",3432151,11814
"2023-02-18 00:00:00",3420337,12060
"2023-02-17 00:00:00",3408277,10755
"2023-02-16 00:00:00",3397522,10871
"2023-02-15 00:00:00",3386651,9759
"2023-02-14 00:00:00",3376892,9362
"2023-02-13 00:00:00",3367530,10432
"2023-02-12 00:00:00",3357098,11681
"2023-02-11 00:00:00",3345417,11378
"2023-02-10 00:00:00",3334039,11867
"2023-02-09 00:00:00",3322172,11397
"2023-02-08 00:00:00",3310775,11017
"2023-02-07 00:00:00",3299758,10130
"2023-02-06 00:00:00",3289628,11079
"2023-02-05 00:00:00",3278549,12132
"2023-02-04 00:00:00",3266417,13029
"2023-02-03 00:00:00",3253388,13482
"2023-02-02 00:00:00",3239906,13570
"2023-02-01 00:00:00",3226336,13079
"2023-01-31 00:00:00",3213257,11463
"2023-01-30 00:00:00",3201794,12872
"2023-01-29 00:00:00",3188922,14427
"2023-01-28 00:00:00",3174495,15021
"2023-01-27 00:00:00",3159474,13880
"2023-01-26 00:00:00",3145594,13808
"2023-01-25 00:00:00",3131786,13186
"2023-01-24 00:00:00",3118600,11383
"2023-01-23 00:00:00",3107217,13336
"2023-01-22 00:00:00",3093881,14913
"2023-01-21 00:00:00",3078968,20256
"2023-01-20 00:00:00",3058712,26812
"2023-01-19 00:00:00",3031900,24289
"2023-01-18 00:00:00",3007611,19918
"2023-01-17 00:00:00",2987693,18567
"2023-01-16 00:00:00",2969126,20360
"2023-01-15 00:00:00",2948766,26480
"2023-01-14 00:00:00",2922286,30687
"2023-01-13 00:00:00",2891599,18907
"2023-01-12 00:00:00",2872692,16903
"2023-01-11 00:00:00",2855789,15969
"2023-01-10 00:00:00",2839820,13940
"2023-01-09 00:00:00",2825880,15153
"2023-01-08 00:00:00",2810727,16639
"2023-01-07 00:00:00",2794088,17043
"2023-01-06 00:00:00",2777045,16787
"2023-01-05 00:00:00",2760258,16250
"2023-01-04 00:00:00",2744008,14085
"2023-01-03 00:00:00",2729923,13183
"2023-01-02 00:00:00",2716740,15572
"2023-01-01 00:00:00",2701168,16332
"2022-12-31 00:00:00",2684836,16770
"2022-12-30 00:00:00",2668066,17408
"2022-12-29 00:00:00",2650658,16780
"2022-12-28 00:00:00",2633878,13752
"2022-12-27 00:00:00",2620126,12790
"2022-12-26 00:00:00",2607336,15008
"2022-12-25 00:00:00",2592328,17794
"2022-12-24 00:00:00",2574534,19249
"2022-12-23 00:00:00",2555285,19876
"2022-12-22 00:00:00",2535409,19043
"2022-12-21 00:00:00",2516366,18729
"2022-12-20 00:00:00",2497637,16098
"2022-12-19 00:00:00",2481539,18044
"2022-12-18 00:00:00",2463495,20826
"2022-12-17 00:00:00",2442669,21202
"2022-12-16 00:00:00",2421467,20576
"2022-12-15 00:00:00",2400891,22936
"2022-12-14 00:00:00",2377955,20532
"2022-12-13 00:00:00",2357423,15880
"2022-12-12 00:00:00",2341543,15952
"2022-12-11 00:00:00",2325591,20031
"2022-12-10 00:00:00",2305560,19193
"2022-12-09 00:00:00",2286367,18499
"2022-12-08 00:00:00",2267868,17237
"2022-12-07 00:00:00",2250631,14868
"2022-12-06 00:00:00",2235763,16410
"2022-12-05 00:00:00",2219353,16410
"2022-12-04 00:00:00",2202944,16410
"2022-12-03 00:00:00",2186534,16410
"2022-12-02 00:00:00",2170125,16410
"2022-12-01 00:00:00",2153715,19507
"2022-11-30 00:00:00",2134208,19213
"2022-11-29 00:00:00",2114995,16400
"2022-11-28 00:00:00",2098595,18268
"2022-11-27 00:00:00",2080327,18994
"2022-11-26 00:00:00",2061333,20279
"2022-11-25 00:00:00",2041054,24030
"2022-11-24 00:00:00",2017024,22401
"2022-11-23 00:00:00",1994623,20571
"2022-11-22 00:00:00",1974052,17953
"2022-11-21 00:00:00",1956099,20719
"2022-11-20 00:00:00",1935380,23654
"2022-11-19 00:00:00",1911726,31277
"2022-11-18 00:00:00",1880449,30530
"2022-11-17 00:00:00",1849919,29342
"2022-11-16 00:00:00",1820577,25991
"2022-11-15 00:00:00",1794586,25371
"2022-11-14 00:00:00",1769215,27386
"2022-11-13 00:00:00",1741829,25651
"2022-11-12 00:00:00",1716178,27298
"2022-11-11 00:00:00",1688880,27934
"2022-11-10 00:00:00",1660946,27893
"2022-11-09 00:00:00",1633053,27772
"2022-11-08 00:00:00",1605281,24808
"2022-11-07 00:00:00",1580473,27050
"2022-11-06 00:00:00",1553423,30091
"2022-11-05 00:00:00",1523332,34432
"2022-11-04 00:00:00",1488900,37640
"2022-11-03 00:00:00",1451260,35333
"2022-11-02 00:00:00",1415927,34590
"2022-11-01 00:00:00",1381337,30284
"2022-10-31 00:00:00",1351053,34337
"2022-10-30 00:00:00",1316716,47605
"2022-10-29 00:00:00",1269111,75897
"2022-10-28 00:00:00",1193214,75298
"2022-10-27 00:00:00",1117916,75236
"2022-10-26 00:00:00",1042680,72687
"2022-10-25 00:00:00",969993,62526
"2022-10-24 00:00:00",907467,71320
"2022-10-23 00:00:00",836147,91101
"2022-10-22 00:00:00",745046,103215
"2022-10-21 00:00:00",641831,108083
"2022-10-20 00:00:00",533748,111424
"2022-10-19 00:00:00",422324,110200
"2022-10-18 00:00:00",312124,93086
"2022-10-17 00:00:00",219038,102578
"2022-10-16 00:00:00",116460,0