﻿"DateTime","Spotify Streams","Change"
"2023-05-14 00:00:00",6207088,0
"2023-05-13 00:00:00",6207088,43159
"2023-05-12 00:00:00",6163929,22374
"2023-05-11 00:00:00",6141555,21073
"2023-05-10 00:00:00",6120482,20454
"2023-05-09 00:00:00",6100028,17113
"2023-05-08 00:00:00",6082915,20181
"2023-05-07 00:00:00",6062734,20181
"2023-05-06 00:00:00",6042553,26695
"2023-05-05 00:00:00",6015858,24401
"2023-05-04 00:00:00",5991457,0
"2023-05-03 00:00:00",5991457,33488
"2023-05-02 00:00:00",5957969,33488
"2023-05-01 00:00:00",5924481,20105
"2023-04-30 00:00:00",5904376,23928
"2023-04-29 00:00:00",5880448,22996
"2023-04-28 00:00:00",5857452,0
"2023-04-27 00:00:00",5857452,44714
"2023-04-26 00:00:00",5812738,20906
"2023-04-25 00:00:00",5791832,0
"2023-04-24 00:00:00",5791832,33317
"2023-04-23 00:00:00",5758515,0
"2023-04-22 00:00:00",5758515,41520
"2023-04-21 00:00:00",5716995,20828
"2023-04-20 00:00:00",5696167,21251
"2023-04-19 00:00:00",5674916,20769
"2023-04-18 00:00:00",5654147,0
"2023-04-17 00:00:00",5654147,35173
"2023-04-16 00:00:00",5618974,21377
"2023-04-15 00:00:00",5597597,22520
"2023-04-14 00:00:00",5575077,20772
"2023-04-13 00:00:00",5554305,20955
"2023-04-12 00:00:00",5533350,19398
"2023-04-11 00:00:00",5513952,16537
"2023-04-10 00:00:00",5497415,18049
"2023-04-09 00:00:00",5479366,19425
"2023-04-08 00:00:00",5459941,21497
"2023-04-07 00:00:00",5438444,21395
"2023-04-06 00:00:00",5417049,21382
"2023-04-05 00:00:00",5395667,0
"2023-04-04 00:00:00",5395667,38217
"2023-04-03 00:00:00",5357450,18422
"2023-04-02 00:00:00",5339028,21558
"2023-04-01 00:00:00",5317470,22786
"2023-03-31 00:00:00",5294684,22547
"2023-03-30 00:00:00",5272137,22424
"2023-03-29 00:00:00",5249713,22533
"2023-03-28 00:00:00",5227180,18874
"2023-03-27 00:00:00",5208306,20080
"2023-03-26 00:00:00",5188226,23233
"2023-03-25 00:00:00",5164993,23182
"2023-03-24 00:00:00",5141811,0
"2023-03-23 00:00:00",5141811,49179
"2023-03-22 00:00:00",5092632,24810
"2023-03-21 00:00:00",5067822,20951
"2023-03-20 00:00:00",5046871,22816
"2023-03-19 00:00:00",5024055,25844
"2023-03-18 00:00:00",4998211,0
"2023-03-17 00:00:00",4998211,52862
"2023-03-16 00:00:00",4945349,26055
"2023-03-15 00:00:00",4919294,27529
"2023-03-14 00:00:00",4891765,23516
"2023-03-13 00:00:00",4868249,25424
"2023-03-12 00:00:00",4842825,29588
"2023-03-11 00:00:00",4813237,30948
"2023-03-10 00:00:00",4782289,29879
"2023-03-09 00:00:00",4752410,30190
"2023-03-08 00:00:00",4722220,30100
"2023-03-07 00:00:00",4692120,23830
"2023-03-06 00:00:00",4668290,24711
"2023-03-05 00:00:00",4643579,27082
"2023-03-04 00:00:00",4616497,25138
"2023-03-03 00:00:00",4591359,24523
"2023-03-02 00:00:00",4566836,24285
"2023-03-01 00:00:00",4542551,24946
"2023-02-28 00:00:00",4517605,20149
"2023-02-27 00:00:00",4497456,20433
"2023-02-26 00:00:00",4477023,23421
"2023-02-25 00:00:00",4453602,28298
"2023-02-24 00:00:00",4425304,29152
"2023-02-23 00:00:00",4396152,29628
"2023-02-22 00:00:00",4366524,21451
"2023-02-21 00:00:00",4345073,19142
"2023-02-20 00:00:00",4325931,20159
"2023-02-19 00:00:00",4305772,23711
"2023-02-18 00:00:00",4282061,0
"2023-02-17 00:00:00",4282061,47279
"2023-02-16 00:00:00",4234782,23852
"2023-02-15 00:00:00",4210930,22588
"2023-02-14 00:00:00",4188342,0
"2023-02-13 00:00:00",4188342,39245
"2023-02-12 00:00:00",4149097,25265
"2023-02-11 00:00:00",4123832,25258
"2023-02-10 00:00:00",4098574,24536
"2023-02-09 00:00:00",4074038,24442
"2023-02-08 00:00:00",4049596,24811
"2023-02-07 00:00:00",4024785,0
"2023-02-06 00:00:00",4024785,39429
"2023-02-05 00:00:00",3985356,24668
"2023-02-04 00:00:00",3960688,23989
"2023-02-03 00:00:00",3936699,23639
"2023-02-02 00:00:00",3913060,24091
"2023-02-01 00:00:00",3888969,23909
"2023-01-31 00:00:00",3865060,18607
"2023-01-30 00:00:00",3846453,19347
"2023-01-29 00:00:00",3827106,24726
"2023-01-28 00:00:00",3802380,24726
"2023-01-27 00:00:00",3777654,25444
"2023-01-26 00:00:00",3752210,25733
"2023-01-25 00:00:00",3726477,25060
"2023-01-24 00:00:00",3701417,19221
"2023-01-23 00:00:00",3682196,19791
"2023-01-22 00:00:00",3662405,0
"2023-01-21 00:00:00",3662405,47851
"2023-01-20 00:00:00",3614554,23080
"2023-01-19 00:00:00",3591474,23568
"2023-01-18 00:00:00",3567906,18907
"2023-01-17 00:00:00",3548999,17693
"2023-01-16 00:00:00",3531306,18250
"2023-01-15 00:00:00",3513056,22902
"2023-01-14 00:00:00",3490154,23062
"2023-01-13 00:00:00",3467092,23121
"2023-01-12 00:00:00",3443971,22984
"2023-01-11 00:00:00",3420987,23341
"2023-01-10 00:00:00",3397646,18339
"2023-01-09 00:00:00",3379307,18891
"2023-01-08 00:00:00",3360416,21630
"2023-01-07 00:00:00",3338786,22046
"2023-01-06 00:00:00",3316740,21915
"2023-01-05 00:00:00",3294825,20737
"2023-01-04 00:00:00",3274088,18254
"2023-01-03 00:00:00",3255834,17020
"2023-01-02 00:00:00",3238814,18809
"2023-01-01 00:00:00",3220005,19279
"2022-12-31 00:00:00",3200726,19487
"2022-12-30 00:00:00",3181239,19647
"2022-12-29 00:00:00",3161592,20027
"2022-12-28 00:00:00",3141565,18231
"2022-12-27 00:00:00",3123334,16478
"2022-12-26 00:00:00",3106856,19034
"2022-12-25 00:00:00",3087822,19381
"2022-12-24 00:00:00",3068441,20816
"2022-12-23 00:00:00",3047625,20821
"2022-12-22 00:00:00",3026804,20893
"2022-12-21 00:00:00",3005911,20227
"2022-12-20 00:00:00",2985684,17632
"2022-12-19 00:00:00",2968052,19457
"2022-12-18 00:00:00",2948595,22231
"2022-12-17 00:00:00",2926364,22879
"2022-12-16 00:00:00",2903485,22869
"2022-12-15 00:00:00",2880616,23155
"2022-12-14 00:00:00",2857461,22890
"2022-12-13 00:00:00",2834571,17210
"2022-12-12 00:00:00",2817361,17697
"2022-12-11 00:00:00",2799664,21555
"2022-12-10 00:00:00",2778109,22662
"2022-12-09 00:00:00",2755447,22345
"2022-12-08 00:00:00",2733102,22486
"2022-12-07 00:00:00",2710616,23688
"2022-12-06 00:00:00",2686928,21510
"2022-12-05 00:00:00",2665418,21510
"2022-12-04 00:00:00",2643909,21510
"2022-12-03 00:00:00",2622399,21510
"2022-12-02 00:00:00",2600890,21510
"2022-12-01 00:00:00",2579380,23457
"2022-11-30 00:00:00",2555923,23971
"2022-11-29 00:00:00",2531952,19358
"2022-11-28 00:00:00",2512594,19126
"2022-11-27 00:00:00",2493468,20395
"2022-11-26 00:00:00",2473073,20726
"2022-11-25 00:00:00",2452347,21190
"2022-11-24 00:00:00",2431157,20245
"2022-11-23 00:00:00",2410912,21694
"2022-11-22 00:00:00",2389218,20111
"2022-11-21 00:00:00",2369107,24148
"2022-11-20 00:00:00",2344959,34211
"2022-11-19 00:00:00",2310748,18672
"2022-11-18 00:00:00",2292076,17344
"2022-11-17 00:00:00",2274732,16065
"2022-11-16 00:00:00",2258667,16202
"2022-11-15 00:00:00",2242465,12403
"2022-11-14 00:00:00",2230062,13548
"2022-11-13 00:00:00",2216514,14965
"2022-11-12 00:00:00",2201549,16598
"2022-11-11 00:00:00",2184951,16452
"2022-11-10 00:00:00",2168499,15215
"2022-11-09 00:00:00",2153284,16200
"2022-11-08 00:00:00",2137084,12904
"2022-11-07 00:00:00",2124180,14117
"2022-11-06 00:00:00",2110063,15923
"2022-11-05 00:00:00",2094140,17104
"2022-11-04 00:00:00",2077036,17197
"2022-11-03 00:00:00",2059839,15868
"2022-11-02 00:00:00",2043971,16757
"2022-11-01 00:00:00",2027214,14524
"2022-10-31 00:00:00",2012690,14786
"2022-10-30 00:00:00",1997904,18340
"2022-10-29 00:00:00",1979564,19347
"2022-10-28 00:00:00",1960217,19510
"2022-10-27 00:00:00",1940707,19747
"2022-10-26 00:00:00",1920960,18983
"2022-10-25 00:00:00",1901977,14578
"2022-10-24 00:00:00",1887399,15268
"2022-10-23 00:00:00",1872131,18344
"2022-10-22 00:00:00",1853787,18521
"2022-10-21 00:00:00",1835266,18049
"2022-10-20 00:00:00",1817217,18053
"2022-10-19 00:00:00",1799164,18701
"2022-10-18 00:00:00",1780463,15214
"2022-10-17 00:00:00",1765249,16555
"2022-10-16 00:00:00",1748694,19627
"2022-10-15 00:00:00",1729067,19963
"2022-10-14 00:00:00",1709104,19328
"2022-10-13 00:00:00",1689776,21129
"2022-10-12 00:00:00",1668647,19803
"2022-10-11 00:00:00",1648844,17052
"2022-10-10 00:00:00",1631792,17560
"2022-10-09 00:00:00",1614232,20717
"2022-10-08 00:00:00",1593515,22919
"2022-10-07 00:00:00",1570596,19707
"2022-10-06 00:00:00",1550889,19346
"2022-10-05 00:00:00",1531543,19454
"2022-10-04 00:00:00",1512089,15576
"2022-10-03 00:00:00",1496513,16877
"2022-10-02 00:00:00",1479636,19532
"2022-10-01 00:00:00",1460104,21431
"2022-09-30 00:00:00",1438673,19532
"2022-09-29 00:00:00",1419141,19168
"2022-09-28 00:00:00",1399973,19258
"2022-09-27 00:00:00",1380715,15267
"2022-09-26 00:00:00",1365448,16086
"2022-09-25 00:00:00",1349362,19624
"2022-09-24 00:00:00",1329738,21584
"2022-09-23 00:00:00",1308154,21073
"2022-09-22 00:00:00",1287081,20958
"2022-09-21 00:00:00",1266123,21197
"2022-09-20 00:00:00",1244926,16192
"2022-09-19 00:00:00",1228734,16949
"2022-09-18 00:00:00",1211785,20485
"2022-09-17 00:00:00",1191300,20386
"2022-09-16 00:00:00",1170914,20590
"2022-09-15 00:00:00",1150324,19808
"2022-09-14 00:00:00",1130516,20416
"2022-09-13 00:00:00",1110100,15956
"2022-09-12 00:00:00",1094144,16696
"2022-09-11 00:00:00",1077448,19145
"2022-09-10 00:00:00",1058303,22183
"2022-09-09 00:00:00",1036120,22675
"2022-09-08 00:00:00",1013445,41976
"2022-09-07 00:00:00",971469,0
"2022-09-06 00:00:00",971469,18855
"2022-09-05 00:00:00",952614,19356
"2022-09-04 00:00:00",933258,22967
"2022-09-03 00:00:00",910291,25203
"2022-09-02 00:00:00",885088,25225
"2022-09-01 00:00:00",859863,25696
"2022-08-31 00:00:00",834167,26218
"2022-08-30 00:00:00",807949,22079
"2022-08-29 00:00:00",785870,24046
"2022-08-28 00:00:00",761824,27605
"2022-08-27 00:00:00",734220,27605
"2022-08-26 00:00:00",706615,29519
"2022-08-25 00:00:00",677096,30760
"2022-08-24 00:00:00",646336,32636
"2022-08-23 00:00:00",613700,28664
"2022-08-22 00:00:00",585036,33000
"2022-08-21 00:00:00",552036,40361
"2022-08-20 00:00:00",511675,45627
"2022-08-19 00:00:00",466048,51401
"2022-08-18 00:00:00",414647,58966
"2022-08-17 00:00:00",355681,65532
"2022-08-16 00:00:00",290149,69242
"2022-08-15 00:00:00",220907,0