﻿"DateTime","Spotify Streams","Change"
"2023-05-15 00:00:00",7358925,12955
"2023-05-14 00:00:00",7345970,0
"2023-05-13 00:00:00",7345970,21675
"2023-05-12 00:00:00",7324296,21675
"2023-05-11 00:00:00",7302621,0
"2023-05-10 00:00:00",7302621,27663
"2023-05-09 00:00:00",7274958,12264
"2023-05-08 00:00:00",7262694,13720
"2023-05-07 00:00:00",7248974,14962
"2023-05-06 00:00:00",7234012,14678
"2023-05-05 00:00:00",7219334,0
"2023-05-04 00:00:00",7219334,29653
"2023-05-03 00:00:00",7189681,14337
"2023-05-02 00:00:00",7175344,13596
"2023-05-01 00:00:00",7161749,13596
"2023-04-30 00:00:00",7148153,15513
"2023-04-29 00:00:00",7132640,15466
"2023-04-28 00:00:00",7117174,15926
"2023-04-27 00:00:00",7101248,15664
"2023-04-26 00:00:00",7085584,14737
"2023-04-25 00:00:00",7070847,13513
"2023-04-24 00:00:00",7057335,13513
"2023-04-23 00:00:00",7043822,14872
"2023-04-22 00:00:00",7028950,14806
"2023-04-21 00:00:00",7014144,14764
"2023-04-20 00:00:00",6999380,15020
"2023-04-19 00:00:00",6984360,14686
"2023-04-18 00:00:00",6969674,0
"2023-04-17 00:00:00",6969674,27179
"2023-04-16 00:00:00",6942495,0
"2023-04-15 00:00:00",6942495,15466
"2023-04-14 00:00:00",6927029,30533
"2023-04-13 00:00:00",6896496,14789
"2023-04-12 00:00:00",6881707,13724
"2023-04-11 00:00:00",6867983,11796
"2023-04-10 00:00:00",6856187,0
"2023-04-09 00:00:00",6856187,13885
"2023-04-08 00:00:00",6842302,14603
"2023-04-07 00:00:00",6827699,30838
"2023-04-06 00:00:00",6796861,14709
"2023-04-05 00:00:00",6782152,14785
"2023-04-04 00:00:00",6767367,13194
"2023-04-03 00:00:00",6754173,14454
"2023-04-02 00:00:00",6739719,15627
"2023-04-01 00:00:00",6724092,15677
"2023-03-31 00:00:00",6708415,15432
"2023-03-30 00:00:00",6692983,15639
"2023-03-29 00:00:00",6677344,15230
"2023-03-28 00:00:00",6662114,13664
"2023-03-27 00:00:00",6648450,14623
"2023-03-26 00:00:00",6633827,0
"2023-03-25 00:00:00",6633827,31202
"2023-03-24 00:00:00",6602625,15503
"2023-03-23 00:00:00",6587122,15857
"2023-03-22 00:00:00",6571265,15217
"2023-03-21 00:00:00",6556048,0
"2023-03-20 00:00:00",6556048,27842
"2023-03-19 00:00:00",6528206,15211
"2023-03-18 00:00:00",6512995,15474
"2023-03-17 00:00:00",6497521,0
"2023-03-16 00:00:00",6497521,15279
"2023-03-15 00:00:00",6482242,30313
"2023-03-14 00:00:00",6451929,0
"2023-03-13 00:00:00",6451929,29082
"2023-03-12 00:00:00",6422847,16538
"2023-03-11 00:00:00",6406309,16370
"2023-03-10 00:00:00",6389939,16149
"2023-03-09 00:00:00",6373790,16152
"2023-03-08 00:00:00",6357638,15844
"2023-03-07 00:00:00",6341794,13947
"2023-03-06 00:00:00",6327847,15410
"2023-03-05 00:00:00",6312437,16716
"2023-03-04 00:00:00",6295721,16670
"2023-03-03 00:00:00",6279051,0
"2023-03-02 00:00:00",6279051,34105
"2023-03-01 00:00:00",6244946,16606
"2023-02-28 00:00:00",6228340,0
"2023-02-27 00:00:00",6228340,29379
"2023-02-26 00:00:00",6198961,16673
"2023-02-25 00:00:00",6182288,16799
"2023-02-24 00:00:00",6165489,17164
"2023-02-23 00:00:00",6148325,17754
"2023-02-22 00:00:00",6130571,16237
"2023-02-21 00:00:00",6114334,14857
"2023-02-20 00:00:00",6099477,0
"2023-02-19 00:00:00",6099477,33176
"2023-02-18 00:00:00",6066301,17032
"2023-02-17 00:00:00",6049269,17154
"2023-02-16 00:00:00",6032115,17424
"2023-02-15 00:00:00",6014691,16149
"2023-02-14 00:00:00",5998542,15155
"2023-02-13 00:00:00",5983387,0
"2023-02-12 00:00:00",5983387,35371
"2023-02-11 00:00:00",5948016,18267
"2023-02-10 00:00:00",5929749,17856
"2023-02-09 00:00:00",5911893,18169
"2023-02-08 00:00:00",5893724,17936
"2023-02-07 00:00:00",5875788,15894
"2023-02-06 00:00:00",5859894,17367
"2023-02-05 00:00:00",5842527,19598
"2023-02-04 00:00:00",5822929,18709
"2023-02-03 00:00:00",5804220,18798
"2023-02-02 00:00:00",5785422,18965
"2023-02-01 00:00:00",5766457,18095
"2023-01-31 00:00:00",5748362,15963
"2023-01-30 00:00:00",5732399,18225
"2023-01-29 00:00:00",5714174,0
"2023-01-28 00:00:00",5714174,39241
"2023-01-27 00:00:00",5674933,19452
"2023-01-26 00:00:00",5655481,19824
"2023-01-25 00:00:00",5635657,19068
"2023-01-24 00:00:00",5616589,16755
"2023-01-23 00:00:00",5599834,18825
"2023-01-22 00:00:00",5581009,0
"2023-01-21 00:00:00",5581009,21249
"2023-01-20 00:00:00",5559760,43467
"2023-01-19 00:00:00",5516293,21752
"2023-01-18 00:00:00",5494541,20420
"2023-01-17 00:00:00",5474121,18697
"2023-01-16 00:00:00",5455424,19453
"2023-01-15 00:00:00",5435971,22871
"2023-01-14 00:00:00",5413100,23075
"2023-01-13 00:00:00",5390025,23461
"2023-01-12 00:00:00",5366564,23239
"2023-01-11 00:00:00",5343325,23035
"2023-01-10 00:00:00",5320290,19834
"2023-01-09 00:00:00",5300456,0
"2023-01-08 00:00:00",5300456,44467
"2023-01-07 00:00:00",5255989,23352
"2023-01-06 00:00:00",5232637,23499
"2023-01-05 00:00:00",5209138,22674
"2023-01-04 00:00:00",5186464,21177
"2023-01-03 00:00:00",5165287,19313
"2023-01-02 00:00:00",5145974,22587
"2023-01-01 00:00:00",5123387,23880
"2022-12-31 00:00:00",5099507,23785
"2022-12-30 00:00:00",5075722,23395
"2022-12-29 00:00:00",5052327,23390
"2022-12-28 00:00:00",5028937,21108
"2022-12-27 00:00:00",5007829,17998
"2022-12-26 00:00:00",4989831,21627
"2022-12-25 00:00:00",4968204,23838
"2022-12-24 00:00:00",4944366,25348
"2022-12-23 00:00:00",4919018,25702
"2022-12-22 00:00:00",4893316,25122
"2022-12-21 00:00:00",4868194,24926
"2022-12-20 00:00:00",4843268,21179
"2022-12-19 00:00:00",4822089,24990
"2022-12-18 00:00:00",4797099,26646
"2022-12-17 00:00:00",4770453,27559
"2022-12-16 00:00:00",4742894,27053
"2022-12-15 00:00:00",4715841,27177
"2022-12-14 00:00:00",4688664,26579
"2022-12-13 00:00:00",4662085,0
"2022-12-12 00:00:00",4662085,48515
"2022-12-11 00:00:00",4613570,27811
"2022-12-10 00:00:00",4585759,29924
"2022-12-09 00:00:00",4555835,29869
"2022-12-08 00:00:00",4525966,29539
"2022-12-07 00:00:00",4496427,28048
"2022-12-06 00:00:00",4468379,30065
"2022-12-05 00:00:00",4438314,30065
"2022-12-04 00:00:00",4408248,30065
"2022-12-03 00:00:00",4378183,30065
"2022-12-02 00:00:00",4348117,30065
"2022-12-01 00:00:00",4318052,0
"2022-11-30 00:00:00",4318052,68449
"2022-11-29 00:00:00",4249603,29834
"2022-11-28 00:00:00",4219769,32626
"2022-11-27 00:00:00",4187143,32556
"2022-11-26 00:00:00",4154587,34586
"2022-11-25 00:00:00",4120001,37985
"2022-11-24 00:00:00",4082016,36145
"2022-11-23 00:00:00",4045871,35130
"2022-11-22 00:00:00",4010741,31987
"2022-11-21 00:00:00",3978754,36951
"2022-11-20 00:00:00",3941803,40392
"2022-11-19 00:00:00",3901411,40588
"2022-11-18 00:00:00",3860823,40794
"2022-11-17 00:00:00",3820029,42002
"2022-11-16 00:00:00",3778027,41941
"2022-11-15 00:00:00",3736086,36578
"2022-11-14 00:00:00",3699508,46300
"2022-11-13 00:00:00",3653208,46300
"2022-11-12 00:00:00",3606908,55104
"2022-11-11 00:00:00",3551804,55097
"2022-11-10 00:00:00",3496707,54799
"2022-11-09 00:00:00",3441908,53706
"2022-11-08 00:00:00",3388202,46476
"2022-11-07 00:00:00",3341726,52308
"2022-11-06 00:00:00",3289418,59670
"2022-11-05 00:00:00",3229748,68418
"2022-11-04 00:00:00",3161330,66172
"2022-11-03 00:00:00",3095158,66780
"2022-11-02 00:00:00",3028378,71846
"2022-11-01 00:00:00",2956532,64636
"2022-10-31 00:00:00",2891896,76444
"2022-10-30 00:00:00",2815452,88525
"2022-10-29 00:00:00",2726927,94440
"2022-10-28 00:00:00",2632487,97780
"2022-10-27 00:00:00",2534707,102429
"2022-10-26 00:00:00",2432278,107885
"2022-10-25 00:00:00",2324393,96179
"2022-10-24 00:00:00",2228214,118518
"2022-10-23 00:00:00",2109696,150017
"2022-10-22 00:00:00",1959679,168453
"2022-10-21 00:00:00",1791226,181256
"2022-10-20 00:00:00",1609970,215141
"2022-10-19 00:00:00",1394829,250516
"2022-10-18 00:00:00",1144313,0
"2022-10-17 00:00:00",1144313,610704
"2022-10-16 00:00:00",533609,0