﻿"DateTime","Spotify Streams","Change"
"2023-05-15 00:00:00",1478929,0
"2023-05-14 00:00:00",1478929,4967
"2023-05-13 00:00:00",1473962,2604
"2023-05-12 00:00:00",1471358,2569
"2023-05-11 00:00:00",1468789,0
"2023-05-10 00:00:00",1468789,2497
"2023-05-09 00:00:00",1466292,3784
"2023-05-08 00:00:00",1462508,3784
"2023-05-07 00:00:00",1458724,2789
"2023-05-06 00:00:00",1455935,2708
"2023-05-05 00:00:00",1453227,0
"2023-05-04 00:00:00",1453227,5223
"2023-05-03 00:00:00",1448004,2597
"2023-05-02 00:00:00",1445407,2247
"2023-05-01 00:00:00",1443160,2674
"2023-04-30 00:00:00",1440486,2674
"2023-04-29 00:00:00",1437812,2646
"2023-04-28 00:00:00",1435166,2874
"2023-04-27 00:00:00",1432292,2669
"2023-04-26 00:00:00",1429623,2771
"2023-04-25 00:00:00",1426852,2443
"2023-04-24 00:00:00",1424409,2771
"2023-04-23 00:00:00",1421638,2973
"2023-04-22 00:00:00",1418665,2863
"2023-04-21 00:00:00",1415802,2889
"2023-04-20 00:00:00",1412913,2956
"2023-04-19 00:00:00",1409957,2711
"2023-04-18 00:00:00",1407247,2711
"2023-04-17 00:00:00",1404536,2896
"2023-04-16 00:00:00",1401640,0
"2023-04-15 00:00:00",1401640,6220
"2023-04-14 00:00:00",1395420,2914
"2023-04-13 00:00:00",1392506,2780
"2023-04-12 00:00:00",1389726,2674
"2023-04-11 00:00:00",1387052,2368
"2023-04-10 00:00:00",1384684,2680
"2023-04-09 00:00:00",1382004,0
"2023-04-08 00:00:00",1382004,5633
"2023-04-07 00:00:00",1376371,2998
"2023-04-06 00:00:00",1373373,3003
"2023-04-05 00:00:00",1370370,0
"2023-04-04 00:00:00",1370370,5738
"2023-04-03 00:00:00",1364632,2980
"2023-04-02 00:00:00",1361652,3185
"2023-04-01 00:00:00",1358467,3279
"2023-03-31 00:00:00",1355188,0
"2023-03-30 00:00:00",1355188,6328
"2023-03-29 00:00:00",1348860,2969
"2023-03-28 00:00:00",1345891,2867
"2023-03-27 00:00:00",1343024,0
"2023-03-26 00:00:00",1343024,6436
"2023-03-25 00:00:00",1336588,3333
"2023-03-24 00:00:00",1333255,3157
"2023-03-23 00:00:00",1330098,3299
"2023-03-22 00:00:00",1326799,3203
"2023-03-21 00:00:00",1323596,2958
"2023-03-20 00:00:00",1320638,3292
"2023-03-19 00:00:00",1317346,0
"2023-03-18 00:00:00",1317346,6810
"2023-03-17 00:00:00",1310536,3298
"2023-03-16 00:00:00",1307238,3373
"2023-03-15 00:00:00",1303865,3147
"2023-03-14 00:00:00",1300718,3113
"2023-03-13 00:00:00",1297605,0
"2023-03-12 00:00:00",1297605,6797
"2023-03-11 00:00:00",1290808,0
"2023-03-10 00:00:00",1290808,7019
"2023-03-09 00:00:00",1283789,3450
"2023-03-08 00:00:00",1280339,3486
"2023-03-07 00:00:00",1276853,3112
"2023-03-06 00:00:00",1273741,3516
"2023-03-05 00:00:00",1270225,3641
"2023-03-04 00:00:00",1266584,3667
"2023-03-03 00:00:00",1262917,3432
"2023-03-02 00:00:00",1259485,3555
"2023-03-01 00:00:00",1255930,3543
"2023-02-28 00:00:00",1252387,3163
"2023-02-27 00:00:00",1249224,3470
"2023-02-26 00:00:00",1245754,3743
"2023-02-25 00:00:00",1242011,3850
"2023-02-24 00:00:00",1238161,3929
"2023-02-23 00:00:00",1234232,3812
"2023-02-22 00:00:00",1230420,0
"2023-02-21 00:00:00",1230420,7011
"2023-02-20 00:00:00",1223409,3818
"2023-02-19 00:00:00",1219591,4130
"2023-02-18 00:00:00",1215461,4184
"2023-02-17 00:00:00",1211277,3970
"2023-02-16 00:00:00",1207307,0
"2023-02-15 00:00:00",1207307,8037
"2023-02-14 00:00:00",1199270,3694
"2023-02-13 00:00:00",1195576,4354
"2023-02-12 00:00:00",1191222,4451
"2023-02-11 00:00:00",1186771,4286
"2023-02-10 00:00:00",1182485,4148
"2023-02-09 00:00:00",1178337,4113
"2023-02-08 00:00:00",1174224,4431
"2023-02-07 00:00:00",1169793,0
"2023-02-06 00:00:00",1169793,3934
"2023-02-05 00:00:00",1165859,4228
"2023-02-04 00:00:00",1161631,9200
"2023-02-03 00:00:00",1152431,4543
"2023-02-02 00:00:00",1147888,4552
"2023-02-01 00:00:00",1143336,4663
"2023-01-31 00:00:00",1138673,4157
"2023-01-30 00:00:00",1134516,4671
"2023-01-29 00:00:00",1129845,4928
"2023-01-28 00:00:00",1124917,4912
"2023-01-27 00:00:00",1120005,5550
"2023-01-26 00:00:00",1114455,5140
"2023-01-25 00:00:00",1109315,5030
"2023-01-24 00:00:00",1104285,4442
"2023-01-23 00:00:00",1099843,5096
"2023-01-22 00:00:00",1094747,5629
"2023-01-21 00:00:00",1089118,5473
"2023-01-20 00:00:00",1083645,5482
"2023-01-19 00:00:00",1078163,5365
"2023-01-18 00:00:00",1072798,4920
"2023-01-17 00:00:00",1067878,4445
"2023-01-16 00:00:00",1063433,4736
"2023-01-15 00:00:00",1058697,5484
"2023-01-14 00:00:00",1053213,5338
"2023-01-13 00:00:00",1047875,0
"2023-01-12 00:00:00",1047875,10758
"2023-01-11 00:00:00",1037117,5242
"2023-01-10 00:00:00",1031875,4752
"2023-01-09 00:00:00",1027123,5441
"2023-01-08 00:00:00",1021682,5488
"2023-01-07 00:00:00",1016194,5393
"2023-01-06 00:00:00",1010801,5604
"2023-01-05 00:00:00",1005197,0
"2023-01-04 00:00:00",1005197,10048
"2023-01-03 00:00:00",995149,4886
"2023-01-02 00:00:00",990263,5879
"2023-01-01 00:00:00",984384,6073
"2022-12-31 00:00:00",978311,6061
"2022-12-30 00:00:00",972250,5868
"2022-12-29 00:00:00",966382,0
"2022-12-28 00:00:00",966382,10966
"2022-12-27 00:00:00",955416,0
"2022-12-26 00:00:00",955416,10194
"2022-12-25 00:00:00",945222,6305
"2022-12-24 00:00:00",938917,6838
"2022-12-23 00:00:00",932079,6799
"2022-12-22 00:00:00",925280,6510
"2022-12-21 00:00:00",918770,6156
"2022-12-20 00:00:00",912614,5627
"2022-12-19 00:00:00",906987,6952
"2022-12-18 00:00:00",900035,7482
"2022-12-17 00:00:00",892553,6840
"2022-12-16 00:00:00",885713,6844
"2022-12-15 00:00:00",878869,7047
"2022-12-14 00:00:00",871822,6872
"2022-12-13 00:00:00",864950,6376
"2022-12-12 00:00:00",858574,7133
"2022-12-11 00:00:00",851441,7598
"2022-12-10 00:00:00",843843,8229
"2022-12-09 00:00:00",835614,7977
"2022-12-08 00:00:00",827637,7941
"2022-12-07 00:00:00",819696,7655
"2022-12-06 00:00:00",812041,8588
"2022-12-05 00:00:00",803453,8588
"2022-12-04 00:00:00",794864,8588
"2022-12-03 00:00:00",786276,8588
"2022-12-02 00:00:00",777687,8588
"2022-12-01 00:00:00",769099,9961
"2022-11-30 00:00:00",759138,9731
"2022-11-29 00:00:00",749407,8963
"2022-11-28 00:00:00",740444,9559
"2022-11-27 00:00:00",730885,9470
"2022-11-26 00:00:00",721415,10174
"2022-11-25 00:00:00",711241,12409
"2022-11-24 00:00:00",698832,12539
"2022-11-23 00:00:00",686293,12443
"2022-11-22 00:00:00",673850,10492
"2022-11-21 00:00:00",663358,12551
"2022-11-20 00:00:00",650807,15006
"2022-11-19 00:00:00",635801,15304
"2022-11-18 00:00:00",620497,15621
"2022-11-17 00:00:00",604876,15485
"2022-11-16 00:00:00",589391,15013
"2022-11-15 00:00:00",574378,13079
"2022-11-14 00:00:00",561299,16588
"2022-11-13 00:00:00",544711,19220
"2022-11-12 00:00:00",525491,20031
"2022-11-11 00:00:00",505460,20127
"2022-11-10 00:00:00",485333,21748
"2022-11-09 00:00:00",463585,22261
"2022-11-08 00:00:00",441324,18967
"2022-11-07 00:00:00",422357,21716
"2022-11-06 00:00:00",400641,33715
"2022-11-05 00:00:00",366926,33863
"2022-11-04 00:00:00",333063,45151
"2022-11-03 00:00:00",287912,48992
"2022-11-02 00:00:00",238920,59109
"2022-11-01 00:00:00",179811,52827
"2022-10-31 00:00:00",126984,66136
"2022-10-30 00:00:00",60848,0