﻿"DateTime","Spotify Streams","Change"
"2023-05-14 00:00:00",4535754,0
"2023-05-13 00:00:00",4535754,19814
"2023-05-12 00:00:00",4515940,9960
"2023-05-11 00:00:00",4505980,9530
"2023-05-10 00:00:00",4496450,8970
"2023-05-09 00:00:00",4487481,8970
"2023-05-08 00:00:00",4478511,0
"2023-05-07 00:00:00",4478511,19118
"2023-05-06 00:00:00",4459393,9522
"2023-05-05 00:00:00",4449871,9522
"2023-05-04 00:00:00",4440349,9677
"2023-05-03 00:00:00",4430672,9717
"2023-05-02 00:00:00",4420955,9028
"2023-05-01 00:00:00",4411927,9673
"2023-04-30 00:00:00",4402254,10499
"2023-04-29 00:00:00",4391756,10499
"2023-04-28 00:00:00",4381257,0
"2023-04-27 00:00:00",4381257,21130
"2023-04-26 00:00:00",4360127,5114
"2023-04-25 00:00:00",4355014,5114
"2023-04-24 00:00:00",4349900,14352
"2023-04-23 00:00:00",4335549,14352
"2023-04-22 00:00:00",4321197,10360
"2023-04-21 00:00:00",4310837,0
"2023-04-20 00:00:00",4310837,19483
"2023-04-19 00:00:00",4291354,9579
"2023-04-18 00:00:00",4281775,9059
"2023-04-17 00:00:00",4272716,9728
"2023-04-16 00:00:00",4262988,10745
"2023-04-15 00:00:00",4252243,0
"2023-04-14 00:00:00",4252243,10318
"2023-04-13 00:00:00",4241925,21560
"2023-04-12 00:00:00",4220365,9973
"2023-04-11 00:00:00",4210392,9030
"2023-04-10 00:00:00",4201362,10163
"2023-04-09 00:00:00",4191199,10701
"2023-04-08 00:00:00",4180498,11207
"2023-04-07 00:00:00",4169291,11079
"2023-04-06 00:00:00",4158212,11260
"2023-04-05 00:00:00",4146952,11076
"2023-04-04 00:00:00",4135876,0
"2023-04-03 00:00:00",4135876,21861
"2023-04-02 00:00:00",4114015,11762
"2023-04-01 00:00:00",4102253,11666
"2023-03-31 00:00:00",4090587,11689
"2023-03-30 00:00:00",4078898,12060
"2023-03-29 00:00:00",4066838,11534
"2023-03-28 00:00:00",4055304,10467
"2023-03-27 00:00:00",4044837,11582
"2023-03-26 00:00:00",4033255,12340
"2023-03-25 00:00:00",4020915,12441
"2023-03-24 00:00:00",4008474,12654
"2023-03-23 00:00:00",3995820,12955
"2023-03-22 00:00:00",3982865,12636
"2023-03-21 00:00:00",3970229,0
"2023-03-20 00:00:00",3970229,24801
"2023-03-19 00:00:00",3945428,13489
"2023-03-18 00:00:00",3931939,13220
"2023-03-17 00:00:00",3918719,13204
"2023-03-16 00:00:00",3905515,13872
"2023-03-15 00:00:00",3891643,13055
"2023-03-14 00:00:00",3878588,12416
"2023-03-13 00:00:00",3866172,0
"2023-03-12 00:00:00",3866172,28097
"2023-03-11 00:00:00",3838075,0
"2023-03-10 00:00:00",3838075,29415
"2023-03-09 00:00:00",3808660,14506
"2023-03-08 00:00:00",3794154,15351
"2023-03-07 00:00:00",3778803,13669
"2023-03-06 00:00:00",3765134,15047
"2023-03-05 00:00:00",3750087,16886
"2023-03-04 00:00:00",3733201,18070
"2023-03-03 00:00:00",3715131,21033
"2023-03-02 00:00:00",3694098,25910
"2023-03-01 00:00:00",3668188,18101
"2023-02-28 00:00:00",3650087,0
"2023-02-27 00:00:00",3650087,36934
"2023-02-26 00:00:00",3613153,22286
"2023-02-25 00:00:00",3590867,32579
"2023-02-24 00:00:00",3558288,45080
"2023-02-23 00:00:00",3513208,11436
"2023-02-22 00:00:00",3501772,0
"2023-02-21 00:00:00",3501772,21693
"2023-02-20 00:00:00",3480079,11798
"2023-02-19 00:00:00",3468281,12190
"2023-02-18 00:00:00",3456091,12255
"2023-02-17 00:00:00",3443836,12293
"2023-02-16 00:00:00",3431543,12274
"2023-02-15 00:00:00",3419269,11815
"2023-02-14 00:00:00",3407454,11208
"2023-02-13 00:00:00",3396246,11941
"2023-02-12 00:00:00",3384305,12933
"2023-02-11 00:00:00",3371372,12695
"2023-02-10 00:00:00",3358677,12737
"2023-02-09 00:00:00",3345940,12870
"2023-02-08 00:00:00",3333070,12829
"2023-02-07 00:00:00",3320241,11952
"2023-02-06 00:00:00",3308289,12670
"2023-02-05 00:00:00",3295619,13545
"2023-02-04 00:00:00",3282074,13588
"2023-02-03 00:00:00",3268486,0
"2023-02-02 00:00:00",3268486,29427
"2023-02-01 00:00:00",3239059,13733
"2023-01-31 00:00:00",3225326,13173
"2023-01-30 00:00:00",3212153,14574
"2023-01-29 00:00:00",3197579,7667
"2023-01-28 00:00:00",3189912,7667
"2023-01-27 00:00:00",3182245,29682
"2023-01-26 00:00:00",3152563,14371
"2023-01-25 00:00:00",3138192,14439
"2023-01-24 00:00:00",3123753,13623
"2023-01-23 00:00:00",3110130,14792
"2023-01-22 00:00:00",3095338,16438
"2023-01-21 00:00:00",3078900,20184
"2023-01-20 00:00:00",3058716,23913
"2023-01-19 00:00:00",3034803,23370
"2023-01-18 00:00:00",3011433,22374
"2023-01-17 00:00:00",2989059,21261
"2023-01-16 00:00:00",2967798,0
"2023-01-15 00:00:00",2967798,46249
"2023-01-14 00:00:00",2921549,23732
"2023-01-13 00:00:00",2897817,20970
"2023-01-12 00:00:00",2876847,16383
"2023-01-11 00:00:00",2860464,15208
"2023-01-10 00:00:00",2845256,14602
"2023-01-09 00:00:00",2830654,14836
"2023-01-08 00:00:00",2815818,15940
"2023-01-07 00:00:00",2799878,15757
"2023-01-06 00:00:00",2784121,15707
"2023-01-05 00:00:00",2768414,15639
"2023-01-04 00:00:00",2752775,14894
"2023-01-03 00:00:00",2737881,12816
"2023-01-02 00:00:00",2725065,14788
"2023-01-01 00:00:00",2710277,0
"2022-12-31 00:00:00",2710277,32274
"2022-12-30 00:00:00",2678003,0
"2022-12-29 00:00:00",2678003,33209
"2022-12-28 00:00:00",2644794,15511
"2022-12-27 00:00:00",2629283,13653
"2022-12-26 00:00:00",2615630,16174
"2022-12-25 00:00:00",2599456,17744
"2022-12-24 00:00:00",2581712,18962
"2022-12-23 00:00:00",2562750,20183
"2022-12-22 00:00:00",2542567,19895
"2022-12-21 00:00:00",2522672,21201
"2022-12-20 00:00:00",2501471,17885
"2022-12-19 00:00:00",2483586,19753
"2022-12-18 00:00:00",2463833,21177
"2022-12-17 00:00:00",2442656,20816
"2022-12-16 00:00:00",2421840,21462
"2022-12-15 00:00:00",2400378,21453
"2022-12-14 00:00:00",2378925,22135
"2022-12-13 00:00:00",2356790,20882
"2022-12-12 00:00:00",2335908,21689
"2022-12-11 00:00:00",2314219,23125
"2022-12-10 00:00:00",2291094,23912
"2022-12-09 00:00:00",2267182,23421
"2022-12-08 00:00:00",2243761,22714
"2022-12-07 00:00:00",2221047,21809
"2022-12-06 00:00:00",2199238,23679
"2022-12-05 00:00:00",2175559,23679
"2022-12-04 00:00:00",2151881,23679
"2022-12-03 00:00:00",2128202,23679
"2022-12-02 00:00:00",2104524,23679
"2022-12-01 00:00:00",2080845,0
"2022-11-30 00:00:00",2080845,46545
"2022-11-29 00:00:00",2034300,22493
"2022-11-28 00:00:00",2011807,23632
"2022-11-27 00:00:00",1988175,24615
"2022-11-26 00:00:00",1963560,23991
"2022-11-25 00:00:00",1939569,25626
"2022-11-24 00:00:00",1913943,25470
"2022-11-23 00:00:00",1888473,26960
"2022-11-22 00:00:00",1861513,30350
"2022-11-21 00:00:00",1831163,36501
"2022-11-20 00:00:00",1794662,40639
"2022-11-19 00:00:00",1754023,42842
"2022-11-18 00:00:00",1711181,46718
"2022-11-17 00:00:00",1664463,48344
"2022-11-16 00:00:00",1616119,37427
"2022-11-15 00:00:00",1578692,25659
"2022-11-14 00:00:00",1553033,24168
"2022-11-13 00:00:00",1528865,22972
"2022-11-12 00:00:00",1505893,21193
"2022-11-11 00:00:00",1484700,20210
"2022-11-10 00:00:00",1464490,19840
"2022-11-09 00:00:00",1444650,19727
"2022-11-08 00:00:00",1424923,17653
"2022-11-07 00:00:00",1407270,19469
"2022-11-06 00:00:00",1387801,21349
"2022-11-05 00:00:00",1366452,21576
"2022-11-04 00:00:00",1344876,21784
"2022-11-03 00:00:00",1323092,20951
"2022-11-02 00:00:00",1302141,21016
"2022-11-01 00:00:00",1281125,18270
"2022-10-31 00:00:00",1262855,17795
"2022-10-30 00:00:00",1245060,18333
"2022-10-29 00:00:00",1226727,16629
"2022-10-28 00:00:00",1210098,15249
"2022-10-27 00:00:00",1194849,14081
"2022-10-26 00:00:00",1180768,13330
"2022-10-25 00:00:00",1167438,11883
"2022-10-24 00:00:00",1155555,11926
"2022-10-23 00:00:00",1143629,13129
"2022-10-22 00:00:00",1130500,13099
"2022-10-21 00:00:00",1117401,12719
"2022-10-20 00:00:00",1104682,12455
"2022-10-19 00:00:00",1092227,11584
"2022-10-18 00:00:00",1080643,10624
"2022-10-17 00:00:00",1070019,10996
"2022-10-16 00:00:00",1059023,11972
"2022-10-15 00:00:00",1047051,11787
"2022-10-14 00:00:00",1035264,11151
"2022-10-13 00:00:00",1024113,10663
"2022-10-12 00:00:00",1013450,10347
"2022-10-11 00:00:00",1003103,9397
"2022-10-10 00:00:00",993706,9960
"2022-10-09 00:00:00",983746,11359
"2022-10-08 00:00:00",972387,11609
"2022-10-07 00:00:00",960778,11869
"2022-10-06 00:00:00",948909,11117
"2022-10-05 00:00:00",937792,10618
"2022-10-04 00:00:00",927174,9138
"2022-10-03 00:00:00",918036,10115
"2022-10-02 00:00:00",907921,11191
"2022-10-01 00:00:00",896730,11046
"2022-09-30 00:00:00",885684,10757
"2022-09-29 00:00:00",874927,11130
"2022-09-28 00:00:00",863797,10842
"2022-09-27 00:00:00",852955,9857
"2022-09-26 00:00:00",843098,10416
"2022-09-25 00:00:00",832682,11994
"2022-09-24 00:00:00",820688,12396
"2022-09-23 00:00:00",808292,11965
"2022-09-22 00:00:00",796327,11760
"2022-09-21 00:00:00",784567,11544
"2022-09-20 00:00:00",773023,10102
"2022-09-19 00:00:00",762921,11198
"2022-09-18 00:00:00",751723,13172
"2022-09-17 00:00:00",738551,13808
"2022-09-16 00:00:00",724743,13185
"2022-09-15 00:00:00",711558,12158
"2022-09-14 00:00:00",699400,11972
"2022-09-13 00:00:00",687428,11021
"2022-09-12 00:00:00",676407,11113
"2022-09-11 00:00:00",665294,12199
"2022-09-10 00:00:00",653095,12977
"2022-09-09 00:00:00",640118,13871
"2022-09-08 00:00:00",626247,26011
"2022-09-07 00:00:00",600236,0
"2022-09-06 00:00:00",600236,12123
"2022-09-05 00:00:00",588113,14584
"2022-09-04 00:00:00",573529,16184
"2022-09-03 00:00:00",557345,15132
"2022-09-02 00:00:00",542213,15010
"2022-09-01 00:00:00",527203,15380
"2022-08-31 00:00:00",511823,15380
"2022-08-30 00:00:00",496443,12799
"2022-08-29 00:00:00",483644,13973
"2022-08-28 00:00:00",469671,16539
"2022-08-27 00:00:00",453132,17412
"2022-08-26 00:00:00",435720,18603
"2022-08-25 00:00:00",417117,20759
"2022-08-24 00:00:00",396358,20736
"2022-08-23 00:00:00",375622,0
"2022-08-22 00:00:00",375622,32949
"2022-08-21 00:00:00",342674,32949
"2022-08-20 00:00:00",309725,29215
"2022-08-19 00:00:00",280510,29215
"2022-08-18 00:00:00",251295,33497
"2022-08-17 00:00:00",217798,31205
"2022-08-16 00:00:00",186593,30764
"2022-08-15 00:00:00",155829,37561
"2022-08-14 00:00:00",118268,55583
"2022-08-13 00:00:00",62685,61637
"2022-08-12 00:00:00",1048,0