﻿"DateTime","Spotify Streams","Change"
"2023-05-01 00:00:00",30250846,55740
"2023-04-30 00:00:00",30195106,0
"2023-04-29 00:00:00",30195106,63035
"2023-04-28 00:00:00",30132071,119228
"2023-04-27 00:00:00",30012843,54941
"2023-04-26 00:00:00",29957902,50558
"2023-04-25 00:00:00",29907344,50558
"2023-04-24 00:00:00",29856786,56391
"2023-04-23 00:00:00",29800395,0
"2023-04-22 00:00:00",29800395,117194
"2023-04-21 00:00:00",29683201,55744
"2023-04-20 00:00:00",29627457,52504
"2023-04-19 00:00:00",29574953,54653
"2023-04-18 00:00:00",29520300,48001
"2023-04-17 00:00:00",29472299,56693
"2023-04-16 00:00:00",29415606,62518
"2023-04-15 00:00:00",29353088,63349
"2023-04-14 00:00:00",29289739,61089
"2023-04-13 00:00:00",29228650,63495
"2023-04-12 00:00:00",29165155,0
"2023-04-11 00:00:00",29165155,106976
"2023-04-10 00:00:00",29058179,59297
"2023-04-09 00:00:00",28998882,58736
"2023-04-08 00:00:00",28940146,61953
"2023-04-07 00:00:00",28878193,61943
"2023-04-06 00:00:00",28816250,70494
"2023-04-05 00:00:00",28745756,68558
"2023-04-04 00:00:00",28677198,0
"2023-04-03 00:00:00",28677198,113180
"2023-04-02 00:00:00",28564018,67010
"2023-04-01 00:00:00",28497008,60430
"2023-03-31 00:00:00",28436578,59844
"2023-03-30 00:00:00",28376734,56168
"2023-03-29 00:00:00",28320566,57178
"2023-03-28 00:00:00",28263388,50066
"2023-03-27 00:00:00",28213322,55179
"2023-03-26 00:00:00",28158143,61604
"2023-03-25 00:00:00",28096539,64243
"2023-03-24 00:00:00",28032296,64949
"2023-03-23 00:00:00",27967347,0
"2023-03-22 00:00:00",27967347,128578
"2023-03-21 00:00:00",27838769,54860
"2023-03-20 00:00:00",27783909,63348
"2023-03-19 00:00:00",27720561,65912
"2023-03-18 00:00:00",27654649,64161
"2023-03-17 00:00:00",27590488,60859
"2023-03-16 00:00:00",27529629,59783
"2023-03-15 00:00:00",27469846,56359
"2023-03-14 00:00:00",27413487,51546
"2023-03-13 00:00:00",27361941,58538
"2023-03-12 00:00:00",27303403,0
"2023-03-11 00:00:00",27303403,117506
"2023-03-10 00:00:00",27185897,56568
"2023-03-09 00:00:00",27129329,56949
"2023-03-08 00:00:00",27072380,56306
"2023-03-07 00:00:00",27016074,47443
"2023-03-06 00:00:00",26968631,52765
"2023-03-05 00:00:00",26915866,57488
"2023-03-04 00:00:00",26858378,60346
"2023-03-03 00:00:00",26798032,0
"2023-03-02 00:00:00",26798032,116224
"2023-03-01 00:00:00",26681808,59272
"2023-02-28 00:00:00",26622536,0
"2023-02-27 00:00:00",26622536,105179
"2023-02-26 00:00:00",26517357,59384
"2023-02-25 00:00:00",26457973,60665
"2023-02-24 00:00:00",26397308,67677
"2023-02-23 00:00:00",26329631,66411
"2023-02-22 00:00:00",26263220,60752
"2023-02-21 00:00:00",26202468,53660
"2023-02-20 00:00:00",26148808,59448
"2023-02-19 00:00:00",26089360,67961
"2023-02-18 00:00:00",26021399,63415
"2023-02-17 00:00:00",25957984,58215
"2023-02-16 00:00:00",25899769,60329
"2023-02-15 00:00:00",25839440,54470
"2023-02-14 00:00:00",25784970,49761
"2023-02-13 00:00:00",25735209,56415
"2023-02-12 00:00:00",25678794,64076
"2023-02-11 00:00:00",25614718,61877
"2023-02-10 00:00:00",25552841,63396
"2023-02-09 00:00:00",25489445,62834
"2023-02-08 00:00:00",25426611,63367
"2023-02-07 00:00:00",25363244,0
"2023-02-06 00:00:00",25363244,119614
"2023-02-05 00:00:00",25243630,0
"2023-02-04 00:00:00",25243630,62767
"2023-02-03 00:00:00",25180863,56959
"2023-02-02 00:00:00",25123904,110654
"2023-02-01 00:00:00",25013250,52843
"2023-01-31 00:00:00",24960407,46263
"2023-01-30 00:00:00",24914144,53796
"2023-01-29 00:00:00",24860348,60213
"2023-01-28 00:00:00",24800135,57967
"2023-01-27 00:00:00",24742168,53571
"2023-01-26 00:00:00",24688597,54127
"2023-01-25 00:00:00",24634470,52226
"2023-01-24 00:00:00",24582244,46811
"2023-01-23 00:00:00",24535433,53762
"2023-01-22 00:00:00",24481671,56700
"2023-01-21 00:00:00",24424971,55753
"2023-01-20 00:00:00",24369218,55916
"2023-01-19 00:00:00",24313302,55950
"2023-01-18 00:00:00",24257352,52886
"2023-01-17 00:00:00",24204466,0
"2023-01-16 00:00:00",24204466,96748
"2023-01-15 00:00:00",24107718,59188
"2023-01-14 00:00:00",24048530,58481
"2023-01-13 00:00:00",23990049,70391
"2023-01-12 00:00:00",23919658,68768
"2023-01-11 00:00:00",23850890,65127
"2023-01-10 00:00:00",23785763,56586
"2023-01-09 00:00:00",23729177,59589
"2023-01-08 00:00:00",23669588,60843
"2023-01-07 00:00:00",23608745,62122
"2023-01-06 00:00:00",23546623,62427
"2023-01-05 00:00:00",23484196,60296
"2023-01-04 00:00:00",23423900,54536
"2023-01-03 00:00:00",23369364,47388
"2023-01-02 00:00:00",23321976,60603
"2023-01-01 00:00:00",23261373,62064
"2022-12-31 00:00:00",23199309,62061
"2022-12-30 00:00:00",23137248,60492
"2022-12-29 00:00:00",23076756,58631
"2022-12-28 00:00:00",23018125,51712
"2022-12-27 00:00:00",22966413,39952
"2022-12-26 00:00:00",22926461,53443
"2022-12-25 00:00:00",22873018,60296
"2022-12-24 00:00:00",22812722,64994
"2022-12-23 00:00:00",22747728,67737
"2022-12-22 00:00:00",22679991,69802
"2022-12-21 00:00:00",22610189,64244
"2022-12-20 00:00:00",22545945,55991
"2022-12-19 00:00:00",22489954,0
"2022-12-18 00:00:00",22489954,137723
"2022-12-17 00:00:00",22352231,72149
"2022-12-16 00:00:00",22280082,67014
"2022-12-15 00:00:00",22213068,69464
"2022-12-14 00:00:00",22143604,64664
"2022-12-13 00:00:00",22078940,58667
"2022-12-12 00:00:00",22020273,64138
"2022-12-11 00:00:00",21956135,70638
"2022-12-10 00:00:00",21885497,76037
"2022-12-09 00:00:00",21809460,75059
"2022-12-08 00:00:00",21734401,71435
"2022-12-07 00:00:00",21662966,64604
"2022-12-06 00:00:00",21598362,74972
"2022-12-05 00:00:00",21523390,74972
"2022-12-04 00:00:00",21448419,74972
"2022-12-03 00:00:00",21373447,74972
"2022-12-02 00:00:00",21298476,74972
"2022-12-01 00:00:00",21223504,75015
"2022-11-30 00:00:00",21148489,72757
"2022-11-29 00:00:00",21075732,62375
"2022-11-28 00:00:00",21013357,67356
"2022-11-27 00:00:00",20946001,70319
"2022-11-26 00:00:00",20875682,73969
"2022-11-25 00:00:00",20801713,81779
"2022-11-24 00:00:00",20719934,79131
"2022-11-23 00:00:00",20640803,77080
"2022-11-22 00:00:00",20563723,68451
"2022-11-21 00:00:00",20495272,80783
"2022-11-20 00:00:00",20414489,88550
"2022-11-19 00:00:00",20325939,88255
"2022-11-18 00:00:00",20237684,92702
"2022-11-17 00:00:00",20144982,90063
"2022-11-16 00:00:00",20054919,85473
"2022-11-15 00:00:00",19969446,64353
"2022-11-14 00:00:00",19905093,85091
"2022-11-13 00:00:00",19820002,103641
"2022-11-12 00:00:00",19716361,109182
"2022-11-11 00:00:00",19607179,104489
"2022-11-10 00:00:00",19502690,87863
"2022-11-09 00:00:00",19414827,86489
"2022-11-08 00:00:00",19328338,75859
"2022-11-07 00:00:00",19252479,105953
"2022-11-06 00:00:00",19146526,88318
"2022-11-05 00:00:00",19058208,95534
"2022-11-04 00:00:00",18962674,79116
"2022-11-03 00:00:00",18883558,73298
"2022-11-02 00:00:00",18810260,71341
"2022-11-01 00:00:00",18738919,60168
"2022-10-31 00:00:00",18678751,66821
"2022-10-30 00:00:00",18611930,76646
"2022-10-29 00:00:00",18535284,77139
"2022-10-28 00:00:00",18458145,73764
"2022-10-27 00:00:00",18384381,74532
"2022-10-26 00:00:00",18309849,72207
"2022-10-25 00:00:00",18237642,64342
"2022-10-24 00:00:00",18173300,74278
"2022-10-23 00:00:00",18099022,80773
"2022-10-22 00:00:00",18018249,82303
"2022-10-21 00:00:00",17935946,85590
"2022-10-20 00:00:00",17850356,85226
"2022-10-19 00:00:00",17765130,56550
"2022-10-18 00:00:00",17708580,40560
"2022-10-17 00:00:00",17668020,45123
"2022-10-16 00:00:00",17622897,52232
"2022-10-15 00:00:00",17570665,52125
"2022-10-14 00:00:00",17518540,51728
"2022-10-13 00:00:00",17466812,50210
"2022-10-12 00:00:00",17416602,47173
"2022-10-11 00:00:00",17369429,40384
"2022-10-10 00:00:00",17329045,46440
"2022-10-09 00:00:00",17282605,53360
"2022-10-08 00:00:00",17229245,50816
"2022-10-07 00:00:00",17178429,49291
"2022-10-06 00:00:00",17129138,48428
"2022-10-05 00:00:00",17080710,47741
"2022-10-04 00:00:00",17032969,41114
"2022-10-03 00:00:00",16991855,46640
"2022-10-02 00:00:00",16945215,51769
"2022-10-01 00:00:00",16893446,51042
"2022-09-30 00:00:00",16842404,50742
"2022-09-29 00:00:00",16791662,51513
"2022-09-28 00:00:00",16740149,52982
"2022-09-27 00:00:00",16687167,44174
"2022-09-26 00:00:00",16642993,51011
"2022-09-25 00:00:00",16591982,55725
"2022-09-24 00:00:00",16536257,55246
"2022-09-23 00:00:00",16481011,56909
"2022-09-22 00:00:00",16424102,55970
"2022-09-21 00:00:00",16368132,51392
"2022-09-20 00:00:00",16316740,44539
"2022-09-19 00:00:00",16272201,50507
"2022-09-18 00:00:00",16221694,56093
"2022-09-17 00:00:00",16165601,55770
"2022-09-16 00:00:00",16109831,56993
"2022-09-15 00:00:00",16052838,56217
"2022-09-14 00:00:00",15996621,58384
"2022-09-13 00:00:00",15938237,46345
"2022-09-12 00:00:00",15891892,53747
"2022-09-11 00:00:00",15838145,56015
"2022-09-10 00:00:00",15782130,53451
"2022-09-09 00:00:00",15728679,53177
"2022-09-08 00:00:00",15675502,101796
"2022-09-07 00:00:00",15573706,0
"2022-09-06 00:00:00",15573706,45073
"2022-09-05 00:00:00",15528633,50191
"2022-09-04 00:00:00",15478442,55387
"2022-09-03 00:00:00",15423055,54828
"2022-09-02 00:00:00",15368227,55120
"2022-09-01 00:00:00",15313107,54956
"2022-08-31 00:00:00",15258151,52268
"2022-08-30 00:00:00",15205883,44931
"2022-08-29 00:00:00",15160952,49797
"2022-08-28 00:00:00",15111155,56950
"2022-08-27 00:00:00",15054205,58252
"2022-08-26 00:00:00",14995953,56857
"2022-08-25 00:00:00",14939096,57509
"2022-08-24 00:00:00",14881587,54384
"2022-08-23 00:00:00",14827203,0
"2022-08-22 00:00:00",14827203,82035
"2022-08-21 00:00:00",14745169,82035
"2022-08-20 00:00:00",14663134,60055
"2022-08-19 00:00:00",14603080,60055
"2022-08-18 00:00:00",14543025,62006
"2022-08-17 00:00:00",14481019,60134
"2022-08-16 00:00:00",14420885,54673
"2022-08-15 00:00:00",14366212,63007
"2022-08-14 00:00:00",14303205,69725
"2022-08-13 00:00:00",14233480,67312
"2022-08-12 00:00:00",14166168,68113
"2022-08-11 00:00:00",14098055,66302
"2022-08-10 00:00:00",14031753,66728
"2022-08-09 00:00:00",13965025,62535
"2022-08-08 00:00:00",13902490,73234
"2022-08-07 00:00:00",13829256,70416
"2022-08-06 00:00:00",13758840,57115
"2022-08-05 00:00:00",13701725,55990
"2022-08-04 00:00:00",13645735,56137
"2022-08-03 00:00:00",13589598,55003
"2022-08-02 00:00:00",13534595,50687
"2022-08-01 00:00:00",13483908,56303
"2022-07-31 00:00:00",13427605,61302
"2022-07-30 00:00:00",13366303,62934
"2022-07-29 00:00:00",13303369,63839
"2022-07-28 00:00:00",13239530,63155
"2022-07-27 00:00:00",13176375,59218
"2022-07-26 00:00:00",13117157,52506
"2022-07-25 00:00:00",13064651,58659
"2022-07-24 00:00:00",13005992,63884
"2022-07-23 00:00:00",12942108,65465
"2022-07-22 00:00:00",12876643,65019
"2022-07-21 00:00:00",12811624,63733
"2022-07-20 00:00:00",12747891,61037
"2022-07-19 00:00:00",12686854,55257
"2022-07-18 00:00:00",12631597,62939
"2022-07-17 00:00:00",12568658,64931
"2022-07-16 00:00:00",12503727,66740
"2022-07-15 00:00:00",12436987,68110
"2022-07-14 00:00:00",12368877,136981
"2022-07-13 00:00:00",12231896,0
"2022-07-12 00:00:00",12231896,62021
"2022-07-11 00:00:00",12169875,69108
"2022-07-10 00:00:00",12100767,73418
"2022-07-09 00:00:00",12027349,75893
"2022-07-08 00:00:00",11951456,71360
"2022-07-07 00:00:00",11880096,72827
"2022-07-06 00:00:00",11807269,70815
"2022-07-05 00:00:00",11736454,66481
"2022-07-04 00:00:00",11669973,71077
"2022-07-03 00:00:00",11598896,80150
"2022-07-02 00:00:00",11518746,85142
"2022-07-01 00:00:00",11433604,85017
"2022-06-30 00:00:00",11348587,87844
"2022-06-29 00:00:00",11260743,86551
"2022-06-28 00:00:00",11174192,78767
"2022-06-27 00:00:00",11095425,86874
"2022-06-26 00:00:00",11008551,93771
"2022-06-25 00:00:00",10914780,97584
"2022-06-24 00:00:00",10817196,100141
"2022-06-23 00:00:00",10717055,99871
"2022-06-22 00:00:00",10617184,99607
"2022-06-21 00:00:00",10517577,90106
"2022-06-20 00:00:00",10427471,106802
"2022-06-19 00:00:00",10320669,116159
"2022-06-18 00:00:00",10204510,100502
"2022-06-17 00:00:00",10104008,103372
"2022-06-16 00:00:00",10000636,104580
"2022-06-15 00:00:00",9896056,101703
"2022-06-14 00:00:00",9794353,91389
"2022-06-13 00:00:00",9702964,105656
"2022-06-12 00:00:00",9597308,116939
"2022-06-11 00:00:00",9480369,117420
"2022-06-10 00:00:00",9362949,119594
"2022-06-09 00:00:00",9243355,121208
"2022-06-08 00:00:00",9122147,114808
"2022-06-07 00:00:00",9007339,104905
"2022-06-06 00:00:00",8902434,121262
"2022-06-05 00:00:00",8781172,133459
"2022-06-04 00:00:00",8647713,137145
"2022-06-03 00:00:00",8510568,134125
"2022-06-02 00:00:00",8376443,133466
"2022-06-01 00:00:00",8242977,129383
"2022-05-31 00:00:00",8113594,121319
"2022-05-30 00:00:00",7992275,139035
"2022-05-29 00:00:00",7853240,0
"2022-05-28 00:00:00",7853240,319797
"2022-05-27 00:00:00",7533443,167164
"2022-05-26 00:00:00",7366279,175529
"2022-05-25 00:00:00",7190750,173449
"2022-05-24 00:00:00",7017301,155342
"2022-05-23 00:00:00",6861959,182263
"2022-05-22 00:00:00",6679696,211542
"2022-05-21 00:00:00",6468154,215639
"2022-05-20 00:00:00",6252515,238174
"2022-05-19 00:00:00",6014341,255852
"2022-05-18 00:00:00",5758489,265750
"2022-05-17 00:00:00",5492739,245658
"2022-05-16 00:00:00",5247081,295044
"2022-05-15 00:00:00",4952037,364114
"2022-05-14 00:00:00",4587923,417633
"2022-05-13 00:00:00",4170290,459740
"2022-05-12 00:00:00",3710550,533608
"2022-05-11 00:00:00",3176942,587125
"2022-05-10 00:00:00",2589817,559446
"2022-05-09 00:00:00",2030371,828447
"2022-05-08 00:00:00",1201924,0