﻿"DateTime","Spotify Streams","Change"
"2023-05-14 00:00:00",3259867,5730
"2023-05-13 00:00:00",3254137,5520
"2023-05-12 00:00:00",3248617,0
"2023-05-11 00:00:00",3248617,10826
"2023-05-10 00:00:00",3237791,5020
"2023-05-09 00:00:00",3232771,0
"2023-05-08 00:00:00",3232771,9147
"2023-05-07 00:00:00",3223624,5470
"2023-05-06 00:00:00",3218154,0
"2023-05-05 00:00:00",3218154,10986
"2023-05-04 00:00:00",3207168,5190
"2023-05-03 00:00:00",3201978,5141
"2023-05-02 00:00:00",3196837,0
"2023-05-01 00:00:00",3196837,9062
"2023-04-30 00:00:00",3187775,5441
"2023-04-29 00:00:00",3182334,5307
"2023-04-28 00:00:00",3177028,5307
"2023-04-27 00:00:00",3171721,5167
"2023-04-26 00:00:00",3166554,5049
"2023-04-25 00:00:00",3161505,4208
"2023-04-24 00:00:00",3157297,4686
"2023-04-23 00:00:00",3152611,5433
"2023-04-22 00:00:00",3147178,5630
"2023-04-21 00:00:00",3141548,5541
"2023-04-20 00:00:00",3136007,5539
"2023-04-19 00:00:00",3130468,4763
"2023-04-18 00:00:00",3125706,4763
"2023-04-17 00:00:00",3120943,5106
"2023-04-16 00:00:00",3115837,5712
"2023-04-15 00:00:00",3110125,0
"2023-04-14 00:00:00",3110125,5582
"2023-04-13 00:00:00",3104543,11098
"2023-04-12 00:00:00",3093445,0
"2023-04-11 00:00:00",3093445,9631
"2023-04-10 00:00:00",3083814,5035
"2023-04-09 00:00:00",3078779,5341
"2023-04-08 00:00:00",3073438,5785
"2023-04-07 00:00:00",3067653,0
"2023-04-06 00:00:00",3067653,11243
"2023-04-05 00:00:00",3056410,5301
"2023-04-04 00:00:00",3051109,4736
"2023-04-03 00:00:00",3046373,5291
"2023-04-02 00:00:00",3041082,5764
"2023-04-01 00:00:00",3035318,6190
"2023-03-31 00:00:00",3029128,5953
"2023-03-30 00:00:00",3023175,6089
"2023-03-29 00:00:00",3017086,6025
"2023-03-28 00:00:00",3011061,5068
"2023-03-27 00:00:00",3005993,5472
"2023-03-26 00:00:00",3000521,6221
"2023-03-25 00:00:00",2994300,6162
"2023-03-24 00:00:00",2988138,0
"2023-03-23 00:00:00",2988138,12026
"2023-03-22 00:00:00",2976112,5914
"2023-03-21 00:00:00",2970198,5056
"2023-03-20 00:00:00",2965142,0
"2023-03-19 00:00:00",2965142,11724
"2023-03-18 00:00:00",2953418,6178
"2023-03-17 00:00:00",2947240,6223
"2023-03-16 00:00:00",2941017,6088
"2023-03-15 00:00:00",2934929,5793
"2023-03-14 00:00:00",2929136,5223
"2023-03-13 00:00:00",2923913,0
"2023-03-12 00:00:00",2923913,6059
"2023-03-11 00:00:00",2917854,7047
"2023-03-10 00:00:00",2910807,14426
"2023-03-09 00:00:00",2896381,7379
"2023-03-08 00:00:00",2889002,7118
"2023-03-07 00:00:00",2881884,6320
"2023-03-06 00:00:00",2875564,7188
"2023-03-05 00:00:00",2868376,0
"2023-03-04 00:00:00",2868376,15959
"2023-03-03 00:00:00",2852417,7674
"2023-03-02 00:00:00",2844743,7391
"2023-03-01 00:00:00",2837352,7069
"2023-02-28 00:00:00",2830283,0
"2023-02-27 00:00:00",2830283,12636
"2023-02-26 00:00:00",2817647,6697
"2023-02-25 00:00:00",2810950,6700
"2023-02-24 00:00:00",2804250,6879
"2023-02-23 00:00:00",2797371,7065
"2023-02-22 00:00:00",2790306,6050
"2023-02-21 00:00:00",2784256,5715
"2023-02-20 00:00:00",2778541,0
"2023-02-19 00:00:00",2778541,13388
"2023-02-18 00:00:00",2765153,7220
"2023-02-17 00:00:00",2757933,6901
"2023-02-16 00:00:00",2751032,6843
"2023-02-15 00:00:00",2744189,6321
"2023-02-14 00:00:00",2737868,0
"2023-02-13 00:00:00",2737868,12086
"2023-02-12 00:00:00",2725782,7456
"2023-02-11 00:00:00",2718326,7395
"2023-02-10 00:00:00",2710931,7186
"2023-02-09 00:00:00",2703745,7125
"2023-02-08 00:00:00",2696620,7002
"2023-02-07 00:00:00",2689618,5948
"2023-02-06 00:00:00",2683670,6504
"2023-02-05 00:00:00",2677166,7280
"2023-02-04 00:00:00",2669886,7285
"2023-02-03 00:00:00",2662601,0
"2023-02-02 00:00:00",2662601,14535
"2023-02-01 00:00:00",2648066,6982
"2023-01-31 00:00:00",2641084,5811
"2023-01-30 00:00:00",2635273,6830
"2023-01-29 00:00:00",2628443,7847
"2023-01-28 00:00:00",2620596,7786
"2023-01-27 00:00:00",2612810,7820
"2023-01-26 00:00:00",2604990,0
"2023-01-25 00:00:00",2604990,15226
"2023-01-24 00:00:00",2589764,6307
"2023-01-23 00:00:00",2583457,6875
"2023-01-22 00:00:00",2576582,8011
"2023-01-21 00:00:00",2568571,8149
"2023-01-20 00:00:00",2560422,8374
"2023-01-19 00:00:00",2552048,8135
"2023-01-18 00:00:00",2543913,7344
"2023-01-17 00:00:00",2536569,6975
"2023-01-16 00:00:00",2529594,7380
"2023-01-15 00:00:00",2522214,8898
"2023-01-14 00:00:00",2513316,8839
"2023-01-13 00:00:00",2504477,8835
"2023-01-12 00:00:00",2495642,8796
"2023-01-11 00:00:00",2486846,8375
"2023-01-10 00:00:00",2478471,6593
"2023-01-09 00:00:00",2471878,7310
"2023-01-08 00:00:00",2464568,7887
"2023-01-07 00:00:00",2456681,7897
"2023-01-06 00:00:00",2448784,7334
"2023-01-05 00:00:00",2441450,6883
"2023-01-04 00:00:00",2434567,6316
"2023-01-03 00:00:00",2428251,6239
"2023-01-02 00:00:00",2422012,6983
"2023-01-01 00:00:00",2415029,7366
"2022-12-31 00:00:00",2407663,7121
"2022-12-30 00:00:00",2400542,6986
"2022-12-29 00:00:00",2393556,6852
"2022-12-28 00:00:00",2386704,6110
"2022-12-27 00:00:00",2380594,5116
"2022-12-26 00:00:00",2375478,6455
"2022-12-25 00:00:00",2369023,6836
"2022-12-24 00:00:00",2362187,7171
"2022-12-23 00:00:00",2355016,7583
"2022-12-22 00:00:00",2347433,7519
"2022-12-21 00:00:00",2339914,7161
"2022-12-20 00:00:00",2332753,6551
"2022-12-19 00:00:00",2326202,0
"2022-12-18 00:00:00",2326202,15314
"2022-12-17 00:00:00",2310888,8260
"2022-12-16 00:00:00",2302628,0
"2022-12-15 00:00:00",2302628,16038
"2022-12-14 00:00:00",2286590,8017
"2022-12-13 00:00:00",2278573,6866
"2022-12-12 00:00:00",2271707,7611
"2022-12-11 00:00:00",2264096,8764
"2022-12-10 00:00:00",2255332,9374
"2022-12-09 00:00:00",2245958,8889
"2022-12-08 00:00:00",2237069,8273
"2022-12-07 00:00:00",2228796,8096
"2022-12-06 00:00:00",2220700,8112
"2022-12-05 00:00:00",2212588,8112
"2022-12-04 00:00:00",2204477,8112
"2022-12-03 00:00:00",2196365,8112
"2022-12-02 00:00:00",2188254,8112
"2022-12-01 00:00:00",2180142,7659
"2022-11-30 00:00:00",2172483,7655
"2022-11-29 00:00:00",2164828,6217
"2022-11-28 00:00:00",2158611,6723
"2022-11-27 00:00:00",2151888,6541
"2022-11-26 00:00:00",2145347,6856
"2022-11-25 00:00:00",2138491,7874
"2022-11-24 00:00:00",2130617,7571
"2022-11-23 00:00:00",2123046,7299
"2022-11-22 00:00:00",2115747,6682
"2022-11-21 00:00:00",2109065,7556
"2022-11-20 00:00:00",2101509,8296
"2022-11-19 00:00:00",2093213,8552
"2022-11-18 00:00:00",2084661,8420
"2022-11-17 00:00:00",2076241,7777
"2022-11-16 00:00:00",2068464,8177
"2022-11-15 00:00:00",2060287,6748
"2022-11-14 00:00:00",2053539,7728
"2022-11-13 00:00:00",2045811,8600
"2022-11-12 00:00:00",2037211,8884
"2022-11-11 00:00:00",2028327,8680
"2022-11-10 00:00:00",2019647,8592
"2022-11-09 00:00:00",2011055,8639
"2022-11-08 00:00:00",2002416,7015
"2022-11-07 00:00:00",1995401,7816
"2022-11-06 00:00:00",1987585,8662
"2022-11-05 00:00:00",1978923,9447
"2022-11-04 00:00:00",1969476,9099
"2022-11-03 00:00:00",1960377,8906
"2022-11-02 00:00:00",1951471,9176
"2022-11-01 00:00:00",1942295,8280
"2022-10-31 00:00:00",1934015,9202
"2022-10-30 00:00:00",1924813,10513
"2022-10-29 00:00:00",1914300,11211
"2022-10-28 00:00:00",1903089,10686
"2022-10-27 00:00:00",1892403,10375
"2022-10-26 00:00:00",1882028,10371
"2022-10-25 00:00:00",1871657,0
"2022-10-24 00:00:00",1871657,19429
"2022-10-23 00:00:00",1852228,11129
"2022-10-22 00:00:00",1841099,10811
"2022-10-21 00:00:00",1830288,10725
"2022-10-20 00:00:00",1819563,10552
"2022-10-19 00:00:00",1809011,10627
"2022-10-18 00:00:00",1798384,9329
"2022-10-17 00:00:00",1789055,10776
"2022-10-16 00:00:00",1778279,11860
"2022-10-15 00:00:00",1766419,22975
"2022-10-14 00:00:00",1743444,0
"2022-10-13 00:00:00",1743444,11464
"2022-10-12 00:00:00",1731980,10902
"2022-10-11 00:00:00",1721078,9945
"2022-10-10 00:00:00",1711133,11687
"2022-10-09 00:00:00",1699446,13393
"2022-10-08 00:00:00",1686053,13623
"2022-10-07 00:00:00",1672430,12964
"2022-10-06 00:00:00",1659466,12847
"2022-10-05 00:00:00",1646619,12866
"2022-10-04 00:00:00",1633753,11019
"2022-10-03 00:00:00",1622734,12242
"2022-10-02 00:00:00",1610492,14131
"2022-10-01 00:00:00",1596361,15151
"2022-09-30 00:00:00",1581210,14486
"2022-09-29 00:00:00",1566724,14170
"2022-09-28 00:00:00",1552554,13258
"2022-09-27 00:00:00",1539296,11675
"2022-09-26 00:00:00",1527621,13326
"2022-09-25 00:00:00",1514295,15069
"2022-09-24 00:00:00",1499226,15540
"2022-09-23 00:00:00",1483686,15608
"2022-09-22 00:00:00",1468078,14701
"2022-09-21 00:00:00",1453377,15347
"2022-09-20 00:00:00",1438030,13504
"2022-09-19 00:00:00",1424526,15185
"2022-09-18 00:00:00",1409341,17335
"2022-09-17 00:00:00",1392006,16903
"2022-09-16 00:00:00",1375103,16763
"2022-09-15 00:00:00",1358340,17208
"2022-09-14 00:00:00",1341132,16831
"2022-09-13 00:00:00",1324301,13524
"2022-09-12 00:00:00",1310777,15693
"2022-09-11 00:00:00",1295084,17243
"2022-09-10 00:00:00",1277841,18443
"2022-09-09 00:00:00",1259398,18659
"2022-09-08 00:00:00",1240739,35960
"2022-09-07 00:00:00",1204779,0
"2022-09-06 00:00:00",1204779,16609
"2022-09-05 00:00:00",1188170,19489
"2022-09-04 00:00:00",1168681,23092
"2022-09-03 00:00:00",1145589,23518
"2022-09-02 00:00:00",1122071,23915
"2022-09-01 00:00:00",1098156,24320
"2022-08-31 00:00:00",1073836,24411
"2022-08-30 00:00:00",1049425,22298
"2022-08-29 00:00:00",1027127,26190
"2022-08-28 00:00:00",1000937,29702
"2022-08-27 00:00:00",971235,30640
"2022-08-26 00:00:00",940595,29666
"2022-08-25 00:00:00",910929,31481
"2022-08-24 00:00:00",879448,32176
"2022-08-23 00:00:00",847272,30125
"2022-08-22 00:00:00",817147,75412
"2022-08-21 00:00:00",741735,0
"2022-08-20 00:00:00",741735,43818
"2022-08-19 00:00:00",697917,46722
"2022-08-18 00:00:00",651195,49177
"2022-08-17 00:00:00",602018,53344
"2022-08-16 00:00:00",548674,51364
"2022-08-15 00:00:00",497310,61627
"2022-08-14 00:00:00",435683,77936
"2022-08-13 00:00:00",357747,86223
"2022-08-12 00:00:00",271524,95122
"2022-08-11 00:00:00",176402,118840
"2022-08-10 00:00:00",57562,0