﻿"DateTime","Spotify Streams","Change"
"2023-05-09 00:00:00",6374101,13522
"2023-05-08 00:00:00",6360579,7180
"2023-05-07 00:00:00",6353399,0
"2023-05-06 00:00:00",6353399,15824
"2023-05-05 00:00:00",6337575,7508
"2023-05-04 00:00:00",6330067,0
"2023-05-03 00:00:00",6330067,9939
"2023-05-02 00:00:00",6320128,9939
"2023-05-01 00:00:00",6310189,3587
"2023-04-30 00:00:00",6306603,3587
"2023-04-29 00:00:00",6303016,7746
"2023-04-28 00:00:00",6295270,7746
"2023-04-27 00:00:00",6287524,15249
"2023-04-26 00:00:00",6272275,7348
"2023-04-25 00:00:00",6264927,6123
"2023-04-24 00:00:00",6258804,7441
"2023-04-23 00:00:00",6251363,8028
"2023-04-22 00:00:00",6243335,8028
"2023-04-21 00:00:00",6235308,8028
"2023-04-20 00:00:00",6227280,8144
"2023-04-19 00:00:00",6219136,7793
"2023-04-18 00:00:00",6211343,0
"2023-04-17 00:00:00",6211343,14172
"2023-04-16 00:00:00",6197171,0
"2023-04-15 00:00:00",6197171,17048
"2023-04-14 00:00:00",6180123,8421
"2023-04-13 00:00:00",6171702,8511
"2023-04-12 00:00:00",6163191,0
"2023-04-11 00:00:00",6163191,14287
"2023-04-10 00:00:00",6148904,8325
"2023-04-09 00:00:00",6140579,8571
"2023-04-08 00:00:00",6132008,9554
"2023-04-07 00:00:00",6122454,9302
"2023-04-06 00:00:00",6113152,9420
"2023-04-05 00:00:00",6103732,9333
"2023-04-04 00:00:00",6094399,7884
"2023-04-03 00:00:00",6086515,9339
"2023-04-02 00:00:00",6077176,10282
"2023-04-01 00:00:00",6066894,10344
"2023-03-31 00:00:00",6056550,10310
"2023-03-30 00:00:00",6046240,10536
"2023-03-29 00:00:00",6035704,10149
"2023-03-28 00:00:00",6025555,8526
"2023-03-27 00:00:00",6017029,11076
"2023-03-26 00:00:00",6005953,11927
"2023-03-25 00:00:00",5994026,12660
"2023-03-24 00:00:00",5981366,12349
"2023-03-23 00:00:00",5969017,0
"2023-03-22 00:00:00",5969017,25260
"2023-03-21 00:00:00",5943757,10277
"2023-03-20 00:00:00",5933480,11457
"2023-03-19 00:00:00",5922023,13977
"2023-03-18 00:00:00",5908046,0
"2023-03-17 00:00:00",5908046,26212
"2023-03-16 00:00:00",5881834,0
"2023-03-15 00:00:00",5881834,26507
"2023-03-14 00:00:00",5855327,11008
"2023-03-13 00:00:00",5844319,0
"2023-03-12 00:00:00",5844319,26828
"2023-03-11 00:00:00",5817491,14695
"2023-03-10 00:00:00",5802796,14131
"2023-03-09 00:00:00",5788665,15488
"2023-03-08 00:00:00",5773177,15250
"2023-03-07 00:00:00",5757927,11450
"2023-03-06 00:00:00",5746477,13974
"2023-03-05 00:00:00",5732503,15757
"2023-03-04 00:00:00",5716746,15612
"2023-03-03 00:00:00",5701134,15638
"2023-03-02 00:00:00",5685496,0
"2023-03-01 00:00:00",5685496,16012
"2023-02-28 00:00:00",5669484,26703
"2023-02-27 00:00:00",5642781,13710
"2023-02-26 00:00:00",5629071,15892
"2023-02-25 00:00:00",5613179,15862
"2023-02-24 00:00:00",5597317,15279
"2023-02-23 00:00:00",5582038,15158
"2023-02-22 00:00:00",5566880,15296
"2023-02-21 00:00:00",5551584,13020
"2023-02-20 00:00:00",5538564,14339
"2023-02-19 00:00:00",5524225,16046
"2023-02-18 00:00:00",5508179,16471
"2023-02-17 00:00:00",5491708,0
"2023-02-16 00:00:00",5491708,34945
"2023-02-15 00:00:00",5456763,15790
"2023-02-14 00:00:00",5440973,12971
"2023-02-13 00:00:00",5428002,12315
"2023-02-12 00:00:00",5415687,12988
"2023-02-11 00:00:00",5402699,12564
"2023-02-10 00:00:00",5390135,12485
"2023-02-09 00:00:00",5377650,12362
"2023-02-08 00:00:00",5365288,11507
"2023-02-07 00:00:00",5353781,9163
"2023-02-06 00:00:00",5344618,10298
"2023-02-05 00:00:00",5334320,0
"2023-02-04 00:00:00",5334320,10414
"2023-02-03 00:00:00",5323906,10197
"2023-02-02 00:00:00",5313709,19740
"2023-02-01 00:00:00",5293969,9355
"2023-01-31 00:00:00",5284614,0
"2023-01-30 00:00:00",5284614,16740
"2023-01-29 00:00:00",5267874,9807
"2023-01-28 00:00:00",5258067,9537
"2023-01-27 00:00:00",5248530,8857
"2023-01-26 00:00:00",5239673,0
"2023-01-25 00:00:00",5239673,16760
"2023-01-24 00:00:00",5222913,6770
"2023-01-23 00:00:00",5216143,7925
"2023-01-22 00:00:00",5208218,0
"2023-01-21 00:00:00",5208218,18037
"2023-01-20 00:00:00",5190181,9116
"2023-01-19 00:00:00",5181065,9032
"2023-01-18 00:00:00",5172033,8464
"2023-01-17 00:00:00",5163569,7516
"2023-01-16 00:00:00",5156053,8282
"2023-01-15 00:00:00",5147771,9283
"2023-01-14 00:00:00",5138488,9337
"2023-01-13 00:00:00",5129151,9155
"2023-01-12 00:00:00",5119996,9243
"2023-01-11 00:00:00",5110753,8752
"2023-01-10 00:00:00",5102001,7377
"2023-01-09 00:00:00",5094624,8688
"2023-01-08 00:00:00",5085936,8922
"2023-01-07 00:00:00",5077014,8746
"2023-01-06 00:00:00",5068268,8631
"2023-01-05 00:00:00",5059637,8232
"2023-01-04 00:00:00",5051405,7721
"2023-01-03 00:00:00",5043684,6287
"2023-01-02 00:00:00",5037397,8440
"2023-01-01 00:00:00",5028957,8854
"2022-12-31 00:00:00",5020103,8889
"2022-12-30 00:00:00",5011214,8742
"2022-12-29 00:00:00",5002472,8611
"2022-12-28 00:00:00",4993861,7646
"2022-12-27 00:00:00",4986215,6607
"2022-12-26 00:00:00",4979608,8377
"2022-12-25 00:00:00",4971231,9527
"2022-12-24 00:00:00",4961704,9931
"2022-12-23 00:00:00",4951773,9984
"2022-12-22 00:00:00",4941789,9808
"2022-12-21 00:00:00",4931981,9671
"2022-12-20 00:00:00",4922310,8038
"2022-12-19 00:00:00",4914272,9583
"2022-12-18 00:00:00",4904689,10978
"2022-12-17 00:00:00",4893711,11462
"2022-12-16 00:00:00",4882249,11164
"2022-12-15 00:00:00",4871085,11473
"2022-12-14 00:00:00",4859612,11534
"2022-12-13 00:00:00",4848078,0
"2022-12-12 00:00:00",4848078,21153
"2022-12-11 00:00:00",4826925,13077
"2022-12-10 00:00:00",4813848,13182
"2022-12-09 00:00:00",4800666,11550
"2022-12-08 00:00:00",4789116,10815
"2022-12-07 00:00:00",4778301,9984
"2022-12-06 00:00:00",4768317,10751
"2022-12-05 00:00:00",4757566,10751
"2022-12-04 00:00:00",4746815,10751
"2022-12-03 00:00:00",4736064,10751
"2022-12-02 00:00:00",4725313,10751
"2022-12-01 00:00:00",4714562,0
"2022-11-30 00:00:00",4714562,22183
"2022-11-29 00:00:00",4692379,9282
"2022-11-28 00:00:00",4683097,10071
"2022-11-27 00:00:00",4673026,10356
"2022-11-26 00:00:00",4662670,11173
"2022-11-25 00:00:00",4651497,12092
"2022-11-24 00:00:00",4639405,13014
"2022-11-23 00:00:00",4626391,0
"2022-11-22 00:00:00",4626391,22691
"2022-11-21 00:00:00",4603700,11666
"2022-11-20 00:00:00",4592034,12242
"2022-11-19 00:00:00",4579792,11271
"2022-11-18 00:00:00",4568521,11263
"2022-11-17 00:00:00",4557258,11109
"2022-11-16 00:00:00",4546149,10910
"2022-11-15 00:00:00",4535239,9117
"2022-11-14 00:00:00",4526122,10654
"2022-11-13 00:00:00",4515468,11442
"2022-11-12 00:00:00",4504026,11076
"2022-11-11 00:00:00",4492950,10824
"2022-11-10 00:00:00",4482126,10605
"2022-11-09 00:00:00",4471521,10194
"2022-11-08 00:00:00",4461327,8958
"2022-11-07 00:00:00",4452369,10131
"2022-11-06 00:00:00",4442238,11247
"2022-11-05 00:00:00",4430991,11966
"2022-11-04 00:00:00",4419025,11529
"2022-11-03 00:00:00",4407496,11236
"2022-11-02 00:00:00",4396260,11470
"2022-11-01 00:00:00",4384790,10291
"2022-10-31 00:00:00",4374499,11661
"2022-10-30 00:00:00",4362838,13075
"2022-10-29 00:00:00",4349763,13075
"2022-10-28 00:00:00",4336688,13016
"2022-10-27 00:00:00",4323672,12942
"2022-10-26 00:00:00",4310730,12587
"2022-10-25 00:00:00",4298143,10675
"2022-10-24 00:00:00",4287468,12745
"2022-10-23 00:00:00",4274723,13795
"2022-10-22 00:00:00",4260928,13456
"2022-10-21 00:00:00",4247472,13669
"2022-10-20 00:00:00",4233803,13630
"2022-10-19 00:00:00",4220173,13044
"2022-10-18 00:00:00",4207129,10771
"2022-10-17 00:00:00",4196358,12754
"2022-10-16 00:00:00",4183604,13829
"2022-10-15 00:00:00",4169775,27469
"2022-10-14 00:00:00",4142306,0
"2022-10-13 00:00:00",4142306,13835
"2022-10-12 00:00:00",4128471,13383
"2022-10-11 00:00:00",4115088,11802
"2022-10-10 00:00:00",4103286,13669
"2022-10-09 00:00:00",4089617,14921
"2022-10-08 00:00:00",4074696,16297
"2022-10-07 00:00:00",4058399,16009
"2022-10-06 00:00:00",4042390,16440
"2022-10-05 00:00:00",4025950,15124
"2022-10-04 00:00:00",4010826,12389
"2022-10-03 00:00:00",3998437,14402
"2022-10-02 00:00:00",3984035,16343
"2022-10-01 00:00:00",3967692,16236
"2022-09-30 00:00:00",3951456,15813
"2022-09-29 00:00:00",3935643,15569
"2022-09-28 00:00:00",3920074,15278
"2022-09-27 00:00:00",3904796,12990
"2022-09-26 00:00:00",3891806,15277
"2022-09-25 00:00:00",3876529,16883
"2022-09-24 00:00:00",3859646,17549
"2022-09-23 00:00:00",3842097,17561
"2022-09-22 00:00:00",3824536,17689
"2022-09-21 00:00:00",3806847,15795
"2022-09-20 00:00:00",3791052,13957
"2022-09-19 00:00:00",3777095,16285
"2022-09-18 00:00:00",3760810,18228
"2022-09-17 00:00:00",3742582,18900
"2022-09-16 00:00:00",3723682,17964
"2022-09-15 00:00:00",3705718,17918
"2022-09-14 00:00:00",3687800,17559
"2022-09-13 00:00:00",3670241,14987
"2022-09-12 00:00:00",3655254,17591
"2022-09-11 00:00:00",3637663,19958
"2022-09-10 00:00:00",3617705,19161
"2022-09-09 00:00:00",3598544,18571
"2022-09-08 00:00:00",3579973,37322
"2022-09-07 00:00:00",3542651,0
"2022-09-06 00:00:00",3542651,16236
"2022-09-05 00:00:00",3526415,19379
"2022-09-04 00:00:00",3507036,21725
"2022-09-03 00:00:00",3485311,21881
"2022-09-02 00:00:00",3463430,21558
"2022-09-01 00:00:00",3441872,21685
"2022-08-31 00:00:00",3420187,21011
"2022-08-30 00:00:00",3399176,18614
"2022-08-29 00:00:00",3380562,21634
"2022-08-28 00:00:00",3358928,24115
"2022-08-27 00:00:00",3334813,24671
"2022-08-26 00:00:00",3310142,24120
"2022-08-25 00:00:00",3286022,23385
"2022-08-24 00:00:00",3262637,22267
"2022-08-23 00:00:00",3240370,0
"2022-08-22 00:00:00",3240370,33610
"2022-08-21 00:00:00",3206761,33610
"2022-08-20 00:00:00",3173151,24171
"2022-08-19 00:00:00",3148980,24171
"2022-08-18 00:00:00",3124809,24746
"2022-08-17 00:00:00",3100063,23321
"2022-08-16 00:00:00",3076742,21383
"2022-08-15 00:00:00",3055359,24659
"2022-08-14 00:00:00",3030700,26741
"2022-08-13 00:00:00",3003959,26945
"2022-08-12 00:00:00",2977014,26881
"2022-08-11 00:00:00",2950133,26991
"2022-08-10 00:00:00",2923142,27459
"2022-08-09 00:00:00",2895683,24233
"2022-08-08 00:00:00",2871450,28243
"2022-08-07 00:00:00",2843207,30341
"2022-08-06 00:00:00",2812866,31141
"2022-08-05 00:00:00",2781725,31597
"2022-08-04 00:00:00",2750128,32423
"2022-08-03 00:00:00",2717705,32464
"2022-08-02 00:00:00",2685241,29975
"2022-08-01 00:00:00",2655266,33934
"2022-07-31 00:00:00",2621332,38622
"2022-07-30 00:00:00",2582710,35901
"2022-07-29 00:00:00",2546809,34905
"2022-07-28 00:00:00",2511904,34416
"2022-07-27 00:00:00",2477488,34060
"2022-07-26 00:00:00",2443428,31297
"2022-07-25 00:00:00",2412131,37068
"2022-07-24 00:00:00",2375063,40471
"2022-07-23 00:00:00",2334592,41191
"2022-07-22 00:00:00",2293401,41953
"2022-07-21 00:00:00",2251448,42766
"2022-07-20 00:00:00",2208682,42567
"2022-07-19 00:00:00",2166115,39040
"2022-07-18 00:00:00",2127075,45243
"2022-07-17 00:00:00",2081832,49099
"2022-07-16 00:00:00",2032733,49875
"2022-07-15 00:00:00",1982858,51074
"2022-07-14 00:00:00",1931784,53214
"2022-07-13 00:00:00",1878570,55264
"2022-07-12 00:00:00",1823306,50075
"2022-07-11 00:00:00",1773231,59412
"2022-07-10 00:00:00",1713819,66328
"2022-07-09 00:00:00",1647491,64099
"2022-07-08 00:00:00",1583392,65693
"2022-07-07 00:00:00",1517699,69363
"2022-07-06 00:00:00",1448336,70474
"2022-07-05 00:00:00",1377862,65409
"2022-07-04 00:00:00",1312453,80497
"2022-07-03 00:00:00",1231956,96236
"2022-07-02 00:00:00",1135720,108273
"2022-07-01 00:00:00",1027447,120063
"2022-06-30 00:00:00",907384,134848
"2022-06-29 00:00:00",772536,149415
"2022-06-28 00:00:00",623121,147064
"2022-06-27 00:00:00",476057,201792
"2022-06-26 00:00:00",274265,265742
"2022-06-25 00:00:00",8523,0