﻿"DateTime","Spotify Streams","Change"
"2023-05-01 00:00:00",4976560,9397
"2023-04-30 00:00:00",4967163,0
"2023-04-29 00:00:00",4967163,20422
"2023-04-28 00:00:00",4946741,10245
"2023-04-27 00:00:00",4936496,10004
"2023-04-26 00:00:00",4926492,9600
"2023-04-25 00:00:00",4916892,8058
"2023-04-24 00:00:00",4908834,10134
"2023-04-23 00:00:00",4898700,10134
"2023-04-22 00:00:00",4888566,10764
"2023-04-21 00:00:00",4877802,10288
"2023-04-20 00:00:00",4867514,10453
"2023-04-19 00:00:00",4857061,9679
"2023-04-18 00:00:00",4847382,8440
"2023-04-17 00:00:00",4838942,9859
"2023-04-16 00:00:00",4829083,10988
"2023-04-15 00:00:00",4818095,10755
"2023-04-14 00:00:00",4807340,10745
"2023-04-13 00:00:00",4796595,10491
"2023-04-12 00:00:00",4786104,9923
"2023-04-11 00:00:00",4776181,8024
"2023-04-10 00:00:00",4768157,9363
"2023-04-09 00:00:00",4758794,10389
"2023-04-08 00:00:00",4748405,11121
"2023-04-07 00:00:00",4737284,0
"2023-04-06 00:00:00",4737284,21271
"2023-04-05 00:00:00",4716013,9961
"2023-04-04 00:00:00",4706052,8378
"2023-04-03 00:00:00",4697674,9568
"2023-04-02 00:00:00",4688106,10670
"2023-04-01 00:00:00",4677436,10808
"2023-03-31 00:00:00",4666628,0
"2023-03-30 00:00:00",4666628,20941
"2023-03-29 00:00:00",4645687,9955
"2023-03-28 00:00:00",4635732,8530
"2023-03-27 00:00:00",4627202,9490
"2023-03-26 00:00:00",4617712,10676
"2023-03-25 00:00:00",4607036,10646
"2023-03-24 00:00:00",4596390,10583
"2023-03-23 00:00:00",4585807,10116
"2023-03-22 00:00:00",4575691,9505
"2023-03-21 00:00:00",4566186,8242
"2023-03-20 00:00:00",4557944,9517
"2023-03-19 00:00:00",4548427,10510
"2023-03-18 00:00:00",4537917,0
"2023-03-17 00:00:00",4537917,20712
"2023-03-16 00:00:00",4517205,0
"2023-03-15 00:00:00",4517205,20157
"2023-03-14 00:00:00",4497048,8603
"2023-03-13 00:00:00",4488445,10153
"2023-03-12 00:00:00",4478292,11087
"2023-03-11 00:00:00",4467205,10840
"2023-03-10 00:00:00",4456365,10827
"2023-03-09 00:00:00",4445538,10689
"2023-03-08 00:00:00",4434849,0
"2023-03-07 00:00:00",4434849,18923
"2023-03-06 00:00:00",4415926,10258
"2023-03-05 00:00:00",4405668,10732
"2023-03-04 00:00:00",4394936,11065
"2023-03-03 00:00:00",4383871,10812
"2023-03-02 00:00:00",4373059,0
"2023-03-01 00:00:00",4373059,20563
"2023-02-28 00:00:00",4352496,8643
"2023-02-27 00:00:00",4343853,9644
"2023-02-26 00:00:00",4334209,11042
"2023-02-25 00:00:00",4323167,10823
"2023-02-24 00:00:00",4312344,10745
"2023-02-23 00:00:00",4301599,10698
"2023-02-22 00:00:00",4290901,9936
"2023-02-21 00:00:00",4280965,9007
"2023-02-20 00:00:00",4271958,10569
"2023-02-19 00:00:00",4261389,11609
"2023-02-18 00:00:00",4249780,0
"2023-02-17 00:00:00",4249780,24022
"2023-02-16 00:00:00",4225758,11752
"2023-02-15 00:00:00",4214006,10862
"2023-02-14 00:00:00",4203144,9420
"2023-02-13 00:00:00",4193724,0
"2023-02-12 00:00:00",4193724,23273
"2023-02-11 00:00:00",4170451,10892
"2023-02-10 00:00:00",4159559,10793
"2023-02-09 00:00:00",4148766,10257
"2023-02-08 00:00:00",4138509,9840
"2023-02-07 00:00:00",4128669,0
"2023-02-06 00:00:00",4128669,17677
"2023-02-05 00:00:00",4110992,10045
"2023-02-04 00:00:00",4100947,9319
"2023-02-03 00:00:00",4091628,9035
"2023-02-02 00:00:00",4082593,9052
"2023-02-01 00:00:00",4073541,8612
"2023-01-31 00:00:00",4064929,7704
"2023-01-30 00:00:00",4057225,9227
"2023-01-29 00:00:00",4047998,0
"2023-01-28 00:00:00",4047998,9970
"2023-01-27 00:00:00",4038028,19084
"2023-01-26 00:00:00",4018944,9707
"2023-01-25 00:00:00",4009237,9266
"2023-01-24 00:00:00",3999971,8029
"2023-01-23 00:00:00",3991942,9463
"2023-01-22 00:00:00",3982479,10761
"2023-01-21 00:00:00",3971718,10630
"2023-01-20 00:00:00",3961088,10319
"2023-01-19 00:00:00",3950769,10119
"2023-01-18 00:00:00",3940650,9136
"2023-01-17 00:00:00",3931514,7922
"2023-01-16 00:00:00",3923592,9087
"2023-01-15 00:00:00",3914505,10784
"2023-01-14 00:00:00",3903721,10287
"2023-01-13 00:00:00",3893434,10559
"2023-01-12 00:00:00",3882875,10145
"2023-01-11 00:00:00",3872730,9763
"2023-01-10 00:00:00",3862967,8237
"2023-01-09 00:00:00",3854730,0
"2023-01-08 00:00:00",3854730,19839
"2023-01-07 00:00:00",3834891,10133
"2023-01-06 00:00:00",3824758,9943
"2023-01-05 00:00:00",3814815,9641
"2023-01-04 00:00:00",3805174,8559
"2023-01-03 00:00:00",3796615,8208
"2023-01-02 00:00:00",3788407,9563
"2023-01-01 00:00:00",3778844,10234
"2022-12-31 00:00:00",3768610,0
"2022-12-30 00:00:00",3768610,19673
"2022-12-29 00:00:00",3748937,0
"2022-12-28 00:00:00",3748937,8989
"2022-12-27 00:00:00",3739948,13890
"2022-12-26 00:00:00",3726058,8322
"2022-12-25 00:00:00",3717736,9136
"2022-12-24 00:00:00",3708600,10226
"2022-12-23 00:00:00",3698374,10071
"2022-12-22 00:00:00",3688303,9937
"2022-12-21 00:00:00",3678366,9584
"2022-12-20 00:00:00",3668782,8185
"2022-12-19 00:00:00",3660597,9617
"2022-12-18 00:00:00",3650980,10911
"2022-12-17 00:00:00",3640069,10104
"2022-12-16 00:00:00",3629965,0
"2022-12-15 00:00:00",3629965,20841
"2022-12-14 00:00:00",3609124,9779
"2022-12-13 00:00:00",3599345,8472
"2022-12-12 00:00:00",3590873,10174
"2022-12-11 00:00:00",3580699,11253
"2022-12-10 00:00:00",3569446,11242
"2022-12-09 00:00:00",3558204,11098
"2022-12-08 00:00:00",3547106,10419
"2022-12-07 00:00:00",3536687,10453
"2022-12-06 00:00:00",3526234,11214
"2022-12-05 00:00:00",3515020,11214
"2022-12-04 00:00:00",3503805,11214
"2022-12-03 00:00:00",3492591,11214
"2022-12-02 00:00:00",3481376,11214
"2022-12-01 00:00:00",3470162,10663
"2022-11-30 00:00:00",3459499,10376
"2022-11-29 00:00:00",3449123,8442
"2022-11-28 00:00:00",3440681,9132
"2022-11-27 00:00:00",3431549,8942
"2022-11-26 00:00:00",3422607,9625
"2022-11-25 00:00:00",3412982,12130
"2022-11-24 00:00:00",3400852,11375
"2022-11-23 00:00:00",3389477,9952
"2022-11-22 00:00:00",3379525,8819
"2022-11-21 00:00:00",3370706,10386
"2022-11-20 00:00:00",3360320,11660
"2022-11-19 00:00:00",3348660,11252
"2022-11-18 00:00:00",3337408,10993
"2022-11-17 00:00:00",3326415,10944
"2022-11-16 00:00:00",3315471,10448
"2022-11-15 00:00:00",3305023,8965
"2022-11-14 00:00:00",3296058,10599
"2022-11-13 00:00:00",3285459,11921
"2022-11-12 00:00:00",3273538,11844
"2022-11-11 00:00:00",3261694,12176
"2022-11-10 00:00:00",3249518,11594
"2022-11-09 00:00:00",3237924,11225
"2022-11-08 00:00:00",3226699,0
"2022-11-07 00:00:00",3226699,20408
"2022-11-06 00:00:00",3206291,12545
"2022-11-05 00:00:00",3193746,12649
"2022-11-04 00:00:00",3181097,12265
"2022-11-03 00:00:00",3168832,11888
"2022-11-02 00:00:00",3156944,11692
"2022-11-01 00:00:00",3145252,9714
"2022-10-31 00:00:00",3135538,11361
"2022-10-30 00:00:00",3124177,12817
"2022-10-29 00:00:00",3111360,12989
"2022-10-28 00:00:00",3098371,12505
"2022-10-27 00:00:00",3085866,12381
"2022-10-26 00:00:00",3073485,12221
"2022-10-25 00:00:00",3061264,10537
"2022-10-24 00:00:00",3050727,12529
"2022-10-23 00:00:00",3038198,13897
"2022-10-22 00:00:00",3024301,13438
"2022-10-21 00:00:00",3010863,12836
"2022-10-20 00:00:00",2998027,12996
"2022-10-19 00:00:00",2985031,12370
"2022-10-18 00:00:00",2972661,10867
"2022-10-17 00:00:00",2961794,12940
"2022-10-16 00:00:00",2948854,0
"2022-10-15 00:00:00",2948854,29083
"2022-10-14 00:00:00",2919771,14003
"2022-10-13 00:00:00",2905768,13627
"2022-10-12 00:00:00",2892141,12650
"2022-10-11 00:00:00",2879491,11697
"2022-10-10 00:00:00",2867794,13369
"2022-10-09 00:00:00",2854425,14964
"2022-10-08 00:00:00",2839461,13997
"2022-10-07 00:00:00",2825464,13022
"2022-10-06 00:00:00",2812442,13011
"2022-10-05 00:00:00",2799431,12860
"2022-10-04 00:00:00",2786571,11575
"2022-10-03 00:00:00",2774996,14079
"2022-10-02 00:00:00",2760917,15261
"2022-10-01 00:00:00",2745656,15086
"2022-09-30 00:00:00",2730570,14887
"2022-09-29 00:00:00",2715683,14959
"2022-09-28 00:00:00",2700724,14441
"2022-09-27 00:00:00",2686283,12490
"2022-09-26 00:00:00",2673793,14768
"2022-09-25 00:00:00",2659025,16779
"2022-09-24 00:00:00",2642246,16092
"2022-09-23 00:00:00",2626154,16444
"2022-09-22 00:00:00",2609710,16332
"2022-09-21 00:00:00",2593378,15284
"2022-09-20 00:00:00",2578094,13198
"2022-09-19 00:00:00",2564896,16259
"2022-09-18 00:00:00",2548637,17800
"2022-09-17 00:00:00",2530837,17451
"2022-09-16 00:00:00",2513386,17658
"2022-09-15 00:00:00",2495728,17443
"2022-09-14 00:00:00",2478285,16137
"2022-09-13 00:00:00",2462148,14172
"2022-09-12 00:00:00",2447976,16300
"2022-09-11 00:00:00",2431676,19115
"2022-09-10 00:00:00",2412561,18309
"2022-09-09 00:00:00",2394252,17993
"2022-09-08 00:00:00",2376259,32170
"2022-09-07 00:00:00",2344089,0
"2022-09-06 00:00:00",2344089,14860
"2022-09-05 00:00:00",2329229,17868
"2022-09-04 00:00:00",2311361,21526
"2022-09-03 00:00:00",2289835,21061
"2022-09-02 00:00:00",2268774,20510
"2022-09-01 00:00:00",2248264,20443
"2022-08-31 00:00:00",2227821,19511
"2022-08-30 00:00:00",2208310,16678
"2022-08-29 00:00:00",2191632,20494
"2022-08-28 00:00:00",2171138,22979
"2022-08-27 00:00:00",2148159,22976
"2022-08-26 00:00:00",2125183,23072
"2022-08-25 00:00:00",2102111,21550
"2022-08-24 00:00:00",2080561,20495
"2022-08-23 00:00:00",2060066,21351
"2022-08-22 00:00:00",2038715,21351
"2022-08-21 00:00:00",2017364,21351
"2022-08-20 00:00:00",1996013,21351
"2022-08-19 00:00:00",1974662,21351
"2022-08-18 00:00:00",1953311,21020
"2022-08-17 00:00:00",1932291,20235
"2022-08-16 00:00:00",1912056,18217
"2022-08-15 00:00:00",1893839,20342
"2022-08-14 00:00:00",1873497,22501
"2022-08-13 00:00:00",1850996,22018
"2022-08-12 00:00:00",1828978,21623
"2022-08-11 00:00:00",1807355,21572
"2022-08-10 00:00:00",1785783,21456
"2022-08-09 00:00:00",1764327,20784
"2022-08-08 00:00:00",1743543,20784
"2022-08-07 00:00:00",1722759,24010
"2022-08-06 00:00:00",1698749,24550
"2022-08-05 00:00:00",1674199,23012
"2022-08-04 00:00:00",1651187,21902
"2022-08-03 00:00:00",1629285,21340
"2022-08-02 00:00:00",1607945,19400
"2022-08-01 00:00:00",1588545,22945
"2022-07-31 00:00:00",1565600,25553
"2022-07-30 00:00:00",1540047,0
"2022-07-29 00:00:00",1540047,50069
"2022-07-28 00:00:00",1489978,24623
"2022-07-27 00:00:00",1465355,24457
"2022-07-26 00:00:00",1440898,21221
"2022-07-25 00:00:00",1419677,25307
"2022-07-24 00:00:00",1394370,28961
"2022-07-23 00:00:00",1365409,27169
"2022-07-22 00:00:00",1338240,25750
"2022-07-21 00:00:00",1312490,25695
"2022-07-20 00:00:00",1286795,25529
"2022-07-19 00:00:00",1261266,22901
"2022-07-18 00:00:00",1238365,27051
"2022-07-17 00:00:00",1211314,29260
"2022-07-16 00:00:00",1182054,26996
"2022-07-15 00:00:00",1155058,26545
"2022-07-14 00:00:00",1128513,26874
"2022-07-13 00:00:00",1101639,26028
"2022-07-12 00:00:00",1075611,23163
"2022-07-11 00:00:00",1052448,27343
"2022-07-10 00:00:00",1025105,29657
"2022-07-09 00:00:00",995448,28971
"2022-07-08 00:00:00",966477,28734
"2022-07-07 00:00:00",937743,28725
"2022-07-06 00:00:00",909018,26400
"2022-07-05 00:00:00",882618,26550
"2022-07-04 00:00:00",856068,32232
"2022-07-03 00:00:00",823836,37396
"2022-07-02 00:00:00",786440,37236
"2022-07-01 00:00:00",749204,37780
"2022-06-30 00:00:00",711424,39426
"2022-06-29 00:00:00",671998,38504
"2022-06-28 00:00:00",633494,35731
"2022-06-27 00:00:00",597763,42780
"2022-06-26 00:00:00",554983,50228
"2022-06-25 00:00:00",504755,54834
"2022-06-24 00:00:00",449921,57574
"2022-06-23 00:00:00",392347,64031
"2022-06-22 00:00:00",328316,66418
"2022-06-21 00:00:00",261898,60564
"2022-06-20 00:00:00",201334,86999
"2022-06-19 00:00:00",114335,0