﻿"DateTime","Spotify Streams","Change"
"2023-05-14 00:00:00",8295985,10857
"2023-05-13 00:00:00",8285128,10850
"2023-05-12 00:00:00",8274278,10939
"2023-05-11 00:00:00",8263339,10737
"2023-05-10 00:00:00",8252602,10347
"2023-05-09 00:00:00",8242255,8901
"2023-05-08 00:00:00",8233354,10856
"2023-05-07 00:00:00",8222498,11162
"2023-05-06 00:00:00",8211337,11162
"2023-05-05 00:00:00",8200175,10446
"2023-05-04 00:00:00",8189729,10046
"2023-05-03 00:00:00",8179683,9256
"2023-05-02 00:00:00",8170427,9256
"2023-05-01 00:00:00",8161171,9759
"2023-04-30 00:00:00",8151412,10094
"2023-04-29 00:00:00",8141318,9904
"2023-04-28 00:00:00",8131414,6693
"2023-04-27 00:00:00",8124721,6693
"2023-04-26 00:00:00",8118028,6693
"2023-04-25 00:00:00",8111335,17399
"2023-04-24 00:00:00",8093936,0
"2023-04-23 00:00:00",8093936,19461
"2023-04-22 00:00:00",8074475,9953
"2023-04-21 00:00:00",8064522,9754
"2023-04-20 00:00:00",8054769,9754
"2023-04-19 00:00:00",8045015,9141
"2023-04-18 00:00:00",8035875,9141
"2023-04-17 00:00:00",8026734,10447
"2023-04-16 00:00:00",8016287,11006
"2023-04-15 00:00:00",8005281,10359
"2023-04-14 00:00:00",7994922,10317
"2023-04-13 00:00:00",7984605,10091
"2023-04-12 00:00:00",7974514,9227
"2023-04-11 00:00:00",7965287,8544
"2023-04-10 00:00:00",7956743,10160
"2023-04-09 00:00:00",7946583,10514
"2023-04-08 00:00:00",7936069,11637
"2023-04-07 00:00:00",7924432,11808
"2023-04-06 00:00:00",7912624,11371
"2023-04-05 00:00:00",7901253,10667
"2023-04-04 00:00:00",7890586,9611
"2023-04-03 00:00:00",7880975,10560
"2023-04-02 00:00:00",7870415,11517
"2023-04-01 00:00:00",7858898,10874
"2023-03-31 00:00:00",7848024,10652
"2023-03-30 00:00:00",7837372,10830
"2023-03-29 00:00:00",7826542,9997
"2023-03-28 00:00:00",7816545,9581
"2023-03-27 00:00:00",7806964,10556
"2023-03-26 00:00:00",7796408,11566
"2023-03-25 00:00:00",7784842,11310
"2023-03-24 00:00:00",7773532,11482
"2023-03-23 00:00:00",7762050,0
"2023-03-22 00:00:00",7762050,20655
"2023-03-21 00:00:00",7741395,9128
"2023-03-20 00:00:00",7732267,10634
"2023-03-19 00:00:00",7721633,11101
"2023-03-18 00:00:00",7710532,10820
"2023-03-17 00:00:00",7699712,10968
"2023-03-16 00:00:00",7688744,10694
"2023-03-15 00:00:00",7678050,10164
"2023-03-14 00:00:00",7667886,9481
"2023-03-13 00:00:00",7658405,10687
"2023-03-12 00:00:00",7647718,11052
"2023-03-11 00:00:00",7636666,11062
"2023-03-10 00:00:00",7625604,10952
"2023-03-09 00:00:00",7614652,10713
"2023-03-08 00:00:00",7603939,10317
"2023-03-07 00:00:00",7593622,9707
"2023-03-06 00:00:00",7583915,11443
"2023-03-05 00:00:00",7572472,12815
"2023-03-04 00:00:00",7559657,14546
"2023-03-03 00:00:00",7545111,0
"2023-03-02 00:00:00",7545111,14959
"2023-03-01 00:00:00",7530152,28298
"2023-02-28 00:00:00",7501854,12404
"2023-02-27 00:00:00",7489450,13612
"2023-02-26 00:00:00",7475838,14137
"2023-02-25 00:00:00",7461701,14125
"2023-02-24 00:00:00",7447576,13885
"2023-02-23 00:00:00",7433691,12665
"2023-02-22 00:00:00",7421026,0
"2023-02-21 00:00:00",7421026,22124
"2023-02-20 00:00:00",7398902,0
"2023-02-19 00:00:00",7398902,26039
"2023-02-18 00:00:00",7372863,15099
"2023-02-17 00:00:00",7357764,15237
"2023-02-16 00:00:00",7342527,15168
"2023-02-15 00:00:00",7327359,13648
"2023-02-14 00:00:00",7313711,13044
"2023-02-13 00:00:00",7300667,14592
"2023-02-12 00:00:00",7286075,15663
"2023-02-11 00:00:00",7270412,15849
"2023-02-10 00:00:00",7254563,16087
"2023-02-09 00:00:00",7238476,15323
"2023-02-08 00:00:00",7223153,14407
"2023-02-07 00:00:00",7208746,0
"2023-02-06 00:00:00",7208746,28433
"2023-02-05 00:00:00",7180313,15401
"2023-02-04 00:00:00",7164912,14870
"2023-02-03 00:00:00",7150042,14928
"2023-02-02 00:00:00",7135114,14739
"2023-02-01 00:00:00",7120375,0
"2023-01-31 00:00:00",7120375,28649
"2023-01-30 00:00:00",7091726,15664
"2023-01-29 00:00:00",7076062,16445
"2023-01-28 00:00:00",7059617,16445
"2023-01-27 00:00:00",7043172,15755
"2023-01-26 00:00:00",7027417,16014
"2023-01-25 00:00:00",7011403,15423
"2023-01-24 00:00:00",6995980,13404
"2023-01-23 00:00:00",6982576,16981
"2023-01-22 00:00:00",6965595,25086
"2023-01-21 00:00:00",6940509,24851
"2023-01-20 00:00:00",6915658,23102
"2023-01-19 00:00:00",6892556,23391
"2023-01-18 00:00:00",6869165,17137
"2023-01-17 00:00:00",6852028,16006
"2023-01-16 00:00:00",6836022,18128
"2023-01-15 00:00:00",6817894,26558
"2023-01-14 00:00:00",6791336,29366
"2023-01-13 00:00:00",6761970,26969
"2023-01-12 00:00:00",6735001,29048
"2023-01-11 00:00:00",6705953,22877
"2023-01-10 00:00:00",6683076,19705
"2023-01-09 00:00:00",6663371,26726
"2023-01-08 00:00:00",6636645,35284
"2023-01-07 00:00:00",6601361,0
"2023-01-06 00:00:00",6601361,56343
"2023-01-05 00:00:00",6545018,26204
"2023-01-04 00:00:00",6518814,22076
"2023-01-03 00:00:00",6496738,21473
"2023-01-02 00:00:00",6475265,24369
"2023-01-01 00:00:00",6450896,22752
"2022-12-31 00:00:00",6428144,23821
"2022-12-30 00:00:00",6404323,23350
"2022-12-29 00:00:00",6380973,24545
"2022-12-28 00:00:00",6356428,24093
"2022-12-27 00:00:00",6332335,14912
"2022-12-26 00:00:00",6317423,21155
"2022-12-25 00:00:00",6296268,20021
"2022-12-24 00:00:00",6276247,21836
"2022-12-23 00:00:00",6254411,22512
"2022-12-22 00:00:00",6231899,20532
"2022-12-21 00:00:00",6211367,18177
"2022-12-20 00:00:00",6193190,17211
"2022-12-19 00:00:00",6175979,21124
"2022-12-18 00:00:00",6154855,25168
"2022-12-17 00:00:00",6129687,26683
"2022-12-16 00:00:00",6103004,26853
"2022-12-15 00:00:00",6076151,26639
"2022-12-14 00:00:00",6049512,24151
"2022-12-13 00:00:00",6025361,21603
"2022-12-12 00:00:00",6003758,26012
"2022-12-11 00:00:00",5977746,26102
"2022-12-10 00:00:00",5951644,27555
"2022-12-09 00:00:00",5924089,27360
"2022-12-08 00:00:00",5896729,25743
"2022-12-07 00:00:00",5870986,24629
"2022-12-06 00:00:00",5846357,29382
"2022-12-05 00:00:00",5816975,29382
"2022-12-04 00:00:00",5787594,29382
"2022-12-03 00:00:00",5758212,29382
"2022-12-02 00:00:00",5728831,29382
"2022-12-01 00:00:00",5699449,34463
"2022-11-30 00:00:00",5664986,33167
"2022-11-29 00:00:00",5631819,33272
"2022-11-28 00:00:00",5598547,34507
"2022-11-27 00:00:00",5564040,33933
"2022-11-26 00:00:00",5530107,31041
"2022-11-25 00:00:00",5499066,36292
"2022-11-24 00:00:00",5462774,35458
"2022-11-23 00:00:00",5427316,30518
"2022-11-22 00:00:00",5396798,26356
"2022-11-21 00:00:00",5370442,33006
"2022-11-20 00:00:00",5337436,36322
"2022-11-19 00:00:00",5301114,44695
"2022-11-18 00:00:00",5256419,42162
"2022-11-17 00:00:00",5214257,41798
"2022-11-16 00:00:00",5172459,37969
"2022-11-15 00:00:00",5134490,35497
"2022-11-14 00:00:00",5098993,40493
"2022-11-13 00:00:00",5058500,43063
"2022-11-12 00:00:00",5015437,49461
"2022-11-11 00:00:00",4965976,46322
"2022-11-10 00:00:00",4919654,46007
"2022-11-09 00:00:00",4873647,0
"2022-11-08 00:00:00",4873647,81176
"2022-11-07 00:00:00",4792471,44195
"2022-11-06 00:00:00",4748276,48227
"2022-11-05 00:00:00",4700049,55203
"2022-11-04 00:00:00",4644846,50785
"2022-11-03 00:00:00",4594061,49129
"2022-11-02 00:00:00",4544932,48187
"2022-11-01 00:00:00",4496745,44700
"2022-10-31 00:00:00",4452045,51141
"2022-10-30 00:00:00",4400904,48089
"2022-10-29 00:00:00",4352815,45468
"2022-10-28 00:00:00",4307347,43630
"2022-10-27 00:00:00",4263717,41028
"2022-10-26 00:00:00",4222689,40277
"2022-10-25 00:00:00",4182412,37620
"2022-10-24 00:00:00",4144792,44538
"2022-10-23 00:00:00",4100254,50992
"2022-10-22 00:00:00",4049262,55249
"2022-10-21 00:00:00",3994013,56315
"2022-10-20 00:00:00",3937698,58400
"2022-10-19 00:00:00",3879298,54901
"2022-10-18 00:00:00",3824397,50313
"2022-10-17 00:00:00",3774084,60273
"2022-10-16 00:00:00",3713811,167357
"2022-10-15 00:00:00",3546454,0
"2022-10-14 00:00:00",3546454,96480
"2022-10-13 00:00:00",3449974,99142
"2022-10-12 00:00:00",3350832,94620
"2022-10-11 00:00:00",3256212,84642
"2022-10-10 00:00:00",3171570,101196
"2022-10-09 00:00:00",3070374,119205
"2022-10-08 00:00:00",2951169,129315
"2022-10-07 00:00:00",2821854,128132
"2022-10-06 00:00:00",2693722,126998
"2022-10-05 00:00:00",2566724,125536
"2022-10-04 00:00:00",2441188,112714
"2022-10-03 00:00:00",2328474,137215
"2022-10-02 00:00:00",2191259,173982
"2022-10-01 00:00:00",2017277,229103
"2022-09-30 00:00:00",1788174,243653
"2022-09-29 00:00:00",1544521,231491
"2022-09-28 00:00:00",1313030,237283
"2022-09-27 00:00:00",1075747,231499
"2022-09-26 00:00:00",844248,329179
"2022-09-25 00:00:00",515069,509948
"2022-09-24 00:00:00",5121,0
"2022-09-23 00:00:00",5121,0