﻿"DateTime","Spotify Streams","Change"
"2023-05-15 00:00:00",1053638,1862
"2023-05-14 00:00:00",1051777,1862
"2023-05-13 00:00:00",1049915,4478
"2023-05-12 00:00:00",1045437,2024
"2023-05-11 00:00:00",1043413,2076
"2023-05-10 00:00:00",1041337,1991
"2023-05-09 00:00:00",1039346,1661
"2023-05-08 00:00:00",1037685,1892
"2023-05-07 00:00:00",1035793,2095
"2023-05-06 00:00:00",1033698,2041
"2023-05-05 00:00:00",1031657,2146
"2023-05-04 00:00:00",1029511,2108
"2023-05-03 00:00:00",1027403,1838
"2023-05-02 00:00:00",1025565,1838
"2023-05-01 00:00:00",1023728,1838
"2023-04-30 00:00:00",1021890,2054
"2023-04-29 00:00:00",1019836,2097
"2023-04-28 00:00:00",1017739,1021
"2023-04-27 00:00:00",1016718,1021
"2023-04-26 00:00:00",1015697,2900
"2023-04-25 00:00:00",1012797,2900
"2023-04-24 00:00:00",1009897,966
"2023-04-23 00:00:00",1008932,966
"2023-04-22 00:00:00",1007966,4296
"2023-04-21 00:00:00",1003670,2055
"2023-04-20 00:00:00",1001615,2096
"2023-04-19 00:00:00",999519,2000
"2023-04-18 00:00:00",997519,0
"2023-04-17 00:00:00",997519,3937
"2023-04-16 00:00:00",993582,2239
"2023-04-15 00:00:00",991343,2233
"2023-04-14 00:00:00",989110,0
"2023-04-13 00:00:00",989110,4482
"2023-04-12 00:00:00",984628,2107
"2023-04-11 00:00:00",982521,1836
"2023-04-10 00:00:00",980685,2081
"2023-04-09 00:00:00",978604,0
"2023-04-08 00:00:00",978604,4645
"2023-04-07 00:00:00",973959,2364
"2023-04-06 00:00:00",971595,2311
"2023-04-05 00:00:00",969284,2294
"2023-04-04 00:00:00",966990,0
"2023-04-03 00:00:00",966990,4196
"2023-04-02 00:00:00",962794,2459
"2023-04-01 00:00:00",960335,0
"2023-03-31 00:00:00",960335,4842
"2023-03-30 00:00:00",955493,2312
"2023-03-29 00:00:00",953181,2392
"2023-03-28 00:00:00",950789,2236
"2023-03-27 00:00:00",948553,2274
"2023-03-26 00:00:00",946279,2601
"2023-03-25 00:00:00",943678,2829
"2023-03-24 00:00:00",940849,2585
"2023-03-23 00:00:00",938264,2662
"2023-03-22 00:00:00",935602,2581
"2023-03-21 00:00:00",933021,2260
"2023-03-20 00:00:00",930761,0
"2023-03-19 00:00:00",930761,5241
"2023-03-18 00:00:00",925520,2497
"2023-03-17 00:00:00",923023,2498
"2023-03-16 00:00:00",920525,2427
"2023-03-15 00:00:00",918098,2341
"2023-03-14 00:00:00",915757,2193
"2023-03-13 00:00:00",913564,2495
"2023-03-12 00:00:00",911069,2769
"2023-03-11 00:00:00",908300,2757
"2023-03-10 00:00:00",905543,2771
"2023-03-09 00:00:00",902772,2724
"2023-03-08 00:00:00",900048,2684
"2023-03-07 00:00:00",897364,2529
"2023-03-06 00:00:00",894835,2723
"2023-03-05 00:00:00",892112,0
"2023-03-04 00:00:00",892112,6263
"2023-03-03 00:00:00",885849,3109
"2023-03-02 00:00:00",882740,3029
"2023-03-01 00:00:00",879711,3101
"2023-02-28 00:00:00",876610,2899
"2023-02-27 00:00:00",873711,3300
"2023-02-26 00:00:00",870411,3656
"2023-02-25 00:00:00",866755,3569
"2023-02-24 00:00:00",863186,3667
"2023-02-23 00:00:00",859519,3806
"2023-02-22 00:00:00",855713,3328
"2023-02-21 00:00:00",852385,3159
"2023-02-20 00:00:00",849226,3330
"2023-02-19 00:00:00",845896,3957
"2023-02-18 00:00:00",841939,3562
"2023-02-17 00:00:00",838377,0
"2023-02-16 00:00:00",838377,7491
"2023-02-15 00:00:00",830886,3758
"2023-02-14 00:00:00",827128,0
"2023-02-13 00:00:00",827128,7241
"2023-02-12 00:00:00",819887,4231
"2023-02-11 00:00:00",815656,4125
"2023-02-10 00:00:00",811531,3934
"2023-02-09 00:00:00",807597,3653
"2023-02-08 00:00:00",803944,3631
"2023-02-07 00:00:00",800313,3051
"2023-02-06 00:00:00",797262,3221
"2023-02-05 00:00:00",794041,3477
"2023-02-04 00:00:00",790564,3542
"2023-02-03 00:00:00",787022,0
"2023-02-02 00:00:00",787022,6829
"2023-02-01 00:00:00",780193,3304
"2023-01-31 00:00:00",776889,3043
"2023-01-30 00:00:00",773846,3494
"2023-01-29 00:00:00",770352,3718
"2023-01-28 00:00:00",766634,3718
"2023-01-27 00:00:00",762916,3383
"2023-01-26 00:00:00",759533,0
"2023-01-25 00:00:00",759533,6810
"2023-01-24 00:00:00",752723,2936
"2023-01-23 00:00:00",749787,3385
"2023-01-22 00:00:00",746402,3657
"2023-01-21 00:00:00",742745,3803
"2023-01-20 00:00:00",738942,0
"2023-01-19 00:00:00",738942,7703
"2023-01-18 00:00:00",731239,3522
"2023-01-17 00:00:00",727717,3414
"2023-01-16 00:00:00",724303,3611
"2023-01-15 00:00:00",720692,4283
"2023-01-14 00:00:00",716409,4080
"2023-01-13 00:00:00",712329,3865
"2023-01-12 00:00:00",708464,3783
"2023-01-11 00:00:00",704681,3621
"2023-01-10 00:00:00",701060,3203
"2023-01-09 00:00:00",697857,3571
"2023-01-08 00:00:00",694286,3866
"2023-01-07 00:00:00",690420,0
"2023-01-06 00:00:00",690420,8067
"2023-01-05 00:00:00",682353,3862
"2023-01-04 00:00:00",678491,3522
"2023-01-03 00:00:00",674969,3185
"2023-01-02 00:00:00",671784,3870
"2023-01-01 00:00:00",667914,4009
"2022-12-31 00:00:00",663905,4003
"2022-12-30 00:00:00",659902,3932
"2022-12-29 00:00:00",655970,3893
"2022-12-28 00:00:00",652077,3398
"2022-12-27 00:00:00",648679,0
"2022-12-26 00:00:00",648679,6610
"2022-12-25 00:00:00",642069,4180
"2022-12-24 00:00:00",637889,4517
"2022-12-23 00:00:00",633372,4826
"2022-12-22 00:00:00",628546,4721
"2022-12-21 00:00:00",623825,4511
"2022-12-20 00:00:00",619314,4036
"2022-12-19 00:00:00",615278,4909
"2022-12-18 00:00:00",610369,5467
"2022-12-17 00:00:00",604902,5475
"2022-12-16 00:00:00",599427,5336
"2022-12-15 00:00:00",594091,5030
"2022-12-14 00:00:00",589061,4943
"2022-12-13 00:00:00",584118,4567
"2022-12-12 00:00:00",579551,4942
"2022-12-11 00:00:00",574609,5531
"2022-12-10 00:00:00",569078,5825
"2022-12-09 00:00:00",563253,5526
"2022-12-08 00:00:00",557727,5585
"2022-12-07 00:00:00",552142,5962
"2022-12-06 00:00:00",546180,5962
"2022-12-05 00:00:00",540217,5962
"2022-12-04 00:00:00",534255,5962
"2022-12-03 00:00:00",528293,5962
"2022-12-02 00:00:00",522331,5962
"2022-12-01 00:00:00",516368,5962
"2022-11-30 00:00:00",510406,6667
"2022-11-29 00:00:00",503739,5695
"2022-11-28 00:00:00",498044,6593
"2022-11-27 00:00:00",491451,6829
"2022-11-26 00:00:00",484622,6793
"2022-11-25 00:00:00",477829,8382
"2022-11-24 00:00:00",469447,8716
"2022-11-23 00:00:00",460731,8168
"2022-11-22 00:00:00",452563,6991
"2022-11-21 00:00:00",445572,8443
"2022-11-20 00:00:00",437129,9865
"2022-11-19 00:00:00",427264,10031
"2022-11-18 00:00:00",417233,10583
"2022-11-17 00:00:00",406650,10004
"2022-11-16 00:00:00",396646,10275
"2022-11-15 00:00:00",386371,9066
"2022-11-14 00:00:00",377305,10962
"2022-11-13 00:00:00",366343,13278
"2022-11-12 00:00:00",353065,14049
"2022-11-11 00:00:00",339016,14040
"2022-11-10 00:00:00",324976,15114
"2022-11-09 00:00:00",309862,16821
"2022-11-08 00:00:00",293041,0
"2022-11-07 00:00:00",293041,30487
"2022-11-06 00:00:00",262554,22952
"2022-11-05 00:00:00",239602,27559
"2022-11-04 00:00:00",212043,28793
"2022-11-03 00:00:00",183250,28663
"2022-11-02 00:00:00",154587,32717
"2022-11-01 00:00:00",121870,30990
"2022-10-31 00:00:00",90880,38437
"2022-10-30 00:00:00",52443,0