﻿"DateTime","Spotify Streams","Change"
"2023-05-14 00:00:00",3055490,3838
"2023-05-13 00:00:00",3051652,4014
"2023-05-12 00:00:00",3047638,4014
"2023-05-11 00:00:00",3043624,3941
"2023-05-10 00:00:00",3039683,3818
"2023-05-09 00:00:00",3035865,0
"2023-05-08 00:00:00",3035865,8201
"2023-05-07 00:00:00",3027664,4254
"2023-05-06 00:00:00",3023410,0
"2023-05-05 00:00:00",3023410,8549
"2023-05-04 00:00:00",3014861,4208
"2023-05-03 00:00:00",3010653,4081
"2023-05-02 00:00:00",3006572,4406
"2023-05-01 00:00:00",3002166,4406
"2023-04-30 00:00:00",2997761,4406
"2023-04-29 00:00:00",2993355,4209
"2023-04-28 00:00:00",2989147,4209
"2023-04-27 00:00:00",2984938,4053
"2023-04-26 00:00:00",2980885,4294
"2023-04-25 00:00:00",2976592,4294
"2023-04-24 00:00:00",2972298,4470
"2023-04-23 00:00:00",2967828,4376
"2023-04-22 00:00:00",2963452,4420
"2023-04-21 00:00:00",2959032,4305
"2023-04-20 00:00:00",2954727,4305
"2023-04-19 00:00:00",2950422,4419
"2023-04-18 00:00:00",2946003,4179
"2023-04-17 00:00:00",2941824,4539
"2023-04-16 00:00:00",2937285,4606
"2023-04-15 00:00:00",2932679,4704
"2023-04-14 00:00:00",2927975,4498
"2023-04-13 00:00:00",2923477,4553
"2023-04-12 00:00:00",2918924,4845
"2023-04-11 00:00:00",2914079,4641
"2023-04-10 00:00:00",2909438,5211
"2023-04-09 00:00:00",2904227,5510
"2023-04-08 00:00:00",2898717,5632
"2023-04-07 00:00:00",2893085,5533
"2023-04-06 00:00:00",2887552,5220
"2023-04-05 00:00:00",2882332,5317
"2023-04-04 00:00:00",2877015,5021
"2023-04-03 00:00:00",2871994,5262
"2023-04-02 00:00:00",2866732,5344
"2023-04-01 00:00:00",2861388,4992
"2023-03-31 00:00:00",2856396,4708
"2023-03-30 00:00:00",2851688,4604
"2023-03-29 00:00:00",2847084,4466
"2023-03-28 00:00:00",2842618,4540
"2023-03-27 00:00:00",2838078,4823
"2023-03-26 00:00:00",2833255,4561
"2023-03-25 00:00:00",2828694,4779
"2023-03-24 00:00:00",2823915,4659
"2023-03-23 00:00:00",2819256,4647
"2023-03-22 00:00:00",2814609,4850
"2023-03-21 00:00:00",2809759,4850
"2023-03-20 00:00:00",2804909,5130
"2023-03-19 00:00:00",2799779,5220
"2023-03-18 00:00:00",2794559,5119
"2023-03-17 00:00:00",2789440,5049
"2023-03-16 00:00:00",2784391,5123
"2023-03-15 00:00:00",2779268,5267
"2023-03-14 00:00:00",2774001,0
"2023-03-13 00:00:00",2774001,5406
"2023-03-12 00:00:00",2768595,10058
"2023-03-11 00:00:00",2758537,4791
"2023-03-10 00:00:00",2753746,4518
"2023-03-09 00:00:00",2749228,4574
"2023-03-08 00:00:00",2744654,4504
"2023-03-07 00:00:00",2740150,4400
"2023-03-06 00:00:00",2735750,4939
"2023-03-05 00:00:00",2730811,4791
"2023-03-04 00:00:00",2726020,4680
"2023-03-03 00:00:00",2721340,4659
"2023-03-02 00:00:00",2716681,4587
"2023-03-01 00:00:00",2712094,4903
"2023-02-28 00:00:00",2707191,4610
"2023-02-27 00:00:00",2702581,4850
"2023-02-26 00:00:00",2697731,5326
"2023-02-25 00:00:00",2692405,4777
"2023-02-24 00:00:00",2687628,4777
"2023-02-23 00:00:00",2682851,4957
"2023-02-22 00:00:00",2677894,4950
"2023-02-21 00:00:00",2672944,4788
"2023-02-20 00:00:00",2668156,4769
"2023-02-19 00:00:00",2663387,5111
"2023-02-18 00:00:00",2658276,4858
"2023-02-17 00:00:00",2653418,4810
"2023-02-16 00:00:00",2648608,4914
"2023-02-15 00:00:00",2643694,4746
"2023-02-14 00:00:00",2638948,4968
"2023-02-13 00:00:00",2633980,5117
"2023-02-12 00:00:00",2628863,5067
"2023-02-11 00:00:00",2623796,5045
"2023-02-10 00:00:00",2618751,5022
"2023-02-09 00:00:00",2613729,4916
"2023-02-08 00:00:00",2608813,5179
"2023-02-07 00:00:00",2603634,5210
"2023-02-06 00:00:00",2598424,5319
"2023-02-05 00:00:00",2593105,5590
"2023-02-04 00:00:00",2587515,5927
"2023-02-03 00:00:00",2581588,0
"2023-02-02 00:00:00",2581588,12436
"2023-02-01 00:00:00",2569152,5925
"2023-01-31 00:00:00",2563227,5878
"2023-01-30 00:00:00",2557349,6042
"2023-01-29 00:00:00",2551307,5870
"2023-01-28 00:00:00",2545437,0
"2023-01-27 00:00:00",2545437,11939
"2023-01-26 00:00:00",2533498,5795
"2023-01-25 00:00:00",2527703,5907
"2023-01-24 00:00:00",2521796,5875
"2023-01-23 00:00:00",2515921,5861
"2023-01-22 00:00:00",2510060,5904
"2023-01-21 00:00:00",2504156,6129
"2023-01-20 00:00:00",2498027,6139
"2023-01-19 00:00:00",2491888,6347
"2023-01-18 00:00:00",2485541,6414
"2023-01-17 00:00:00",2479127,5933
"2023-01-16 00:00:00",2473194,5668
"2023-01-15 00:00:00",2467526,6533
"2023-01-14 00:00:00",2460993,6203
"2023-01-13 00:00:00",2454790,6393
"2023-01-12 00:00:00",2448397,6210
"2023-01-11 00:00:00",2442187,6440
"2023-01-10 00:00:00",2435747,0
"2023-01-09 00:00:00",2435747,12756
"2023-01-08 00:00:00",2422991,6353
"2023-01-07 00:00:00",2416638,6838
"2023-01-06 00:00:00",2409800,6704
"2023-01-05 00:00:00",2403096,0
"2023-01-04 00:00:00",2403096,13977
"2023-01-03 00:00:00",2389119,0
"2023-01-02 00:00:00",2389119,13068
"2023-01-01 00:00:00",2376051,7297
"2022-12-31 00:00:00",2368754,7604
"2022-12-30 00:00:00",2361150,7689
"2022-12-29 00:00:00",2353461,7643
"2022-12-28 00:00:00",2345818,6759
"2022-12-27 00:00:00",2339059,6470
"2022-12-26 00:00:00",2332589,6930
"2022-12-25 00:00:00",2325659,7483
"2022-12-24 00:00:00",2318176,7660
"2022-12-23 00:00:00",2310516,7444
"2022-12-22 00:00:00",2303072,0
"2022-12-21 00:00:00",2303072,14569
"2022-12-20 00:00:00",2288503,6700
"2022-12-19 00:00:00",2281803,7178
"2022-12-18 00:00:00",2274625,7118
"2022-12-17 00:00:00",2267507,7254
"2022-12-16 00:00:00",2260253,7235
"2022-12-15 00:00:00",2253018,7347
"2022-12-14 00:00:00",2245671,7560
"2022-12-13 00:00:00",2238111,7180
"2022-12-12 00:00:00",2230931,7159
"2022-12-11 00:00:00",2223772,7197
"2022-12-10 00:00:00",2216575,7729
"2022-12-09 00:00:00",2208846,7860
"2022-12-08 00:00:00",2200986,7558
"2022-12-07 00:00:00",2193428,7924
"2022-12-06 00:00:00",2185504,7659
"2022-12-05 00:00:00",2177845,7659
"2022-12-04 00:00:00",2170186,7659
"2022-12-03 00:00:00",2162526,7659
"2022-12-02 00:00:00",2154867,7659
"2022-12-01 00:00:00",2147208,7631
"2022-11-30 00:00:00",2139577,7449
"2022-11-29 00:00:00",2132128,7046
"2022-11-28 00:00:00",2125082,7268
"2022-11-27 00:00:00",2117814,7366
"2022-11-26 00:00:00",2110448,8207
"2022-11-25 00:00:00",2102241,8979
"2022-11-24 00:00:00",2093262,9146
"2022-11-23 00:00:00",2084116,9128
"2022-11-22 00:00:00",2074988,8574
"2022-11-21 00:00:00",2066414,9282
"2022-11-20 00:00:00",2057132,9409
"2022-11-19 00:00:00",2047723,8966
"2022-11-18 00:00:00",2038757,8898
"2022-11-17 00:00:00",2029859,8805
"2022-11-16 00:00:00",2021054,8866
"2022-11-15 00:00:00",2012188,8252
"2022-11-14 00:00:00",2003936,8820
"2022-11-13 00:00:00",1995116,9450
"2022-11-12 00:00:00",1985666,9295
"2022-11-11 00:00:00",1976371,8976
"2022-11-10 00:00:00",1967395,8854
"2022-11-09 00:00:00",1958541,8804
"2022-11-08 00:00:00",1949737,8582
"2022-11-07 00:00:00",1941155,8737
"2022-11-06 00:00:00",1932418,8701
"2022-11-05 00:00:00",1923717,9297
"2022-11-04 00:00:00",1914420,8846
"2022-11-03 00:00:00",1905574,7936
"2022-11-02 00:00:00",1897638,8196
"2022-11-01 00:00:00",1889442,8247
"2022-10-31 00:00:00",1881195,8676
"2022-10-30 00:00:00",1872519,9223
"2022-10-29 00:00:00",1863296,9427
"2022-10-28 00:00:00",1853869,9616
"2022-10-27 00:00:00",1844253,9567
"2022-10-26 00:00:00",1834686,9680
"2022-10-25 00:00:00",1825006,9391
"2022-10-24 00:00:00",1815615,9617
"2022-10-23 00:00:00",1805998,10672
"2022-10-22 00:00:00",1795326,10276
"2022-10-21 00:00:00",1785050,10037
"2022-10-20 00:00:00",1775013,10237
"2022-10-19 00:00:00",1764776,10168
"2022-10-18 00:00:00",1754608,9726
"2022-10-17 00:00:00",1744882,10263
"2022-10-16 00:00:00",1734619,10931
"2022-10-15 00:00:00",1723688,11754
"2022-10-14 00:00:00",1711934,11446
"2022-10-13 00:00:00",1700488,11558
"2022-10-12 00:00:00",1688930,12037
"2022-10-11 00:00:00",1676893,11387
"2022-10-10 00:00:00",1665506,12143
"2022-10-09 00:00:00",1653363,12400
"2022-10-08 00:00:00",1640963,13469
"2022-10-07 00:00:00",1627494,14075
"2022-10-06 00:00:00",1613419,13746
"2022-10-05 00:00:00",1599673,13358
"2022-10-04 00:00:00",1586315,11861
"2022-10-03 00:00:00",1574454,12903
"2022-10-02 00:00:00",1561551,12555
"2022-10-01 00:00:00",1548996,12613
"2022-09-30 00:00:00",1536383,12720
"2022-09-29 00:00:00",1523663,12885
"2022-09-28 00:00:00",1510778,13397
"2022-09-27 00:00:00",1497381,13105
"2022-09-26 00:00:00",1484276,13400
"2022-09-25 00:00:00",1470876,14185
"2022-09-24 00:00:00",1456691,14809
"2022-09-23 00:00:00",1441882,26268
"2022-09-22 00:00:00",1415614,0
"2022-09-21 00:00:00",1415614,13368
"2022-09-20 00:00:00",1402246,13360
"2022-09-19 00:00:00",1388886,13994
"2022-09-18 00:00:00",1374892,14469
"2022-09-17 00:00:00",1360423,14833
"2022-09-16 00:00:00",1345590,15144
"2022-09-15 00:00:00",1330446,15258
"2022-09-14 00:00:00",1315188,15987
"2022-09-13 00:00:00",1299201,15566
"2022-09-12 00:00:00",1283635,16277
"2022-09-11 00:00:00",1267358,16489
"2022-09-10 00:00:00",1250869,16758
"2022-09-09 00:00:00",1234111,17213
"2022-09-08 00:00:00",1216898,35700
"2022-09-07 00:00:00",1181198,0
"2022-09-06 00:00:00",1181198,17766
"2022-09-05 00:00:00",1163432,18676
"2022-09-04 00:00:00",1144756,20430
"2022-09-03 00:00:00",1124326,21256
"2022-09-02 00:00:00",1103070,21723
"2022-09-01 00:00:00",1081347,22686
"2022-08-31 00:00:00",1058661,23703
"2022-08-30 00:00:00",1034958,22900
"2022-08-29 00:00:00",1012058,24690
"2022-08-28 00:00:00",987368,27260
"2022-08-27 00:00:00",960108,29678
"2022-08-26 00:00:00",930430,32019
"2022-08-25 00:00:00",898411,33887
"2022-08-24 00:00:00",864524,35173
"2022-08-23 00:00:00",829351,40657
"2022-08-22 00:00:00",788694,40657
"2022-08-21 00:00:00",748036,40657
"2022-08-20 00:00:00",707379,52605
"2022-08-19 00:00:00",654774,57637
"2022-08-18 00:00:00",597137,66391
"2022-08-17 00:00:00",530746,82237
"2022-08-16 00:00:00",448509,90316
"2022-08-15 00:00:00",358193,130302
"2022-08-14 00:00:00",227891,0