﻿"DateTime","Spotify Streams","Change"
"2023-05-15 00:00:00",3565336,0
"2023-05-14 00:00:00",3565336,18084
"2023-05-13 00:00:00",3547252,9554
"2023-05-12 00:00:00",3537698,9741
"2023-05-11 00:00:00",3527957,0
"2023-05-10 00:00:00",3527957,9741
"2023-05-09 00:00:00",3518216,14845
"2023-05-08 00:00:00",3503372,14845
"2023-05-07 00:00:00",3488527,11378
"2023-05-06 00:00:00",3477149,10618
"2023-05-05 00:00:00",3466531,0
"2023-05-04 00:00:00",3466531,19976
"2023-05-03 00:00:00",3446555,11707
"2023-05-02 00:00:00",3434848,9471
"2023-05-01 00:00:00",3425377,11182
"2023-04-30 00:00:00",3414195,11182
"2023-04-29 00:00:00",3403013,12178
"2023-04-28 00:00:00",3390835,12135
"2023-04-27 00:00:00",3378700,11598
"2023-04-26 00:00:00",3367102,11376
"2023-04-25 00:00:00",3355726,10972
"2023-04-24 00:00:00",3344754,11990
"2023-04-23 00:00:00",3332764,12090
"2023-04-22 00:00:00",3320674,11496
"2023-04-21 00:00:00",3309178,11505
"2023-04-20 00:00:00",3297673,11373
"2023-04-19 00:00:00",3286300,10562
"2023-04-18 00:00:00",3275738,10562
"2023-04-17 00:00:00",3265176,11600
"2023-04-16 00:00:00",3253576,0
"2023-04-15 00:00:00",3253576,24283
"2023-04-14 00:00:00",3229293,10797
"2023-04-13 00:00:00",3218496,11238
"2023-04-12 00:00:00",3207258,10280
"2023-04-11 00:00:00",3196978,9188
"2023-04-10 00:00:00",3187790,10480
"2023-04-09 00:00:00",3177310,0
"2023-04-08 00:00:00",3177310,22159
"2023-04-07 00:00:00",3155151,13430
"2023-04-06 00:00:00",3141721,13670
"2023-04-05 00:00:00",3128051,0
"2023-04-04 00:00:00",3128051,25943
"2023-04-03 00:00:00",3102108,12785
"2023-04-02 00:00:00",3089323,14774
"2023-04-01 00:00:00",3074549,0
"2023-03-31 00:00:00",3074549,14517
"2023-03-30 00:00:00",3060032,25204
"2023-03-29 00:00:00",3034828,11759
"2023-03-28 00:00:00",3023069,9810
"2023-03-27 00:00:00",3013259,0
"2023-03-26 00:00:00",3013259,22790
"2023-03-25 00:00:00",2990469,12714
"2023-03-24 00:00:00",2977755,12418
"2023-03-23 00:00:00",2965337,12844
"2023-03-22 00:00:00",2952493,12877
"2023-03-21 00:00:00",2939616,11045
"2023-03-20 00:00:00",2928571,12287
"2023-03-19 00:00:00",2916284,0
"2023-03-18 00:00:00",2916284,24976
"2023-03-17 00:00:00",2891308,11795
"2023-03-16 00:00:00",2879513,11274
"2023-03-15 00:00:00",2868239,10956
"2023-03-14 00:00:00",2857283,10149
"2023-03-13 00:00:00",2847134,0
"2023-03-12 00:00:00",2847134,23858
"2023-03-11 00:00:00",2823276,0
"2023-03-10 00:00:00",2823276,23904
"2023-03-09 00:00:00",2799372,11565
"2023-03-08 00:00:00",2787807,11054
"2023-03-07 00:00:00",2776753,9943
"2023-03-06 00:00:00",2766810,11031
"2023-03-05 00:00:00",2755779,11952
"2023-03-04 00:00:00",2743827,12963
"2023-03-03 00:00:00",2730864,12973
"2023-03-02 00:00:00",2717891,13074
"2023-03-01 00:00:00",2704817,12282
"2023-02-28 00:00:00",2692535,10705
"2023-02-27 00:00:00",2681830,12014
"2023-02-26 00:00:00",2669816,13283
"2023-02-25 00:00:00",2656533,13507
"2023-02-24 00:00:00",2643026,13761
"2023-02-23 00:00:00",2629265,14114
"2023-02-22 00:00:00",2615151,0
"2023-02-21 00:00:00",2615151,25484
"2023-02-20 00:00:00",2589667,14130
"2023-02-19 00:00:00",2575537,14465
"2023-02-18 00:00:00",2561072,13733
"2023-02-17 00:00:00",2547339,12986
"2023-02-16 00:00:00",2534353,0
"2023-02-15 00:00:00",2534353,25500
"2023-02-14 00:00:00",2508853,12045
"2023-02-13 00:00:00",2496808,12899
"2023-02-12 00:00:00",2483909,13409
"2023-02-11 00:00:00",2470500,13253
"2023-02-10 00:00:00",2457247,12895
"2023-02-09 00:00:00",2444352,12364
"2023-02-08 00:00:00",2431988,12528
"2023-02-07 00:00:00",2419460,0
"2023-02-06 00:00:00",2419460,10977
"2023-02-05 00:00:00",2408483,12032
"2023-02-04 00:00:00",2396451,26859
"2023-02-03 00:00:00",2369592,14578
"2023-02-02 00:00:00",2355014,14713
"2023-02-01 00:00:00",2340301,14522
"2023-01-31 00:00:00",2325779,13444
"2023-01-30 00:00:00",2312335,15138
"2023-01-29 00:00:00",2297197,16959
"2023-01-28 00:00:00",2280238,16776
"2023-01-27 00:00:00",2263462,17659
"2023-01-26 00:00:00",2245803,17538
"2023-01-25 00:00:00",2228265,17136
"2023-01-24 00:00:00",2211129,14794
"2023-01-23 00:00:00",2196335,16539
"2023-01-22 00:00:00",2179796,19284
"2023-01-21 00:00:00",2160512,25253
"2023-01-20 00:00:00",2135259,28172
"2023-01-19 00:00:00",2107087,24290
"2023-01-18 00:00:00",2082797,21161
"2023-01-17 00:00:00",2061636,19661
"2023-01-16 00:00:00",2041975,20928
"2023-01-15 00:00:00",2021047,25305
"2023-01-14 00:00:00",1995742,21973
"2023-01-13 00:00:00",1973769,0
"2023-01-12 00:00:00",1973769,37398
"2023-01-11 00:00:00",1936371,13501
"2023-01-10 00:00:00",1922870,11876
"2023-01-09 00:00:00",1910994,13555
"2023-01-08 00:00:00",1897439,14352
"2023-01-07 00:00:00",1883087,13858
"2023-01-06 00:00:00",1869229,13241
"2023-01-05 00:00:00",1855988,0
"2023-01-04 00:00:00",1855988,24561
"2023-01-03 00:00:00",1831427,11689
"2023-01-02 00:00:00",1819738,13801
"2023-01-01 00:00:00",1805937,14372
"2022-12-31 00:00:00",1791565,14495
"2022-12-30 00:00:00",1777070,14474
"2022-12-29 00:00:00",1762596,0
"2022-12-28 00:00:00",1762596,26252
"2022-12-27 00:00:00",1736344,0
"2022-12-26 00:00:00",1736344,24143
"2022-12-25 00:00:00",1712201,14718
"2022-12-24 00:00:00",1697483,15472
"2022-12-23 00:00:00",1682011,15208
"2022-12-22 00:00:00",1666803,14387
"2022-12-21 00:00:00",1652416,13280
"2022-12-20 00:00:00",1639136,12463
"2022-12-19 00:00:00",1626673,14642
"2022-12-18 00:00:00",1612031,15983
"2022-12-17 00:00:00",1596048,15695
"2022-12-16 00:00:00",1580353,15123
"2022-12-15 00:00:00",1565230,16109
"2022-12-14 00:00:00",1549121,15373
"2022-12-13 00:00:00",1533748,13840
"2022-12-12 00:00:00",1519908,15483
"2022-12-11 00:00:00",1504425,17254
"2022-12-10 00:00:00",1487171,18467
"2022-12-09 00:00:00",1468704,18140
"2022-12-08 00:00:00",1450564,18102
"2022-12-07 00:00:00",1432462,16388
"2022-12-06 00:00:00",1416074,17777
"2022-12-05 00:00:00",1398297,17777
"2022-12-04 00:00:00",1380520,17777
"2022-12-03 00:00:00",1362742,17777
"2022-12-02 00:00:00",1344965,17777
"2022-12-01 00:00:00",1327188,19763
"2022-11-30 00:00:00",1307425,19388
"2022-11-29 00:00:00",1288037,17485
"2022-11-28 00:00:00",1270552,18578
"2022-11-27 00:00:00",1251974,19163
"2022-11-26 00:00:00",1232811,19946
"2022-11-25 00:00:00",1212865,23835
"2022-11-24 00:00:00",1189030,23270
"2022-11-23 00:00:00",1165760,22503
"2022-11-22 00:00:00",1143257,21212
"2022-11-21 00:00:00",1122045,24753
"2022-11-20 00:00:00",1097292,27037
"2022-11-19 00:00:00",1070255,27650
"2022-11-18 00:00:00",1042605,28544
"2022-11-17 00:00:00",1014061,29194
"2022-11-16 00:00:00",984867,28756
"2022-11-15 00:00:00",956111,25792
"2022-11-14 00:00:00",930319,31731
"2022-11-13 00:00:00",898588,35091
"2022-11-12 00:00:00",863497,34651
"2022-11-11 00:00:00",828846,35186
"2022-11-10 00:00:00",793660,37358
"2022-11-09 00:00:00",756302,38050
"2022-11-08 00:00:00",718252,32396
"2022-11-07 00:00:00",685856,38383
"2022-11-06 00:00:00",647473,52370
"2022-11-05 00:00:00",595103,57269
"2022-11-04 00:00:00",537834,70120
"2022-11-03 00:00:00",467714,75854
"2022-11-02 00:00:00",391860,86243
"2022-11-01 00:00:00",305617,77470
"2022-10-31 00:00:00",228147,110478
"2022-10-30 00:00:00",117669,0