﻿"DateTime","Spotify Streams","Change"
"2023-05-15 00:00:00",16277239,29960
"2023-05-14 00:00:00",16247279,0
"2023-05-13 00:00:00",16247279,48592
"2023-05-12 00:00:00",16198688,48592
"2023-05-11 00:00:00",16150096,0
"2023-05-10 00:00:00",16150096,63038
"2023-05-09 00:00:00",16087058,27724
"2023-05-08 00:00:00",16059334,30839
"2023-05-07 00:00:00",16028495,33265
"2023-05-06 00:00:00",15995230,32275
"2023-05-05 00:00:00",15962955,0
"2023-05-04 00:00:00",15962955,64253
"2023-05-03 00:00:00",15898702,31604
"2023-05-02 00:00:00",15867098,30427
"2023-05-01 00:00:00",15836671,30427
"2023-04-30 00:00:00",15806244,35333
"2023-04-29 00:00:00",15770911,34875
"2023-04-28 00:00:00",15736036,35538
"2023-04-27 00:00:00",15700498,35191
"2023-04-26 00:00:00",15665307,33329
"2023-04-25 00:00:00",15631978,30415
"2023-04-24 00:00:00",15601564,30415
"2023-04-23 00:00:00",15571149,34059
"2023-04-22 00:00:00",15537090,33591
"2023-04-21 00:00:00",15503499,33222
"2023-04-20 00:00:00",15470277,33856
"2023-04-19 00:00:00",15436421,33149
"2023-04-18 00:00:00",15403272,0
"2023-04-17 00:00:00",15403272,62497
"2023-04-16 00:00:00",15340775,0
"2023-04-15 00:00:00",15340775,35095
"2023-04-14 00:00:00",15305680,68693
"2023-04-13 00:00:00",15236987,33227
"2023-04-12 00:00:00",15203760,30355
"2023-04-11 00:00:00",15173405,26737
"2023-04-10 00:00:00",15146668,0
"2023-04-09 00:00:00",15146668,30901
"2023-04-08 00:00:00",15115767,32708
"2023-04-07 00:00:00",15083059,68835
"2023-04-06 00:00:00",15014224,33651
"2023-04-05 00:00:00",14980573,32936
"2023-04-04 00:00:00",14947637,29576
"2023-04-03 00:00:00",14918061,32704
"2023-04-02 00:00:00",14885357,35291
"2023-04-01 00:00:00",14850066,35044
"2023-03-31 00:00:00",14815022,34114
"2023-03-30 00:00:00",14780908,34699
"2023-03-29 00:00:00",14746209,33549
"2023-03-28 00:00:00",14712660,30124
"2023-03-27 00:00:00",14682536,33272
"2023-03-26 00:00:00",14649264,0
"2023-03-25 00:00:00",14649264,69541
"2023-03-24 00:00:00",14579723,35621
"2023-03-23 00:00:00",14544102,35427
"2023-03-22 00:00:00",14508675,35034
"2023-03-21 00:00:00",14473641,0
"2023-03-20 00:00:00",14473641,63635
"2023-03-19 00:00:00",14410006,35662
"2023-03-18 00:00:00",14374344,35471
"2023-03-17 00:00:00",14338873,0
"2023-03-16 00:00:00",14338873,34614
"2023-03-15 00:00:00",14304259,69434
"2023-03-14 00:00:00",14234825,0
"2023-03-13 00:00:00",14234825,66950
"2023-03-12 00:00:00",14167875,37367
"2023-03-11 00:00:00",14130508,37022
"2023-03-10 00:00:00",14093486,36501
"2023-03-09 00:00:00",14056985,36113
"2023-03-08 00:00:00",14020872,36037
"2023-03-07 00:00:00",13984835,31771
"2023-03-06 00:00:00",13953064,35626
"2023-03-05 00:00:00",13917438,37940
"2023-03-04 00:00:00",13879498,37943
"2023-03-03 00:00:00",13841555,0
"2023-03-02 00:00:00",13841555,76774
"2023-03-01 00:00:00",13764781,37598
"2023-02-28 00:00:00",13727183,0
"2023-02-27 00:00:00",13727183,67150
"2023-02-26 00:00:00",13660033,37910
"2023-02-25 00:00:00",13622123,38284
"2023-02-24 00:00:00",13583839,38728
"2023-02-23 00:00:00",13545111,40395
"2023-02-22 00:00:00",13504716,37890
"2023-02-21 00:00:00",13466826,34598
"2023-02-20 00:00:00",13432228,0
"2023-02-19 00:00:00",13432228,77372
"2023-02-18 00:00:00",13354856,39012
"2023-02-17 00:00:00",13315844,38610
"2023-02-16 00:00:00",13277234,39912
"2023-02-15 00:00:00",13237322,37170
"2023-02-14 00:00:00",13200152,34485
"2023-02-13 00:00:00",13165667,0
"2023-02-12 00:00:00",13165667,80623
"2023-02-11 00:00:00",13085044,41256
"2023-02-10 00:00:00",13043788,41142
"2023-02-09 00:00:00",13002646,41178
"2023-02-08 00:00:00",12961468,41159
"2023-02-07 00:00:00",12920309,36449
"2023-02-06 00:00:00",12883860,39447
"2023-02-05 00:00:00",12844413,43073
"2023-02-04 00:00:00",12801340,42270
"2023-02-03 00:00:00",12759070,41604
"2023-02-02 00:00:00",12717466,41795
"2023-02-01 00:00:00",12675671,41211
"2023-01-31 00:00:00",12634460,37000
"2023-01-30 00:00:00",12597460,42312
"2023-01-29 00:00:00",12555148,0
"2023-01-28 00:00:00",12555148,89939
"2023-01-27 00:00:00",12465209,46216
"2023-01-26 00:00:00",12418993,48017
"2023-01-25 00:00:00",12370976,0
"2023-01-24 00:00:00",12370976,88477
"2023-01-23 00:00:00",12282499,46481
"2023-01-22 00:00:00",12236018,50660
"2023-01-21 00:00:00",12185358,0
"2023-01-20 00:00:00",12185358,101528
"2023-01-19 00:00:00",12083830,50985
"2023-01-18 00:00:00",12032845,49262
"2023-01-17 00:00:00",11983583,44515
"2023-01-16 00:00:00",11939068,46953
"2023-01-15 00:00:00",11892115,54643
"2023-01-14 00:00:00",11837472,54483
"2023-01-13 00:00:00",11782989,57337
"2023-01-12 00:00:00",11725652,56436
"2023-01-11 00:00:00",11669216,55289
"2023-01-10 00:00:00",11613927,47573
"2023-01-09 00:00:00",11566354,0
"2023-01-08 00:00:00",11566354,107294
"2023-01-07 00:00:00",11459060,55137
"2023-01-06 00:00:00",11403923,55193
"2023-01-05 00:00:00",11348730,53046
"2023-01-04 00:00:00",11295684,50230
"2023-01-03 00:00:00",11245454,46470
"2023-01-02 00:00:00",11198984,53805
"2023-01-01 00:00:00",11145179,53821
"2022-12-31 00:00:00",11091358,56714
"2022-12-30 00:00:00",11034644,55394
"2022-12-29 00:00:00",10979250,54649
"2022-12-28 00:00:00",10924601,50758
"2022-12-27 00:00:00",10873843,43873
"2022-12-26 00:00:00",10829970,51762
"2022-12-25 00:00:00",10778208,56847
"2022-12-24 00:00:00",10721361,58696
"2022-12-23 00:00:00",10662665,58783
"2022-12-22 00:00:00",10603882,58940
"2022-12-21 00:00:00",10544942,57818
"2022-12-20 00:00:00",10487124,51724
"2022-12-19 00:00:00",10435400,59496
"2022-12-18 00:00:00",10375904,62665
"2022-12-17 00:00:00",10313239,63045
"2022-12-16 00:00:00",10250194,60576
"2022-12-15 00:00:00",10189618,62978
"2022-12-14 00:00:00",10126640,61039
"2022-12-13 00:00:00",10065601,0
"2022-12-12 00:00:00",10065601,112393
"2022-12-11 00:00:00",9953208,62305
"2022-12-10 00:00:00",9890903,69111
"2022-12-09 00:00:00",9821792,68818
"2022-12-08 00:00:00",9752974,67662
"2022-12-07 00:00:00",9685312,62288
"2022-12-06 00:00:00",9623024,67958
"2022-12-05 00:00:00",9555066,67958
"2022-12-04 00:00:00",9487109,67958
"2022-12-03 00:00:00",9419151,67958
"2022-12-02 00:00:00",9351194,67958
"2022-12-01 00:00:00",9283236,0
"2022-11-30 00:00:00",9283236,153897
"2022-11-29 00:00:00",9129339,67073
"2022-11-28 00:00:00",9062266,73632
"2022-11-27 00:00:00",8988634,74999
"2022-11-26 00:00:00",8913635,78931
"2022-11-25 00:00:00",8834704,87116
"2022-11-24 00:00:00",8747588,82260
"2022-11-23 00:00:00",8665328,80368
"2022-11-22 00:00:00",8584960,72199
"2022-11-21 00:00:00",8512761,85535
"2022-11-20 00:00:00",8427226,92746
"2022-11-19 00:00:00",8334480,90218
"2022-11-18 00:00:00",8244262,92101
"2022-11-17 00:00:00",8152161,93057
"2022-11-16 00:00:00",8059104,92551
"2022-11-15 00:00:00",7966553,82752
"2022-11-14 00:00:00",7883801,104001
"2022-11-13 00:00:00",7779800,104001
"2022-11-12 00:00:00",7675799,118527
"2022-11-11 00:00:00",7557272,119509
"2022-11-10 00:00:00",7437763,120231
"2022-11-09 00:00:00",7317532,120671
"2022-11-08 00:00:00",7196861,103207
"2022-11-07 00:00:00",7093654,116757
"2022-11-06 00:00:00",6976897,130991
"2022-11-05 00:00:00",6845906,146741
"2022-11-04 00:00:00",6699165,145121
"2022-11-03 00:00:00",6554044,147398
"2022-11-02 00:00:00",6406646,159136
"2022-11-01 00:00:00",6247510,140768
"2022-10-31 00:00:00",6106742,169215
"2022-10-30 00:00:00",5937527,197447
"2022-10-29 00:00:00",5740080,208828
"2022-10-28 00:00:00",5531252,212790
"2022-10-27 00:00:00",5318462,223912
"2022-10-26 00:00:00",5094550,234861
"2022-10-25 00:00:00",4859689,209012
"2022-10-24 00:00:00",4650677,258219
"2022-10-23 00:00:00",4392458,321148
"2022-10-22 00:00:00",4071310,350136
"2022-10-21 00:00:00",3721174,381269
"2022-10-20 00:00:00",3339905,450628
"2022-10-19 00:00:00",2889277,522831
"2022-10-18 00:00:00",2366446,0
"2022-10-17 00:00:00",2366446,1232899
"2022-10-16 00:00:00",1133547,0