﻿"DateTime","Spotify Streams","Change"
"2023-05-01 00:00:00",17514714,36778
"2023-04-30 00:00:00",17477936,20098
"2023-04-29 00:00:00",17457839,20098
"2023-04-28 00:00:00",17437741,19712
"2023-04-27 00:00:00",17418029,0
"2023-04-26 00:00:00",17418029,20302
"2023-04-25 00:00:00",17397727,25820
"2023-04-24 00:00:00",17371907,25820
"2023-04-23 00:00:00",17346087,0
"2023-04-22 00:00:00",17346087,40547
"2023-04-21 00:00:00",17305540,21631
"2023-04-20 00:00:00",17283910,21631
"2023-04-19 00:00:00",17262279,21798
"2023-04-18 00:00:00",17240481,17960
"2023-04-17 00:00:00",17222521,0
"2023-04-16 00:00:00",17222521,39656
"2023-04-15 00:00:00",17182865,18065
"2023-04-14 00:00:00",17164800,16705
"2023-04-13 00:00:00",17148095,16759
"2023-04-12 00:00:00",17131336,15087
"2023-04-11 00:00:00",17116249,12211
"2023-04-10 00:00:00",17104038,13842
"2023-04-09 00:00:00",17090196,15045
"2023-04-08 00:00:00",17075151,17224
"2023-04-07 00:00:00",17057927,16710
"2023-04-06 00:00:00",17041217,16679
"2023-04-05 00:00:00",17024538,15814
"2023-04-04 00:00:00",17008724,13768
"2023-04-03 00:00:00",16994956,14408
"2023-04-02 00:00:00",16980548,16484
"2023-04-01 00:00:00",16964064,16868
"2023-03-31 00:00:00",16947196,16439
"2023-03-30 00:00:00",16930757,16663
"2023-03-29 00:00:00",16914094,16629
"2023-03-28 00:00:00",16897465,13940
"2023-03-27 00:00:00",16883525,14724
"2023-03-26 00:00:00",16868801,0
"2023-03-25 00:00:00",16868801,33671
"2023-03-24 00:00:00",16835130,17497
"2023-03-23 00:00:00",16817633,17539
"2023-03-22 00:00:00",16800094,16699
"2023-03-21 00:00:00",16783395,14085
"2023-03-20 00:00:00",16769310,14813
"2023-03-19 00:00:00",16754497,17084
"2023-03-18 00:00:00",16737413,17546
"2023-03-17 00:00:00",16719867,0
"2023-03-16 00:00:00",16719867,37155
"2023-03-15 00:00:00",16682712,18409
"2023-03-14 00:00:00",16664303,15928
"2023-03-13 00:00:00",16648375,17203
"2023-03-12 00:00:00",16631172,20540
"2023-03-11 00:00:00",16610632,21110
"2023-03-10 00:00:00",16589522,21037
"2023-03-09 00:00:00",16568485,21643
"2023-03-08 00:00:00",16546842,21697
"2023-03-07 00:00:00",16525145,0
"2023-03-06 00:00:00",16525145,38006
"2023-03-05 00:00:00",16487139,24621
"2023-03-04 00:00:00",16462518,24118
"2023-03-03 00:00:00",16438400,23504
"2023-03-02 00:00:00",16414896,0
"2023-03-01 00:00:00",16414896,38281
"2023-02-28 00:00:00",16376615,14908
"2023-02-27 00:00:00",16361707,16078
"2023-02-26 00:00:00",16345629,17950
"2023-02-25 00:00:00",16327679,18412
"2023-02-24 00:00:00",16309267,18405
"2023-02-23 00:00:00",16290862,18668
"2023-02-22 00:00:00",16272194,17772
"2023-02-21 00:00:00",16254422,15416
"2023-02-20 00:00:00",16239006,16890
"2023-02-19 00:00:00",16222116,19382
"2023-02-18 00:00:00",16202734,19777
"2023-02-17 00:00:00",16182957,0
"2023-02-16 00:00:00",16182957,39998
"2023-02-15 00:00:00",16142959,19572
"2023-02-14 00:00:00",16123387,17314
"2023-02-13 00:00:00",16106073,18688
"2023-02-12 00:00:00",16087385,21537
"2023-02-11 00:00:00",16065848,22511
"2023-02-10 00:00:00",16043337,22763
"2023-02-09 00:00:00",16020574,23360
"2023-02-08 00:00:00",15997214,20530
"2023-02-07 00:00:00",15976684,16545
"2023-02-06 00:00:00",15960139,17085
"2023-02-05 00:00:00",15943054,19200
"2023-02-04 00:00:00",15923854,19651
"2023-02-03 00:00:00",15904203,18679
"2023-02-02 00:00:00",15885524,18655
"2023-02-01 00:00:00",15866869,17914
"2023-01-31 00:00:00",15848955,15043
"2023-01-30 00:00:00",15833912,16247
"2023-01-29 00:00:00",15817665,0
"2023-01-28 00:00:00",15817665,18575
"2023-01-27 00:00:00",15799090,38263
"2023-01-26 00:00:00",15760827,0
"2023-01-25 00:00:00",15760827,36873
"2023-01-24 00:00:00",15723954,15597
"2023-01-23 00:00:00",15708357,16640
"2023-01-22 00:00:00",15691717,19160
"2023-01-21 00:00:00",15672557,19276
"2023-01-20 00:00:00",15653281,20251
"2023-01-19 00:00:00",15633030,19855
"2023-01-18 00:00:00",15613175,18632
"2023-01-17 00:00:00",15594543,16039
"2023-01-16 00:00:00",15578504,17015
"2023-01-15 00:00:00",15561489,20444
"2023-01-14 00:00:00",15541045,20980
"2023-01-13 00:00:00",15520065,20725
"2023-01-12 00:00:00",15499340,19700
"2023-01-11 00:00:00",15479640,19159
"2023-01-10 00:00:00",15460481,16512
"2023-01-09 00:00:00",15443969,17810
"2023-01-08 00:00:00",15426159,19474
"2023-01-07 00:00:00",15406685,19362
"2023-01-06 00:00:00",15387323,18980
"2023-01-05 00:00:00",15368343,18998
"2023-01-04 00:00:00",15349345,0
"2023-01-03 00:00:00",15349345,31756
"2023-01-02 00:00:00",15317589,17569
"2023-01-01 00:00:00",15300020,19097
"2022-12-31 00:00:00",15280923,19588
"2022-12-30 00:00:00",15261335,19492
"2022-12-29 00:00:00",15241843,18688
"2022-12-28 00:00:00",15223155,16345
"2022-12-27 00:00:00",15206810,13366
"2022-12-26 00:00:00",15193444,15925
"2022-12-25 00:00:00",15177519,19164
"2022-12-24 00:00:00",15158355,20599
"2022-12-23 00:00:00",15137756,20547
"2022-12-22 00:00:00",15117209,20653
"2022-12-21 00:00:00",15096556,19643
"2022-12-20 00:00:00",15076913,15737
"2022-12-19 00:00:00",15061176,18551
"2022-12-18 00:00:00",15042625,20949
"2022-12-17 00:00:00",15021676,21698
"2022-12-16 00:00:00",14999978,21412
"2022-12-15 00:00:00",14978566,21475
"2022-12-14 00:00:00",14957091,21402
"2022-12-13 00:00:00",14935689,18704
"2022-12-12 00:00:00",14916985,19362
"2022-12-11 00:00:00",14897623,21427
"2022-12-10 00:00:00",14876196,23948
"2022-12-09 00:00:00",14852248,24883
"2022-12-08 00:00:00",14827365,24075
"2022-12-07 00:00:00",14803290,23971
"2022-12-06 00:00:00",14779319,24344
"2022-12-05 00:00:00",14754975,24344
"2022-12-04 00:00:00",14730630,24344
"2022-12-03 00:00:00",14706286,24344
"2022-12-02 00:00:00",14681941,24344
"2022-12-01 00:00:00",14657597,21614
"2022-11-30 00:00:00",14635983,21045
"2022-11-29 00:00:00",14614938,18277
"2022-11-28 00:00:00",14596661,18125
"2022-11-27 00:00:00",14578536,19271
"2022-11-26 00:00:00",14559265,19773
"2022-11-25 00:00:00",14539492,22746
"2022-11-24 00:00:00",14516746,21818
"2022-11-23 00:00:00",14494928,21284
"2022-11-22 00:00:00",14473644,18539
"2022-11-21 00:00:00",14455105,20011
"2022-11-20 00:00:00",14435094,23414
"2022-11-19 00:00:00",14411680,24652
"2022-11-18 00:00:00",14387028,24567
"2022-11-17 00:00:00",14362461,24056
"2022-11-16 00:00:00",14338405,23778
"2022-11-15 00:00:00",14314627,19583
"2022-11-14 00:00:00",14295044,21721
"2022-11-13 00:00:00",14273323,24920
"2022-11-12 00:00:00",14248403,25054
"2022-11-11 00:00:00",14223349,24799
"2022-11-10 00:00:00",14198550,24497
"2022-11-09 00:00:00",14174053,23827
"2022-11-08 00:00:00",14150226,20633
"2022-11-07 00:00:00",14129593,21604
"2022-11-06 00:00:00",14107989,25261
"2022-11-05 00:00:00",14082728,26117
"2022-11-04 00:00:00",14056611,26045
"2022-11-03 00:00:00",14030566,25000
"2022-11-02 00:00:00",14005566,25465
"2022-11-01 00:00:00",13980101,20888
"2022-10-31 00:00:00",13959213,23243
"2022-10-30 00:00:00",13935970,28151
"2022-10-29 00:00:00",13907819,28647
"2022-10-28 00:00:00",13879172,29101
"2022-10-27 00:00:00",13850071,29122
"2022-10-26 00:00:00",13820949,28604
"2022-10-25 00:00:00",13792345,0
"2022-10-24 00:00:00",13792345,50783
"2022-10-23 00:00:00",13741562,30705
"2022-10-22 00:00:00",13710857,30055
"2022-10-21 00:00:00",13680802,29358
"2022-10-20 00:00:00",13651444,29906
"2022-10-19 00:00:00",13621538,28261
"2022-10-18 00:00:00",13593277,24493
"2022-10-17 00:00:00",13568784,27206
"2022-10-16 00:00:00",13541578,30577
"2022-10-15 00:00:00",13511001,31760
"2022-10-14 00:00:00",13479241,31114
"2022-10-13 00:00:00",13448127,30952
"2022-10-12 00:00:00",13417175,30410
"2022-10-11 00:00:00",13386765,25809
"2022-10-10 00:00:00",13360956,28021
"2022-10-09 00:00:00",13332935,32764
"2022-10-08 00:00:00",13300171,37125
"2022-10-07 00:00:00",13263046,39777
"2022-10-06 00:00:00",13223269,40079
"2022-10-05 00:00:00",13183190,35798
"2022-10-04 00:00:00",13147392,27270
"2022-10-03 00:00:00",13120122,29526
"2022-10-02 00:00:00",13090596,33156
"2022-10-01 00:00:00",13057440,34899
"2022-09-30 00:00:00",13022541,34995
"2022-09-29 00:00:00",12987546,34718
"2022-09-28 00:00:00",12952828,33891
"2022-09-27 00:00:00",12918937,28177
"2022-09-26 00:00:00",12890760,31370
"2022-09-25 00:00:00",12859390,36600
"2022-09-24 00:00:00",12822790,36449
"2022-09-23 00:00:00",12786341,38147
"2022-09-22 00:00:00",12748194,38607
"2022-09-21 00:00:00",12709587,36677
"2022-09-20 00:00:00",12672910,31507
"2022-09-19 00:00:00",12641403,33991
"2022-09-18 00:00:00",12607412,38933
"2022-09-17 00:00:00",12568479,41350
"2022-09-16 00:00:00",12527129,40908
"2022-09-15 00:00:00",12486221,41024
"2022-09-14 00:00:00",12445197,42064
"2022-09-13 00:00:00",12403133,32575
"2022-09-12 00:00:00",12370558,35772
"2022-09-11 00:00:00",12334786,40097
"2022-09-10 00:00:00",12294689,41513
"2022-09-09 00:00:00",12253176,39367
"2022-09-08 00:00:00",12213809,78516
"2022-09-07 00:00:00",12135293,0
"2022-09-06 00:00:00",12135293,32386
"2022-09-05 00:00:00",12102907,32877
"2022-09-04 00:00:00",12070030,37823
"2022-09-03 00:00:00",12032207,37774
"2022-09-02 00:00:00",11994433,38092
"2022-09-01 00:00:00",11956341,37927
"2022-08-31 00:00:00",11918414,36885
"2022-08-30 00:00:00",11881529,31810
"2022-08-29 00:00:00",11849719,34669
"2022-08-28 00:00:00",11815050,40043
"2022-08-27 00:00:00",11775007,40895
"2022-08-26 00:00:00",11734112,41658
"2022-08-25 00:00:00",11692454,41275
"2022-08-24 00:00:00",11651179,40168
"2022-08-23 00:00:00",11611011,0
"2022-08-22 00:00:00",11611011,53378
"2022-08-21 00:00:00",11557633,53378
"2022-08-20 00:00:00",11504254,53378
"2022-08-19 00:00:00",11450876,43176
"2022-08-18 00:00:00",11407700,43481
"2022-08-17 00:00:00",11364219,44170
"2022-08-16 00:00:00",11320049,38731
"2022-08-15 00:00:00",11281318,41417
"2022-08-14 00:00:00",11239901,46423
"2022-08-13 00:00:00",11193478,46587
"2022-08-12 00:00:00",11146891,47614
"2022-08-11 00:00:00",11099277,47917
"2022-08-10 00:00:00",11051360,47699
"2022-08-09 00:00:00",11003661,43103
"2022-08-08 00:00:00",10960558,46098
"2022-08-07 00:00:00",10914460,51154
"2022-08-06 00:00:00",10863306,53023
"2022-08-05 00:00:00",10810283,53804
"2022-08-04 00:00:00",10756479,55784
"2022-08-03 00:00:00",10700695,54957
"2022-08-02 00:00:00",10645738,47723
"2022-08-01 00:00:00",10598015,52434
"2022-07-31 00:00:00",10545581,60043
"2022-07-30 00:00:00",10485538,61180
"2022-07-29 00:00:00",10424358,61831
"2022-07-28 00:00:00",10362527,60870
"2022-07-27 00:00:00",10301657,58699
"2022-07-26 00:00:00",10242958,50861
"2022-07-25 00:00:00",10192097,54892
"2022-07-24 00:00:00",10137205,63028
"2022-07-23 00:00:00",10074177,64206
"2022-07-22 00:00:00",10009971,65315
"2022-07-21 00:00:00",9944656,64842
"2022-07-20 00:00:00",9879814,65463
"2022-07-19 00:00:00",9814351,58187
"2022-07-18 00:00:00",9756164,63335
"2022-07-17 00:00:00",9692829,71704
"2022-07-16 00:00:00",9621125,73082
"2022-07-15 00:00:00",9548043,74884
"2022-07-14 00:00:00",9473159,76791
"2022-07-13 00:00:00",9396368,78984
"2022-07-12 00:00:00",9317384,70157
"2022-07-11 00:00:00",9247227,75709
"2022-07-10 00:00:00",9171518,86213
"2022-07-09 00:00:00",9085305,91597
"2022-07-08 00:00:00",8993708,92213
"2022-07-07 00:00:00",8901495,92055
"2022-07-06 00:00:00",8809440,86551
"2022-07-05 00:00:00",8722889,80868
"2022-07-04 00:00:00",8642021,90098
"2022-07-03 00:00:00",8551923,104782
"2022-07-02 00:00:00",8447141,109657
"2022-07-01 00:00:00",8337484,113554
"2022-06-30 00:00:00",8223930,121219
"2022-06-29 00:00:00",8102711,122519
"2022-06-28 00:00:00",7980192,105788
"2022-06-27 00:00:00",7874404,114985
"2022-06-26 00:00:00",7759419,132946
"2022-06-25 00:00:00",7626473,142801
"2022-06-24 00:00:00",7483672,150920
"2022-06-23 00:00:00",7332752,160034
"2022-06-22 00:00:00",7172718,171160
"2022-06-21 00:00:00",7001558,152579
"2022-06-20 00:00:00",6848979,174009
"2022-06-19 00:00:00",6674970,207743
"2022-06-18 00:00:00",6467227,203445
"2022-06-17 00:00:00",6263782,213169
"2022-06-16 00:00:00",6050613,228176
"2022-06-15 00:00:00",5822437,242731
"2022-06-14 00:00:00",5579706,216333
"2022-06-13 00:00:00",5363373,263471
"2022-06-12 00:00:00",5099902,337317
"2022-06-11 00:00:00",4762585,382439
"2022-06-10 00:00:00",4380146,554474
"2022-06-09 00:00:00",3825672,462813
"2022-06-08 00:00:00",3362859,617731
"2022-06-07 00:00:00",2745128,605401
"2022-06-06 00:00:00",2139727,879924
"2022-06-05 00:00:00",1259803,1232669
"2022-06-04 00:00:00",27134,0