﻿"DateTime","Spotify Streams","Change"
"2023-05-14 00:00:00",176195,629
"2023-05-13 00:00:00",175566,644
"2023-05-12 00:00:00",174922,679
"2023-05-11 00:00:00",174243,735
"2023-05-10 00:00:00",173508,809
"2023-05-09 00:00:00",172699,426
"2023-05-08 00:00:00",172273,480
"2023-05-07 00:00:00",171793,638
"2023-05-06 00:00:00",171155,681
"2023-05-05 00:00:00",170474,653
"2023-05-04 00:00:00",169821,707
"2023-05-03 00:00:00",169114,718
"2023-05-02 00:00:00",168396,465
"2023-05-01 00:00:00",167931,420
"2023-04-30 00:00:00",167511,457
"2023-04-29 00:00:00",167054,491
"2023-04-28 00:00:00",166563,527
"2023-04-27 00:00:00",166036,577
"2023-04-26 00:00:00",165459,517
"2023-04-25 00:00:00",164942,439
"2023-04-24 00:00:00",164503,457
"2023-04-23 00:00:00",164046,485
"2023-04-22 00:00:00",163561,547
"2023-04-21 00:00:00",163014,552
"2023-04-20 00:00:00",162462,623
"2023-04-19 00:00:00",161839,750
"2023-04-18 00:00:00",161089,443
"2023-04-17 00:00:00",160646,472
"2023-04-16 00:00:00",160174,527
"2023-04-15 00:00:00",159647,593
"2023-04-14 00:00:00",159054,531
"2023-04-13 00:00:00",158523,558
"2023-04-12 00:00:00",157965,530
"2023-04-11 00:00:00",157435,440
"2023-04-10 00:00:00",156995,468
"2023-04-09 00:00:00",156527,575
"2023-04-08 00:00:00",155952,640
"2023-04-07 00:00:00",155312,619
"2023-04-06 00:00:00",154693,559
"2023-04-05 00:00:00",154134,516
"2023-04-04 00:00:00",153618,498
"2023-04-03 00:00:00",153120,557
"2023-04-02 00:00:00",152563,508
"2023-04-01 00:00:00",152055,720
"2023-03-31 00:00:00",151335,571
"2023-03-30 00:00:00",150764,628
"2023-03-29 00:00:00",150136,602
"2023-03-28 00:00:00",149534,528
"2023-03-27 00:00:00",149006,575
"2023-03-26 00:00:00",148431,629
"2023-03-25 00:00:00",147802,677
"2023-03-24 00:00:00",147125,690
"2023-03-23 00:00:00",146435,829
"2023-03-22 00:00:00",145606,890
"2023-03-21 00:00:00",144716,503
"2023-03-20 00:00:00",144213,586
"2023-03-19 00:00:00",143627,653
"2023-03-18 00:00:00",142974,655
"2023-03-17 00:00:00",142319,742
"2023-03-16 00:00:00",141577,798
"2023-03-15 00:00:00",140779,875
"2023-03-14 00:00:00",139904,645
"2023-03-13 00:00:00",139259,673
"2023-03-12 00:00:00",138586,736
"2023-03-11 00:00:00",137850,824
"2023-03-10 00:00:00",137026,807
"2023-03-09 00:00:00",136219,837
"2023-03-08 00:00:00",135382,839
"2023-03-07 00:00:00",134543,584
"2023-03-06 00:00:00",133959,560
"2023-03-05 00:00:00",133399,781
"2023-03-04 00:00:00",132618,726
"2023-03-03 00:00:00",131892,676
"2023-03-02 00:00:00",131216,870
"2023-03-01 00:00:00",130346,776
"2023-02-28 00:00:00",129570,594
"2023-02-27 00:00:00",128976,721
"2023-02-26 00:00:00",128255,934
"2023-02-25 00:00:00",127321,1121
"2023-02-24 00:00:00",126200,1341
"2023-02-23 00:00:00",124859,1495
"2023-02-22 00:00:00",123364,664
"2023-02-21 00:00:00",122700,455
"2023-02-20 00:00:00",122245,449
"2023-02-19 00:00:00",121796,460
"2023-02-18 00:00:00",121336,477
"2023-02-17 00:00:00",120859,494
"2023-02-16 00:00:00",120365,529
"2023-02-15 00:00:00",119836,414
"2023-02-14 00:00:00",119422,337
"2023-02-13 00:00:00",119085,366
"2023-02-12 00:00:00",118719,465
"2023-02-11 00:00:00",118254,525
"2023-02-10 00:00:00",117729,418
"2023-02-09 00:00:00",117311,477
"2023-02-08 00:00:00",116834,450
"2023-02-07 00:00:00",116384,477
"2023-02-06 00:00:00",115907,369
"2023-02-05 00:00:00",115538,468
"2023-02-04 00:00:00",115070,506
"2023-02-03 00:00:00",114564,520
"2023-02-02 00:00:00",114044,504
"2023-02-01 00:00:00",113540,466
"2023-01-31 00:00:00",113074,406
"2023-01-30 00:00:00",112668,459
"2023-01-29 00:00:00",112209,572
"2023-01-28 00:00:00",111638,572
"2023-01-27 00:00:00",111066,632
"2023-01-26 00:00:00",110434,596
"2023-01-25 00:00:00",109838,677
"2023-01-24 00:00:00",109161,722
"2023-01-23 00:00:00",108439,748
"2023-01-22 00:00:00",107691,920
"2023-01-21 00:00:00",106771,1056
"2023-01-20 00:00:00",105715,1107
"2023-01-19 00:00:00",104608,1316
"2023-01-18 00:00:00",103292,1327
"2023-01-17 00:00:00",101965,460
"2023-01-16 00:00:00",101505,350
"2023-01-15 00:00:00",101155,476
"2023-01-14 00:00:00",100679,430
"2023-01-13 00:00:00",100249,453
"2023-01-12 00:00:00",99796,525
"2023-01-11 00:00:00",99271,518
"2023-01-10 00:00:00",98753,423
"2023-01-09 00:00:00",98330,459
"2023-01-08 00:00:00",97871,497
"2023-01-07 00:00:00",97374,465
"2023-01-06 00:00:00",96909,469
"2023-01-05 00:00:00",96440,492
"2023-01-04 00:00:00",95948,432
"2023-01-03 00:00:00",95516,383
"2023-01-02 00:00:00",95133,369
"2023-01-01 00:00:00",94764,450
"2022-12-31 00:00:00",94314,548
"2022-12-30 00:00:00",93766,490
"2022-12-29 00:00:00",93276,425
"2022-12-28 00:00:00",92851,403
"2022-12-27 00:00:00",92448,296
"2022-12-26 00:00:00",92152,487
"2022-12-25 00:00:00",91665,524
"2022-12-24 00:00:00",91141,459
"2022-12-23 00:00:00",90682,453
"2022-12-22 00:00:00",90229,483
"2022-12-21 00:00:00",89746,449
"2022-12-20 00:00:00",89297,376
"2022-12-19 00:00:00",88921,427
"2022-12-18 00:00:00",88494,439
"2022-12-17 00:00:00",88055,436
"2022-12-16 00:00:00",87619,481
"2022-12-15 00:00:00",87138,474
"2022-12-14 00:00:00",86664,412
"2022-12-13 00:00:00",86252,339
"2022-12-12 00:00:00",85913,322
"2022-12-11 00:00:00",85591,409
"2022-12-10 00:00:00",85182,397
"2022-12-09 00:00:00",84785,451
"2022-12-08 00:00:00",84334,488
"2022-12-07 00:00:00",83846,496
"2022-12-06 00:00:00",83350,468
"2022-12-05 00:00:00",82882,468
"2022-12-04 00:00:00",82415,468
"2022-12-03 00:00:00",81947,468
"2022-12-02 00:00:00",81479,468
"2022-12-01 00:00:00",81012,468
"2022-11-30 00:00:00",80544,464
"2022-11-29 00:00:00",80080,379
"2022-11-28 00:00:00",79701,365
"2022-11-27 00:00:00",79336,421
"2022-11-26 00:00:00",78915,427
"2022-11-25 00:00:00",78488,518
"2022-11-24 00:00:00",77970,500
"2022-11-23 00:00:00",77470,547
"2022-11-22 00:00:00",76923,443
"2022-11-21 00:00:00",76480,494
"2022-11-20 00:00:00",75986,514
"2022-11-19 00:00:00",75472,514
"2022-11-18 00:00:00",74958,565
"2022-11-17 00:00:00",74393,568
"2022-11-16 00:00:00",73825,505
"2022-11-15 00:00:00",73320,447
"2022-11-14 00:00:00",72873,467
"2022-11-13 00:00:00",72406,542
"2022-11-12 00:00:00",71864,604
"2022-11-11 00:00:00",71260,621
"2022-11-10 00:00:00",70639,744
"2022-11-09 00:00:00",69895,637
"2022-11-08 00:00:00",69258,431
"2022-11-07 00:00:00",68827,420
"2022-11-06 00:00:00",68407,505
"2022-11-05 00:00:00",67902,574
"2022-11-04 00:00:00",67328,519
"2022-11-03 00:00:00",66809,455
"2022-11-02 00:00:00",66354,467
"2022-11-01 00:00:00",65887,573
"2022-10-31 00:00:00",65314,421
"2022-10-30 00:00:00",64893,490
"2022-10-29 00:00:00",64403,506
"2022-10-28 00:00:00",63897,505
"2022-10-27 00:00:00",63392,553
"2022-10-26 00:00:00",62839,627
"2022-10-25 00:00:00",62212,486
"2022-10-24 00:00:00",61726,505
"2022-10-23 00:00:00",61221,602
"2022-10-22 00:00:00",60619,703
"2022-10-21 00:00:00",59916,662
"2022-10-20 00:00:00",59254,694
"2022-10-19 00:00:00",58560,683
"2022-10-18 00:00:00",57877,556
"2022-10-17 00:00:00",57321,677
"2022-10-16 00:00:00",56644,691
"2022-10-15 00:00:00",55953,714
"2022-10-14 00:00:00",55239,664
"2022-10-13 00:00:00",54575,660
"2022-10-12 00:00:00",53915,643
"2022-10-11 00:00:00",53272,616
"2022-10-10 00:00:00",52656,583
"2022-10-09 00:00:00",52073,708
"2022-10-08 00:00:00",51365,726
"2022-10-07 00:00:00",50639,810
"2022-10-06 00:00:00",49829,929
"2022-10-05 00:00:00",48900,784
"2022-10-04 00:00:00",48116,637
"2022-10-03 00:00:00",47479,636
"2022-10-02 00:00:00",46843,724
"2022-10-01 00:00:00",46119,825
"2022-09-30 00:00:00",45294,701
"2022-09-29 00:00:00",44593,736
"2022-09-28 00:00:00",43857,599
"2022-09-27 00:00:00",43258,545
"2022-09-26 00:00:00",42713,690
"2022-09-25 00:00:00",42023,726
"2022-09-24 00:00:00",41297,828
"2022-09-23 00:00:00",40469,769
"2022-09-22 00:00:00",39700,737
"2022-09-21 00:00:00",38963,774
"2022-09-20 00:00:00",38189,645
"2022-09-19 00:00:00",37544,690
"2022-09-18 00:00:00",36854,591
"2022-09-17 00:00:00",36263,474
"2022-09-16 00:00:00",35789,584
"2022-09-15 00:00:00",35205,519
"2022-09-14 00:00:00",34686,630
"2022-09-13 00:00:00",34056,501
"2022-09-12 00:00:00",33555,501
"2022-09-11 00:00:00",33054,679
"2022-09-10 00:00:00",32375,610
"2022-09-09 00:00:00",31765,796
"2022-09-08 00:00:00",30969,1588
"2022-09-07 00:00:00",29381,0
"2022-09-06 00:00:00",29381,663
"2022-09-05 00:00:00",28718,642
"2022-09-04 00:00:00",28076,924
"2022-09-03 00:00:00",27152,938
"2022-09-02 00:00:00",26214,726
"2022-09-01 00:00:00",25488,750
"2022-08-31 00:00:00",24738,748
"2022-08-30 00:00:00",23990,592
"2022-08-29 00:00:00",23398,613
"2022-08-28 00:00:00",22785,894
"2022-08-27 00:00:00",21891,734
"2022-08-26 00:00:00",21157,742
"2022-08-25 00:00:00",20415,752
"2022-08-24 00:00:00",19663,918
"2022-08-23 00:00:00",18745,796
"2022-08-22 00:00:00",17949,837
"2022-08-21 00:00:00",17112,1127
"2022-08-20 00:00:00",15985,1394
"2022-08-19 00:00:00",14591,1556
"2022-08-18 00:00:00",13035,1585
"2022-08-17 00:00:00",11450,0