﻿"DateTime","Spotify Streams","Change"
"2023-05-14 00:00:00",3561291,0
"2023-05-13 00:00:00",3561291,18383
"2023-05-12 00:00:00",3542908,9403
"2023-05-11 00:00:00",3533505,9081
"2023-05-10 00:00:00",3524424,8857
"2023-05-09 00:00:00",3515567,7558
"2023-05-08 00:00:00",3508009,8953
"2023-05-07 00:00:00",3499056,8953
"2023-05-06 00:00:00",3490103,12804
"2023-05-05 00:00:00",3477299,11545
"2023-05-04 00:00:00",3465754,0
"2023-05-03 00:00:00",3465754,15448
"2023-05-02 00:00:00",3450306,15448
"2023-05-01 00:00:00",3434858,9720
"2023-04-30 00:00:00",3425138,10670
"2023-04-29 00:00:00",3414468,9948
"2023-04-28 00:00:00",3404520,0
"2023-04-27 00:00:00",3404520,20294
"2023-04-26 00:00:00",3384226,9790
"2023-04-25 00:00:00",3374436,0
"2023-04-24 00:00:00",3374436,16077
"2023-04-23 00:00:00",3358359,0
"2023-04-22 00:00:00",3358359,19109
"2023-04-21 00:00:00",3339250,9319
"2023-04-20 00:00:00",3329931,9268
"2023-04-19 00:00:00",3320663,9540
"2023-04-18 00:00:00",3311123,0
"2023-04-17 00:00:00",3311123,17128
"2023-04-16 00:00:00",3293995,9745
"2023-04-15 00:00:00",3284250,9613
"2023-04-14 00:00:00",3274637,9446
"2023-04-13 00:00:00",3265191,10050
"2023-04-12 00:00:00",3255141,9097
"2023-04-11 00:00:00",3246044,7789
"2023-04-10 00:00:00",3238255,8632
"2023-04-09 00:00:00",3229623,9413
"2023-04-08 00:00:00",3220210,10329
"2023-04-07 00:00:00",3209881,10304
"2023-04-06 00:00:00",3199577,10311
"2023-04-05 00:00:00",3189266,0
"2023-04-04 00:00:00",3189266,17985
"2023-04-03 00:00:00",3171281,8701
"2023-04-02 00:00:00",3162580,9664
"2023-04-01 00:00:00",3152916,10105
"2023-03-31 00:00:00",3142811,10237
"2023-03-30 00:00:00",3132574,10272
"2023-03-29 00:00:00",3122302,10469
"2023-03-28 00:00:00",3111833,9054
"2023-03-27 00:00:00",3102779,9081
"2023-03-26 00:00:00",3093698,10244
"2023-03-25 00:00:00",3083454,10370
"2023-03-24 00:00:00",3073084,0
"2023-03-23 00:00:00",3073084,21802
"2023-03-22 00:00:00",3051282,11303
"2023-03-21 00:00:00",3039979,9610
"2023-03-20 00:00:00",3030369,10531
"2023-03-19 00:00:00",3019838,11665
"2023-03-18 00:00:00",3008173,0
"2023-03-17 00:00:00",3008173,23899
"2023-03-16 00:00:00",2984274,11714
"2023-03-15 00:00:00",2972560,0
"2023-03-14 00:00:00",2972560,23562
"2023-03-13 00:00:00",2948998,11524
"2023-03-12 00:00:00",2937474,12741
"2023-03-11 00:00:00",2924733,13192
"2023-03-10 00:00:00",2911541,13249
"2023-03-09 00:00:00",2898292,13521
"2023-03-08 00:00:00",2884771,13999
"2023-03-07 00:00:00",2870772,11513
"2023-03-06 00:00:00",2859259,11525
"2023-03-05 00:00:00",2847734,12830
"2023-03-04 00:00:00",2834904,12030
"2023-03-03 00:00:00",2822874,11371
"2023-03-02 00:00:00",2811503,11916
"2023-03-01 00:00:00",2799587,11967
"2023-02-28 00:00:00",2787620,9766
"2023-02-27 00:00:00",2777854,9963
"2023-02-26 00:00:00",2767891,10860
"2023-02-25 00:00:00",2757031,13450
"2023-02-24 00:00:00",2743581,13716
"2023-02-23 00:00:00",2729865,13850
"2023-02-22 00:00:00",2716015,11248
"2023-02-21 00:00:00",2704767,10478
"2023-02-20 00:00:00",2694289,10723
"2023-02-19 00:00:00",2683566,12327
"2023-02-18 00:00:00",2671239,0
"2023-02-17 00:00:00",2671239,24739
"2023-02-16 00:00:00",2646500,12031
"2023-02-15 00:00:00",2634469,12074
"2023-02-14 00:00:00",2622395,0
"2023-02-13 00:00:00",2622395,20764
"2023-02-12 00:00:00",2601631,12961
"2023-02-11 00:00:00",2588670,13347
"2023-02-10 00:00:00",2575323,12839
"2023-02-09 00:00:00",2562484,13306
"2023-02-08 00:00:00",2549178,13581
"2023-02-07 00:00:00",2535597,0
"2023-02-06 00:00:00",2535597,21238
"2023-02-05 00:00:00",2514359,12627
"2023-02-04 00:00:00",2501732,12655
"2023-02-03 00:00:00",2489077,12911
"2023-02-02 00:00:00",2476166,12706
"2023-02-01 00:00:00",2463460,12916
"2023-01-31 00:00:00",2450544,10583
"2023-01-30 00:00:00",2439961,10488
"2023-01-29 00:00:00",2429473,13140
"2023-01-28 00:00:00",2416333,13140
"2023-01-27 00:00:00",2403193,13819
"2023-01-26 00:00:00",2389374,14141
"2023-01-25 00:00:00",2375233,13643
"2023-01-24 00:00:00",2361590,11243
"2023-01-23 00:00:00",2350347,11000
"2023-01-22 00:00:00",2339347,0
"2023-01-21 00:00:00",2339347,25876
"2023-01-20 00:00:00",2313471,12939
"2023-01-19 00:00:00",2300532,13369
"2023-01-18 00:00:00",2287163,11185
"2023-01-17 00:00:00",2275978,10853
"2023-01-16 00:00:00",2265125,10310
"2023-01-15 00:00:00",2254815,13110
"2023-01-14 00:00:00",2241705,13052
"2023-01-13 00:00:00",2228653,12871
"2023-01-12 00:00:00",2215782,13145
"2023-01-11 00:00:00",2202637,13126
"2023-01-10 00:00:00",2189511,10550
"2023-01-09 00:00:00",2178961,10625
"2023-01-08 00:00:00",2168336,12082
"2023-01-07 00:00:00",2156254,11845
"2023-01-06 00:00:00",2144409,11907
"2023-01-05 00:00:00",2132502,11814
"2023-01-04 00:00:00",2120688,10442
"2023-01-03 00:00:00",2110246,9281
"2023-01-02 00:00:00",2100965,10196
"2023-01-01 00:00:00",2090769,10758
"2022-12-31 00:00:00",2080011,10189
"2022-12-30 00:00:00",2069822,0
"2022-12-29 00:00:00",2069822,21289
"2022-12-28 00:00:00",2048533,10236
"2022-12-27 00:00:00",2038297,9315
"2022-12-26 00:00:00",2028982,10038
"2022-12-25 00:00:00",2018944,10531
"2022-12-24 00:00:00",2008413,10865
"2022-12-23 00:00:00",1997548,11130
"2022-12-22 00:00:00",1986418,10922
"2022-12-21 00:00:00",1975496,10717
"2022-12-20 00:00:00",1964779,9307
"2022-12-19 00:00:00",1955472,10492
"2022-12-18 00:00:00",1944980,11780
"2022-12-17 00:00:00",1933200,12366
"2022-12-16 00:00:00",1920834,12366
"2022-12-15 00:00:00",1908468,12480
"2022-12-14 00:00:00",1895988,12211
"2022-12-13 00:00:00",1883777,10013
"2022-12-12 00:00:00",1873764,10218
"2022-12-11 00:00:00",1863546,12587
"2022-12-10 00:00:00",1850959,13556
"2022-12-09 00:00:00",1837403,13727
"2022-12-08 00:00:00",1823676,12831
"2022-12-07 00:00:00",1810845,13015
"2022-12-06 00:00:00",1797830,12146
"2022-12-05 00:00:00",1785684,12146
"2022-12-04 00:00:00",1773538,12146
"2022-12-03 00:00:00",1761393,12146
"2022-12-02 00:00:00",1749247,12146
"2022-12-01 00:00:00",1737101,13169
"2022-11-30 00:00:00",1723932,13625
"2022-11-29 00:00:00",1710307,11036
"2022-11-28 00:00:00",1699271,11142
"2022-11-27 00:00:00",1688129,11780
"2022-11-26 00:00:00",1676349,12156
"2022-11-25 00:00:00",1664193,13203
"2022-11-24 00:00:00",1650990,13775
"2022-11-23 00:00:00",1637215,15309
"2022-11-22 00:00:00",1621906,14682
"2022-11-21 00:00:00",1607224,18152
"2022-11-20 00:00:00",1589072,26913
"2022-11-19 00:00:00",1562159,10624
"2022-11-18 00:00:00",1551535,9916
"2022-11-17 00:00:00",1541619,9360
"2022-11-16 00:00:00",1532259,9101
"2022-11-15 00:00:00",1523158,7465
"2022-11-14 00:00:00",1515693,7921
"2022-11-13 00:00:00",1507772,8225
"2022-11-12 00:00:00",1499547,9408
"2022-11-11 00:00:00",1490139,9401
"2022-11-10 00:00:00",1480738,8897
"2022-11-09 00:00:00",1471841,9483
"2022-11-08 00:00:00",1462358,7680
"2022-11-07 00:00:00",1454678,8048
"2022-11-06 00:00:00",1446630,8873
"2022-11-05 00:00:00",1437757,10295
"2022-11-04 00:00:00",1427462,9478
"2022-11-03 00:00:00",1417984,8780
"2022-11-02 00:00:00",1409204,9447
"2022-11-01 00:00:00",1399757,8429
"2022-10-31 00:00:00",1391328,8629
"2022-10-30 00:00:00",1382699,9957
"2022-10-29 00:00:00",1372742,11120
"2022-10-28 00:00:00",1361622,11520
"2022-10-27 00:00:00",1350102,11388
"2022-10-26 00:00:00",1338714,11121
"2022-10-25 00:00:00",1327593,9061
"2022-10-24 00:00:00",1318532,9699
"2022-10-23 00:00:00",1308833,11334
"2022-10-22 00:00:00",1297499,11095
"2022-10-21 00:00:00",1286404,11011
"2022-10-20 00:00:00",1275393,10759
"2022-10-19 00:00:00",1264634,11082
"2022-10-18 00:00:00",1253552,9550
"2022-10-17 00:00:00",1244002,9995
"2022-10-16 00:00:00",1234007,11853
"2022-10-15 00:00:00",1222154,12977
"2022-10-14 00:00:00",1209177,12434
"2022-10-13 00:00:00",1196743,12284
"2022-10-12 00:00:00",1184459,11963
"2022-10-11 00:00:00",1172496,10953
"2022-10-10 00:00:00",1161543,11391
"2022-10-09 00:00:00",1150152,12401
"2022-10-08 00:00:00",1137751,13964
"2022-10-07 00:00:00",1123787,11991
"2022-10-06 00:00:00",1111796,11960
"2022-10-05 00:00:00",1099836,12438
"2022-10-04 00:00:00",1087398,10035
"2022-10-03 00:00:00",1077363,10371
"2022-10-02 00:00:00",1066992,11707
"2022-10-01 00:00:00",1055285,12327
"2022-09-30 00:00:00",1042958,11590
"2022-09-29 00:00:00",1031368,11575
"2022-09-28 00:00:00",1019793,12074
"2022-09-27 00:00:00",1007719,10073
"2022-09-26 00:00:00",997646,9990
"2022-09-25 00:00:00",987656,12073
"2022-09-24 00:00:00",975583,13591
"2022-09-23 00:00:00",961992,13613
"2022-09-22 00:00:00",948379,13230
"2022-09-21 00:00:00",935149,13355
"2022-09-20 00:00:00",921794,10962
"2022-09-19 00:00:00",910832,11121
"2022-09-18 00:00:00",899711,13172
"2022-09-17 00:00:00",886539,13593
"2022-09-16 00:00:00",872946,13500
"2022-09-15 00:00:00",859446,13500
"2022-09-14 00:00:00",845946,14457
"2022-09-13 00:00:00",831489,11221
"2022-09-12 00:00:00",820268,11451
"2022-09-11 00:00:00",808817,12693
"2022-09-10 00:00:00",796124,14217
"2022-09-09 00:00:00",781907,14502
"2022-09-08 00:00:00",767405,28087
"2022-09-07 00:00:00",739318,0
"2022-09-06 00:00:00",739318,12497
"2022-09-05 00:00:00",726821,13158
"2022-09-04 00:00:00",713663,14907
"2022-09-03 00:00:00",698756,16619
"2022-09-02 00:00:00",682137,16526
"2022-09-01 00:00:00",665611,17014
"2022-08-31 00:00:00",648597,17681
"2022-08-30 00:00:00",630916,14893
"2022-08-29 00:00:00",616023,16431
"2022-08-28 00:00:00",599592,19635
"2022-08-27 00:00:00",579957,19635
"2022-08-26 00:00:00",560322,22051
"2022-08-25 00:00:00",538271,23445
"2022-08-24 00:00:00",514826,24533
"2022-08-23 00:00:00",490293,22289
"2022-08-22 00:00:00",468004,25153
"2022-08-21 00:00:00",442851,30669
"2022-08-20 00:00:00",412182,35113
"2022-08-19 00:00:00",377069,40024
"2022-08-18 00:00:00",337045,46017
"2022-08-17 00:00:00",291028,0