﻿"DateTime","Spotify Streams","Change"
"2023-05-14 00:00:00",10007029,0
"2023-05-13 00:00:00",10007029,53164
"2023-05-12 00:00:00",9953865,27247
"2023-05-11 00:00:00",9926618,31575
"2023-05-10 00:00:00",9895043,28280
"2023-05-09 00:00:00",9866763,28280
"2023-05-08 00:00:00",9838483,0
"2023-05-07 00:00:00",9838483,56628
"2023-05-06 00:00:00",9781855,29068
"2023-05-05 00:00:00",9752788,29068
"2023-05-04 00:00:00",9723720,27225
"2023-05-03 00:00:00",9696495,26968
"2023-05-02 00:00:00",9669527,24268
"2023-05-01 00:00:00",9645259,26187
"2023-04-30 00:00:00",9619072,28106
"2023-04-29 00:00:00",9590966,28106
"2023-04-28 00:00:00",9562860,0
"2023-04-27 00:00:00",9562860,59420
"2023-04-26 00:00:00",9503440,14435
"2023-04-25 00:00:00",9489005,14435
"2023-04-24 00:00:00",9474570,42430
"2023-04-23 00:00:00",9432141,42430
"2023-04-22 00:00:00",9389711,29072
"2023-04-21 00:00:00",9360639,0
"2023-04-20 00:00:00",9360639,58071
"2023-04-19 00:00:00",9302568,30982
"2023-04-18 00:00:00",9271586,29298
"2023-04-17 00:00:00",9242288,30042
"2023-04-16 00:00:00",9212246,32724
"2023-04-15 00:00:00",9179522,0
"2023-04-14 00:00:00",9179522,35238
"2023-04-13 00:00:00",9144284,74567
"2023-04-12 00:00:00",9069717,36397
"2023-04-11 00:00:00",9033320,31618
"2023-04-10 00:00:00",9001702,35280
"2023-04-09 00:00:00",8966422,35828
"2023-04-08 00:00:00",8930594,35176
"2023-04-07 00:00:00",8895418,38745
"2023-04-06 00:00:00",8856673,0
"2023-04-05 00:00:00",8856673,87451
"2023-04-04 00:00:00",8769222,0
"2023-04-03 00:00:00",8769222,72299
"2023-04-02 00:00:00",8696923,40809
"2023-04-01 00:00:00",8656114,43559
"2023-03-31 00:00:00",8612555,46802
"2023-03-30 00:00:00",8565753,40415
"2023-03-29 00:00:00",8525338,38475
"2023-03-28 00:00:00",8486863,35576
"2023-03-27 00:00:00",8451287,39314
"2023-03-26 00:00:00",8411973,37672
"2023-03-25 00:00:00",8374301,37900
"2023-03-24 00:00:00",8336401,38304
"2023-03-23 00:00:00",8298097,38116
"2023-03-22 00:00:00",8259981,38428
"2023-03-21 00:00:00",8221553,0
"2023-03-20 00:00:00",8221553,72726
"2023-03-19 00:00:00",8148827,38272
"2023-03-18 00:00:00",8110555,42822
"2023-03-17 00:00:00",8067733,47175
"2023-03-16 00:00:00",8020558,45259
"2023-03-15 00:00:00",7975299,44208
"2023-03-14 00:00:00",7931091,40801
"2023-03-13 00:00:00",7890290,0
"2023-03-12 00:00:00",7890290,89868
"2023-03-11 00:00:00",7800422,0
"2023-03-10 00:00:00",7800422,98871
"2023-03-09 00:00:00",7701551,47899
"2023-03-08 00:00:00",7653652,41181
"2023-03-07 00:00:00",7612471,38699
"2023-03-06 00:00:00",7573772,49916
"2023-03-05 00:00:00",7523856,54088
"2023-03-04 00:00:00",7469768,51848
"2023-03-03 00:00:00",7417920,54675
"2023-03-02 00:00:00",7363245,55646
"2023-03-01 00:00:00",7307599,52235
"2023-02-28 00:00:00",7255364,0
"2023-02-27 00:00:00",7255364,90268
"2023-02-26 00:00:00",7165096,53538
"2023-02-25 00:00:00",7111558,65181
"2023-02-24 00:00:00",7046377,75632
"2023-02-23 00:00:00",6970745,49812
"2023-02-22 00:00:00",6920933,0
"2023-02-21 00:00:00",6920933,99345
"2023-02-20 00:00:00",6821588,55234
"2023-02-19 00:00:00",6766354,54753
"2023-02-18 00:00:00",6711601,80771
"2023-02-17 00:00:00",6630830,0
"2023-02-16 00:00:00",6630830,113150
"2023-02-15 00:00:00",6517680,51065
"2023-02-14 00:00:00",6466615,44382
"2023-02-13 00:00:00",6422233,47839
"2023-02-12 00:00:00",6374394,50336
"2023-02-11 00:00:00",6324058,47689
"2023-02-10 00:00:00",6276369,46132
"2023-02-09 00:00:00",6230237,44900
"2023-02-08 00:00:00",6185337,41392
"2023-02-07 00:00:00",6143945,36085
"2023-02-06 00:00:00",6107860,38801
"2023-02-05 00:00:00",6069059,43387
"2023-02-04 00:00:00",6025672,44896
"2023-02-03 00:00:00",5980776,0
"2023-02-02 00:00:00",5980776,90590
"2023-02-01 00:00:00",5890186,44391
"2023-01-31 00:00:00",5845795,38149
"2023-01-30 00:00:00",5807646,43033
"2023-01-29 00:00:00",5764613,25718
"2023-01-28 00:00:00",5738895,25718
"2023-01-27 00:00:00",5713177,89661
"2023-01-26 00:00:00",5623516,42217
"2023-01-25 00:00:00",5581299,40707
"2023-01-24 00:00:00",5540592,38163
"2023-01-23 00:00:00",5502429,42763
"2023-01-22 00:00:00",5459666,48575
"2023-01-21 00:00:00",5411091,55387
"2023-01-20 00:00:00",5355704,62727
"2023-01-19 00:00:00",5292977,65407
"2023-01-18 00:00:00",5227570,60320
"2023-01-17 00:00:00",5167250,54331
"2023-01-16 00:00:00",5112919,0
"2023-01-15 00:00:00",5112919,124649
"2023-01-14 00:00:00",4988270,63265
"2023-01-13 00:00:00",4925005,55902
"2023-01-12 00:00:00",4869103,76549
"2023-01-11 00:00:00",4792554,77508
"2023-01-10 00:00:00",4715046,69693
"2023-01-09 00:00:00",4645353,79871
"2023-01-08 00:00:00",4565482,91120
"2023-01-07 00:00:00",4474362,78830
"2023-01-06 00:00:00",4395532,80030
"2023-01-05 00:00:00",4315502,67351
"2023-01-04 00:00:00",4248151,65249
"2023-01-03 00:00:00",4182902,51641
"2023-01-02 00:00:00",4131261,58448
"2023-01-01 00:00:00",4072813,0
"2022-12-31 00:00:00",4072813,144999
"2022-12-30 00:00:00",3927814,0
"2022-12-29 00:00:00",3927814,143789
"2022-12-28 00:00:00",3784025,62687
"2022-12-27 00:00:00",3721338,50186
"2022-12-26 00:00:00",3671152,61886
"2022-12-25 00:00:00",3609266,61663
"2022-12-24 00:00:00",3547603,73288
"2022-12-23 00:00:00",3474315,77819
"2022-12-22 00:00:00",3396496,70624
"2022-12-21 00:00:00",3325872,59090
"2022-12-20 00:00:00",3266782,52098
"2022-12-19 00:00:00",3214684,59953
"2022-12-18 00:00:00",3154731,67680
"2022-12-17 00:00:00",3087051,71350
"2022-12-16 00:00:00",3015701,52612
"2022-12-15 00:00:00",2963089,62419
"2022-12-14 00:00:00",2900670,62492
"2022-12-13 00:00:00",2838178,55994
"2022-12-12 00:00:00",2782184,57988
"2022-12-11 00:00:00",2724196,68215
"2022-12-10 00:00:00",2655981,78422
"2022-12-09 00:00:00",2577559,87908
"2022-12-08 00:00:00",2489651,49488
"2022-12-07 00:00:00",2440163,34127
"2022-12-06 00:00:00",2406036,42490
"2022-12-05 00:00:00",2363546,42490
"2022-12-04 00:00:00",2321056,42490
"2022-12-03 00:00:00",2278566,42490
"2022-12-02 00:00:00",2236076,42490
"2022-12-01 00:00:00",2193586,0
"2022-11-30 00:00:00",2193586,97093
"2022-11-29 00:00:00",2096493,41304
"2022-11-28 00:00:00",2055189,49214
"2022-11-27 00:00:00",2005975,45102
"2022-11-26 00:00:00",1960873,45012
"2022-11-25 00:00:00",1915861,52279
"2022-11-24 00:00:00",1863582,46536
"2022-11-23 00:00:00",1817046,45572
"2022-11-22 00:00:00",1771474,44526
"2022-11-21 00:00:00",1726948,49855
"2022-11-20 00:00:00",1677093,54244
"2022-11-19 00:00:00",1622849,57842
"2022-11-18 00:00:00",1565007,62256
"2022-11-17 00:00:00",1502751,66648
"2022-11-16 00:00:00",1436103,52954
"2022-11-15 00:00:00",1383149,38816
"2022-11-14 00:00:00",1344333,32844
"2022-11-13 00:00:00",1311489,23706
"2022-11-12 00:00:00",1287783,20061
"2022-11-11 00:00:00",1267722,19238
"2022-11-10 00:00:00",1248484,19194
"2022-11-09 00:00:00",1229290,18431
"2022-11-08 00:00:00",1210859,16191
"2022-11-07 00:00:00",1194668,18192
"2022-11-06 00:00:00",1176476,20027
"2022-11-05 00:00:00",1156449,20357
"2022-11-04 00:00:00",1136092,20614
"2022-11-03 00:00:00",1115478,18829
"2022-11-02 00:00:00",1096649,19462
"2022-11-01 00:00:00",1077187,17359
"2022-10-31 00:00:00",1059828,15615
"2022-10-30 00:00:00",1044213,17023
"2022-10-29 00:00:00",1027190,15016
"2022-10-28 00:00:00",1012174,13390
"2022-10-27 00:00:00",998784,12312
"2022-10-26 00:00:00",986472,11726
"2022-10-25 00:00:00",974746,10246
"2022-10-24 00:00:00",964500,10270
"2022-10-23 00:00:00",954230,11277
"2022-10-22 00:00:00",942953,11472
"2022-10-21 00:00:00",931481,11247
"2022-10-20 00:00:00",920234,11280
"2022-10-19 00:00:00",908954,10221
"2022-10-18 00:00:00",898733,8727
"2022-10-17 00:00:00",890006,9700
"2022-10-16 00:00:00",880306,10474
"2022-10-15 00:00:00",869832,10309
"2022-10-14 00:00:00",859523,8855
"2022-10-13 00:00:00",850668,8461
"2022-10-12 00:00:00",842207,8269
"2022-10-11 00:00:00",833938,7181
"2022-10-10 00:00:00",826757,7189
"2022-10-09 00:00:00",819568,8179
"2022-10-08 00:00:00",811389,9044
"2022-10-07 00:00:00",802345,9037
"2022-10-06 00:00:00",793308,8721
"2022-10-05 00:00:00",784587,8387
"2022-10-04 00:00:00",776200,7101
"2022-10-03 00:00:00",769099,8100
"2022-10-02 00:00:00",760999,8109
"2022-10-01 00:00:00",752890,7770
"2022-09-30 00:00:00",745120,8327
"2022-09-29 00:00:00",736793,9188
"2022-09-28 00:00:00",727605,9078
"2022-09-27 00:00:00",718527,7293
"2022-09-26 00:00:00",711234,7517
"2022-09-25 00:00:00",703717,8496
"2022-09-24 00:00:00",695221,8831
"2022-09-23 00:00:00",686390,8723
"2022-09-22 00:00:00",677667,8688
"2022-09-21 00:00:00",668979,8284
"2022-09-20 00:00:00",660695,8313
"2022-09-19 00:00:00",652382,9710
"2022-09-18 00:00:00",642672,10089
"2022-09-17 00:00:00",632583,9784
"2022-09-16 00:00:00",622799,9832
"2022-09-15 00:00:00",612967,10735
"2022-09-14 00:00:00",602232,10294
"2022-09-13 00:00:00",591938,8673
"2022-09-12 00:00:00",583265,9942
"2022-09-11 00:00:00",573323,11694
"2022-09-10 00:00:00",561629,11136
"2022-09-09 00:00:00",550493,11144
"2022-09-08 00:00:00",539349,22816
"2022-09-07 00:00:00",516533,0
"2022-09-06 00:00:00",516533,9771
"2022-09-05 00:00:00",506762,10711
"2022-09-04 00:00:00",496051,13176
"2022-09-03 00:00:00",482875,13049
"2022-09-02 00:00:00",469826,12799
"2022-09-01 00:00:00",457027,13425
"2022-08-31 00:00:00",443602,13425
"2022-08-30 00:00:00",430177,11984
"2022-08-29 00:00:00",418193,13209
"2022-08-28 00:00:00",404984,15731
"2022-08-27 00:00:00",389253,15682
"2022-08-26 00:00:00",373571,15480
"2022-08-25 00:00:00",358091,16442
"2022-08-24 00:00:00",341649,17181
"2022-08-23 00:00:00",324468,0
"2022-08-22 00:00:00",324468,28383
"2022-08-21 00:00:00",296086,28383
"2022-08-20 00:00:00",267703,24113
"2022-08-19 00:00:00",243590,24113
"2022-08-18 00:00:00",219477,28562
"2022-08-17 00:00:00",190915,27699
"2022-08-16 00:00:00",163216,26998
"2022-08-15 00:00:00",136218,33439
"2022-08-14 00:00:00",102779,49086
"2022-08-13 00:00:00",53693,0