﻿"DateTime","Spotify Streams","Change"
"2023-05-15 00:00:00",44968273,106486
"2023-05-14 00:00:00",44861787,0
"2023-05-13 00:00:00",44861787,187673
"2023-05-12 00:00:00",44674115,187673
"2023-05-11 00:00:00",44486442,0
"2023-05-10 00:00:00",44486442,246950
"2023-05-09 00:00:00",44239492,99212
"2023-05-08 00:00:00",44140280,114268
"2023-05-07 00:00:00",44026012,129489
"2023-05-06 00:00:00",43896523,132305
"2023-05-05 00:00:00",43764218,0
"2023-05-04 00:00:00",43764218,265944
"2023-05-03 00:00:00",43498274,124883
"2023-05-02 00:00:00",43373391,111872
"2023-05-01 00:00:00",43261520,111872
"2023-04-30 00:00:00",43149648,136513
"2023-04-29 00:00:00",43013135,133600
"2023-04-28 00:00:00",42879535,133156
"2023-04-27 00:00:00",42746379,132355
"2023-04-26 00:00:00",42614024,126412
"2023-04-25 00:00:00",42487612,105670
"2023-04-24 00:00:00",42381943,105670
"2023-04-23 00:00:00",42276273,128272
"2023-04-22 00:00:00",42148001,126224
"2023-04-21 00:00:00",42021777,125226
"2023-04-20 00:00:00",41896551,125898
"2023-04-19 00:00:00",41770653,121490
"2023-04-18 00:00:00",41649163,0
"2023-04-17 00:00:00",41649163,211337
"2023-04-16 00:00:00",41437826,0
"2023-04-15 00:00:00",41437826,126902
"2023-04-14 00:00:00",41310924,252096
"2023-04-13 00:00:00",41058828,126940
"2023-04-12 00:00:00",40931888,113936
"2023-04-11 00:00:00",40817952,92503
"2023-04-10 00:00:00",40725449,0
"2023-04-09 00:00:00",40725449,109221
"2023-04-08 00:00:00",40616228,118673
"2023-04-07 00:00:00",40497555,258545
"2023-04-06 00:00:00",40239010,128582
"2023-04-05 00:00:00",40110428,124096
"2023-04-04 00:00:00",39986332,101861
"2023-04-03 00:00:00",39884471,115651
"2023-04-02 00:00:00",39768820,129572
"2023-04-01 00:00:00",39639248,133075
"2023-03-31 00:00:00",39506173,134188
"2023-03-30 00:00:00",39371985,132480
"2023-03-29 00:00:00",39239505,126787
"2023-03-28 00:00:00",39112718,106377
"2023-03-27 00:00:00",39006341,119768
"2023-03-26 00:00:00",38886573,0
"2023-03-25 00:00:00",38886573,266889
"2023-03-24 00:00:00",38619684,136976
"2023-03-23 00:00:00",38482708,137265
"2023-03-22 00:00:00",38345443,129532
"2023-03-21 00:00:00",38215911,0
"2023-03-20 00:00:00",38215911,221846
"2023-03-19 00:00:00",37994065,129492
"2023-03-18 00:00:00",37864573,131363
"2023-03-17 00:00:00",37733210,0
"2023-03-16 00:00:00",37733210,128738
"2023-03-15 00:00:00",37604472,248181
"2023-03-14 00:00:00",37356291,0
"2023-03-13 00:00:00",37356291,220283
"2023-03-12 00:00:00",37136008,129561
"2023-03-11 00:00:00",37006447,129940
"2023-03-10 00:00:00",36876507,125593
"2023-03-09 00:00:00",36750914,125422
"2023-03-08 00:00:00",36625492,120250
"2023-03-07 00:00:00",36505242,97543
"2023-03-06 00:00:00",36407699,111738
"2023-03-05 00:00:00",36295961,124755
"2023-03-04 00:00:00",36171206,121919
"2023-03-03 00:00:00",36049287,0
"2023-03-02 00:00:00",36049287,243894
"2023-03-01 00:00:00",35805393,114300
"2023-02-28 00:00:00",35691093,0
"2023-02-27 00:00:00",35691093,197762
"2023-02-26 00:00:00",35493331,120730
"2023-02-25 00:00:00",35372601,121457
"2023-02-24 00:00:00",35251144,122994
"2023-02-23 00:00:00",35128150,124943
"2023-02-22 00:00:00",35003207,114730
"2023-02-21 00:00:00",34888477,100544
"2023-02-20 00:00:00",34787933,0
"2023-02-19 00:00:00",34787933,239543
"2023-02-18 00:00:00",34548390,130943
"2023-02-17 00:00:00",34417447,127421
"2023-02-16 00:00:00",34290026,128926
"2023-02-15 00:00:00",34161100,119055
"2023-02-14 00:00:00",34042045,103900
"2023-02-13 00:00:00",33938145,0
"2023-02-12 00:00:00",33938145,253641
"2023-02-11 00:00:00",33684504,135912
"2023-02-10 00:00:00",33548592,132632
"2023-02-09 00:00:00",33415960,133002
"2023-02-08 00:00:00",33282958,129092
"2023-02-07 00:00:00",33153866,107461
"2023-02-06 00:00:00",33046405,122385
"2023-02-05 00:00:00",32924020,141522
"2023-02-04 00:00:00",32782498,144206
"2023-02-03 00:00:00",32638292,145741
"2023-02-02 00:00:00",32492551,145963
"2023-02-01 00:00:00",32346588,138838
"2023-01-31 00:00:00",32207750,115917
"2023-01-30 00:00:00",32091833,137087
"2023-01-29 00:00:00",31954746,0
"2023-01-28 00:00:00",31954746,309293
"2023-01-27 00:00:00",31645453,151229
"2023-01-26 00:00:00",31494224,152243
"2023-01-25 00:00:00",31341981,0
"2023-01-24 00:00:00",31341981,265881
"2023-01-23 00:00:00",31076100,140921
"2023-01-22 00:00:00",30935179,158496
"2023-01-21 00:00:00",30776683,0
"2023-01-20 00:00:00",30776683,301984
"2023-01-19 00:00:00",30474699,151117
"2023-01-18 00:00:00",30323582,136081
"2023-01-17 00:00:00",30187501,118343
"2023-01-16 00:00:00",30069158,130311
"2023-01-15 00:00:00",29938847,166615
"2023-01-14 00:00:00",29772232,192453
"2023-01-13 00:00:00",29579779,195854
"2023-01-12 00:00:00",29383925,210443
"2023-01-11 00:00:00",29173482,202479
"2023-01-10 00:00:00",28971003,167307
"2023-01-09 00:00:00",28803696,0
"2023-01-08 00:00:00",28803696,394353
"2023-01-07 00:00:00",28409343,202969
"2023-01-06 00:00:00",28206374,203048
"2023-01-05 00:00:00",28003326,195311
"2023-01-04 00:00:00",27808015,174978
"2023-01-03 00:00:00",27633037,152823
"2023-01-02 00:00:00",27480214,181896
"2023-01-01 00:00:00",27298318,197704
"2022-12-31 00:00:00",27100614,201937
"2022-12-30 00:00:00",26898677,203111
"2022-12-29 00:00:00",26695566,196464
"2022-12-28 00:00:00",26499102,170016
"2022-12-27 00:00:00",26329086,137421
"2022-12-26 00:00:00",26191665,172091
"2022-12-25 00:00:00",26019574,198493
"2022-12-24 00:00:00",25821081,210679
"2022-12-23 00:00:00",25610402,212335
"2022-12-22 00:00:00",25398067,207878
"2022-12-21 00:00:00",25190189,199841
"2022-12-20 00:00:00",24990348,169444
"2022-12-19 00:00:00",24820904,202830
"2022-12-18 00:00:00",24618074,225038
"2022-12-17 00:00:00",24393036,224582
"2022-12-16 00:00:00",24168454,215656
"2022-12-15 00:00:00",23952798,225755
"2022-12-14 00:00:00",23727043,213210
"2022-12-13 00:00:00",23513833,182435
"2022-12-12 00:00:00",23331398,204396
"2022-12-11 00:00:00",23127002,241457
"2022-12-10 00:00:00",22885545,284915
"2022-12-09 00:00:00",22600630,278351
"2022-12-08 00:00:00",22322279,266555
"2022-12-07 00:00:00",22055724,250720
"2022-12-06 00:00:00",21805004,240315
"2022-12-05 00:00:00",21564689,240315
"2022-12-04 00:00:00",21324374,240315
"2022-12-03 00:00:00",21084059,240315
"2022-12-02 00:00:00",20843744,240315
"2022-12-01 00:00:00",20603429,256253
"2022-11-30 00:00:00",20347176,246722
"2022-11-29 00:00:00",20100454,207903
"2022-11-28 00:00:00",19892551,223900
"2022-11-27 00:00:00",19668651,222009
"2022-11-26 00:00:00",19446642,223740
"2022-11-25 00:00:00",19222902,260035
"2022-11-24 00:00:00",18962867,253475
"2022-11-23 00:00:00",18709392,240359
"2022-11-22 00:00:00",18469033,213023
"2022-11-21 00:00:00",18256010,254763
"2022-11-20 00:00:00",18001247,283135
"2022-11-19 00:00:00",17718112,288403
"2022-11-18 00:00:00",17429709,296333
"2022-11-17 00:00:00",17133376,296944
"2022-11-16 00:00:00",16836432,291462
"2022-11-15 00:00:00",16544970,248290
"2022-11-14 00:00:00",16296680,293548
"2022-11-13 00:00:00",16003132,320707
"2022-11-12 00:00:00",15682425,336204
"2022-11-11 00:00:00",15346221,330528
"2022-11-10 00:00:00",15015693,343313
"2022-11-09 00:00:00",14672380,351291
"2022-11-08 00:00:00",14321089,293174
"2022-11-07 00:00:00",14027915,311020
"2022-11-06 00:00:00",13716895,357192
"2022-11-05 00:00:00",13359703,415461
"2022-11-04 00:00:00",12944242,421329
"2022-11-03 00:00:00",12522913,402117
"2022-11-02 00:00:00",12120796,406027
"2022-11-01 00:00:00",11714769,349116
"2022-10-31 00:00:00",11365653,416691
"2022-10-30 00:00:00",10948962,493051
"2022-10-29 00:00:00",10455911,555752
"2022-10-28 00:00:00",9900159,568737
"2022-10-27 00:00:00",9331422,572632
"2022-10-26 00:00:00",8758790,587702
"2022-10-25 00:00:00",8171088,510423
"2022-10-24 00:00:00",7660665,615312
"2022-10-23 00:00:00",7045353,741771
"2022-10-22 00:00:00",6303582,722768
"2022-10-21 00:00:00",5580814,748850
"2022-10-20 00:00:00",4831964,834663
"2022-10-19 00:00:00",3997301,864638
"2022-10-18 00:00:00",3132663,0
"2022-10-17 00:00:00",3132663,1767452
"2022-10-16 00:00:00",1365211,0