﻿"DateTime","Spotify Streams","Change"
"2023-05-10 00:00:00",853790,422
"2023-05-09 00:00:00",853368,354
"2023-05-08 00:00:00",853014,354
"2023-05-07 00:00:00",852660,452
"2023-05-06 00:00:00",852208,494
"2023-05-05 00:00:00",851714,508
"2023-05-04 00:00:00",851206,0
"2023-05-03 00:00:00",851206,698
"2023-05-02 00:00:00",850508,698
"2023-05-01 00:00:00",849810,404
"2023-04-30 00:00:00",849406,495
"2023-04-29 00:00:00",848911,521
"2023-04-28 00:00:00",848390,524
"2023-04-27 00:00:00",847866,537
"2023-04-26 00:00:00",847329,473
"2023-04-25 00:00:00",846856,406
"2023-04-24 00:00:00",846450,406
"2023-04-23 00:00:00",846044,543
"2023-04-22 00:00:00",845501,582
"2023-04-21 00:00:00",844919,520
"2023-04-20 00:00:00",844399,571
"2023-04-19 00:00:00",843828,580
"2023-04-18 00:00:00",843248,421
"2023-04-17 00:00:00",842827,0
"2023-04-16 00:00:00",842827,948
"2023-04-15 00:00:00",841879,524
"2023-04-14 00:00:00",841355,527
"2023-04-13 00:00:00",840828,448
"2023-04-12 00:00:00",840380,453
"2023-04-11 00:00:00",839927,356
"2023-04-10 00:00:00",839571,406
"2023-04-09 00:00:00",839165,454
"2023-04-08 00:00:00",838711,525
"2023-04-07 00:00:00",838186,542
"2023-04-06 00:00:00",837644,532
"2023-04-05 00:00:00",837112,486
"2023-04-04 00:00:00",836626,406
"2023-04-03 00:00:00",836220,409
"2023-04-02 00:00:00",835811,536
"2023-04-01 00:00:00",835275,565
"2023-03-31 00:00:00",834710,582
"2023-03-30 00:00:00",834128,0
"2023-03-29 00:00:00",834128,1190
"2023-03-28 00:00:00",832938,433
"2023-03-27 00:00:00",832505,479
"2023-03-26 00:00:00",832026,0
"2023-03-25 00:00:00",832026,1121
"2023-03-24 00:00:00",830905,0
"2023-03-23 00:00:00",830905,1156
"2023-03-22 00:00:00",829749,563
"2023-03-21 00:00:00",829186,441
"2023-03-20 00:00:00",828745,501
"2023-03-19 00:00:00",828244,585
"2023-03-18 00:00:00",827659,620
"2023-03-17 00:00:00",827039,676
"2023-03-16 00:00:00",826363,656
"2023-03-15 00:00:00",825707,640
"2023-03-14 00:00:00",825067,549
"2023-03-13 00:00:00",824518,536
"2023-03-12 00:00:00",823982,762
"2023-03-11 00:00:00",823220,772
"2023-03-10 00:00:00",822448,723
"2023-03-09 00:00:00",821725,785
"2023-03-08 00:00:00",820940,776
"2023-03-07 00:00:00",820164,618
"2023-03-06 00:00:00",819546,0
"2023-03-05 00:00:00",819546,1617
"2023-03-04 00:00:00",817929,1026
"2023-03-03 00:00:00",816903,1127
"2023-03-02 00:00:00",815776,1268
"2023-03-01 00:00:00",814508,794
"2023-02-28 00:00:00",813714,0
"2023-02-27 00:00:00",813714,1313
"2023-02-26 00:00:00",812401,782
"2023-02-25 00:00:00",811619,870
"2023-02-24 00:00:00",810749,803
"2023-02-23 00:00:00",809946,1474
"2023-02-22 00:00:00",808472,0
"2023-02-21 00:00:00",808472,645
"2023-02-20 00:00:00",807827,0
"2023-02-19 00:00:00",807827,1433
"2023-02-18 00:00:00",806394,783
"2023-02-17 00:00:00",805611,821
"2023-02-16 00:00:00",804790,0
"2023-02-15 00:00:00",804790,1726
"2023-02-14 00:00:00",803064,775
"2023-02-13 00:00:00",802289,0
"2023-02-12 00:00:00",802289,1692
"2023-02-11 00:00:00",800597,943
"2023-02-10 00:00:00",799654,979
"2023-02-09 00:00:00",798675,966
"2023-02-08 00:00:00",797709,784
"2023-02-07 00:00:00",796926,784
"2023-02-06 00:00:00",796142,0
"2023-02-05 00:00:00",796142,1790
"2023-02-04 00:00:00",794352,941
"2023-02-03 00:00:00",793411,887
"2023-02-02 00:00:00",792524,829
"2023-02-01 00:00:00",791695,832
"2023-01-31 00:00:00",790863,665
"2023-01-30 00:00:00",790198,756
"2023-01-29 00:00:00",789442,845
"2023-01-28 00:00:00",788597,973
"2023-01-27 00:00:00",787624,944
"2023-01-26 00:00:00",786680,943
"2023-01-25 00:00:00",785737,989
"2023-01-24 00:00:00",784748,749
"2023-01-23 00:00:00",783999,875
"2023-01-22 00:00:00",783124,1093
"2023-01-21 00:00:00",782031,1207
"2023-01-20 00:00:00",780824,1159
"2023-01-19 00:00:00",779665,1196
"2023-01-18 00:00:00",778469,1076
"2023-01-17 00:00:00",777393,882
"2023-01-16 00:00:00",776511,950
"2023-01-15 00:00:00",775561,1175
"2023-01-14 00:00:00",774386,1047
"2023-01-13 00:00:00",773339,970
"2023-01-12 00:00:00",772369,958
"2023-01-11 00:00:00",771411,894
"2023-01-10 00:00:00",770517,675
"2023-01-09 00:00:00",769842,793
"2023-01-08 00:00:00",769049,939
"2023-01-07 00:00:00",768110,1114
"2023-01-06 00:00:00",766996,908
"2023-01-05 00:00:00",766088,776
"2023-01-04 00:00:00",765312,758
"2023-01-03 00:00:00",764554,593
"2023-01-02 00:00:00",763961,746
"2023-01-01 00:00:00",763215,847
"2022-12-31 00:00:00",762368,810
"2022-12-30 00:00:00",761558,882
"2022-12-29 00:00:00",760676,727
"2022-12-28 00:00:00",759949,0
"2022-12-27 00:00:00",759949,1083
"2022-12-26 00:00:00",758866,597
"2022-12-25 00:00:00",758269,742
"2022-12-24 00:00:00",757527,850
"2022-12-23 00:00:00",756677,861
"2022-12-22 00:00:00",755816,825
"2022-12-21 00:00:00",754991,757
"2022-12-20 00:00:00",754234,652
"2022-12-19 00:00:00",753582,670
"2022-12-18 00:00:00",752912,795
"2022-12-17 00:00:00",752117,947
"2022-12-16 00:00:00",751170,883
"2022-12-15 00:00:00",750287,917
"2022-12-14 00:00:00",749370,935
"2022-12-13 00:00:00",748435,947
"2022-12-12 00:00:00",747488,778
"2022-12-11 00:00:00",746710,918
"2022-12-10 00:00:00",745793,918
"2022-12-09 00:00:00",744875,947
"2022-12-08 00:00:00",743928,821
"2022-12-07 00:00:00",743107,748
"2022-12-06 00:00:00",742359,786
"2022-12-05 00:00:00",741573,786
"2022-12-04 00:00:00",740787,786
"2022-12-03 00:00:00",740000,786
"2022-12-02 00:00:00",739214,786
"2022-12-01 00:00:00",738428,895
"2022-11-30 00:00:00",737533,809
"2022-11-29 00:00:00",736724,652
"2022-11-28 00:00:00",736072,639
"2022-11-27 00:00:00",735433,653
"2022-11-26 00:00:00",734780,635
"2022-11-25 00:00:00",734145,850
"2022-11-24 00:00:00",733295,809
"2022-11-23 00:00:00",732486,767
"2022-11-22 00:00:00",731719,660
"2022-11-21 00:00:00",731059,703
"2022-11-20 00:00:00",730356,845
"2022-11-19 00:00:00",729511,879
"2022-11-18 00:00:00",728632,914
"2022-11-17 00:00:00",727718,893
"2022-11-16 00:00:00",726825,809
"2022-11-15 00:00:00",726016,682
"2022-11-14 00:00:00",725334,776
"2022-11-13 00:00:00",724558,846
"2022-11-12 00:00:00",723712,962
"2022-11-11 00:00:00",722750,929
"2022-11-10 00:00:00",721821,917
"2022-11-09 00:00:00",720904,895
"2022-11-08 00:00:00",720009,724
"2022-11-07 00:00:00",719285,803
"2022-11-06 00:00:00",718482,923
"2022-11-05 00:00:00",717559,1050
"2022-11-04 00:00:00",716509,1042
"2022-11-03 00:00:00",715467,1015
"2022-11-02 00:00:00",714452,1010
"2022-11-01 00:00:00",713442,817
"2022-10-31 00:00:00",712625,837
"2022-10-30 00:00:00",711788,1057
"2022-10-29 00:00:00",710731,1212
"2022-10-28 00:00:00",709519,1242
"2022-10-27 00:00:00",708277,1185
"2022-10-26 00:00:00",707092,1192
"2022-10-25 00:00:00",705900,920
"2022-10-24 00:00:00",704980,995
"2022-10-23 00:00:00",703985,1246
"2022-10-22 00:00:00",702739,1261
"2022-10-21 00:00:00",701478,0
"2022-10-20 00:00:00",701478,2528
"2022-10-19 00:00:00",698950,1188
"2022-10-18 00:00:00",697762,933
"2022-10-17 00:00:00",696829,1061
"2022-10-16 00:00:00",695768,1232
"2022-10-15 00:00:00",694536,1307
"2022-10-14 00:00:00",693229,1405
"2022-10-13 00:00:00",691824,1340
"2022-10-12 00:00:00",690484,1232
"2022-10-11 00:00:00",689252,967
"2022-10-10 00:00:00",688285,1051
"2022-10-09 00:00:00",687234,1335
"2022-10-08 00:00:00",685899,1622
"2022-10-07 00:00:00",684277,1630
"2022-10-06 00:00:00",682647,1701
"2022-10-05 00:00:00",680946,1447
"2022-10-04 00:00:00",679499,1075
"2022-10-03 00:00:00",678424,1193
"2022-10-02 00:00:00",677231,1443
"2022-10-01 00:00:00",675788,1506
"2022-09-30 00:00:00",674282,1363
"2022-09-29 00:00:00",672919,1489
"2022-09-28 00:00:00",671430,1453
"2022-09-27 00:00:00",669977,1062
"2022-09-26 00:00:00",668915,1242
"2022-09-25 00:00:00",667673,1473
"2022-09-24 00:00:00",666200,1463
"2022-09-23 00:00:00",664737,3065
"2022-09-22 00:00:00",661672,0
"2022-09-21 00:00:00",661672,1488
"2022-09-20 00:00:00",660184,1166
"2022-09-19 00:00:00",659018,1255
"2022-09-18 00:00:00",657763,1488
"2022-09-17 00:00:00",656275,1530
"2022-09-16 00:00:00",654745,1493
"2022-09-15 00:00:00",653252,1597
"2022-09-14 00:00:00",651655,1599
"2022-09-13 00:00:00",650056,1152
"2022-09-12 00:00:00",648904,1377
"2022-09-11 00:00:00",647527,1591
"2022-09-10 00:00:00",645936,1729
"2022-09-09 00:00:00",644207,1710
"2022-09-08 00:00:00",642497,3381
"2022-09-07 00:00:00",639116,0
"2022-09-06 00:00:00",639116,1365
"2022-09-05 00:00:00",637751,1528
"2022-09-04 00:00:00",636223,2118
"2022-09-03 00:00:00",634105,2021
"2022-09-02 00:00:00",632084,1855
"2022-09-01 00:00:00",630229,1809
"2022-08-31 00:00:00",628420,1791
"2022-08-30 00:00:00",626629,1469
"2022-08-29 00:00:00",625160,1561
"2022-08-28 00:00:00",623599,1971
"2022-08-27 00:00:00",621628,2103
"2022-08-26 00:00:00",619525,2109
"2022-08-25 00:00:00",617416,2204
"2022-08-24 00:00:00",615212,2115
"2022-08-23 00:00:00",613097,2172
"2022-08-22 00:00:00",610926,2172
"2022-08-21 00:00:00",608754,2172
"2022-08-20 00:00:00",606583,2172
"2022-08-19 00:00:00",604411,2493
"2022-08-18 00:00:00",601918,2515
"2022-08-17 00:00:00",599403,2374
"2022-08-16 00:00:00",597029,2016
"2022-08-15 00:00:00",595013,2135
"2022-08-14 00:00:00",592878,2708
"2022-08-13 00:00:00",590170,2826
"2022-08-12 00:00:00",587344,2516
"2022-08-11 00:00:00",584828,2691
"2022-08-10 00:00:00",582137,2575
"2022-08-09 00:00:00",579562,2201
"2022-08-08 00:00:00",577361,2279
"2022-08-07 00:00:00",575082,2863
"2022-08-06 00:00:00",572219,2886
"2022-08-05 00:00:00",569333,3007
"2022-08-04 00:00:00",566326,2959
"2022-08-03 00:00:00",563367,3050
"2022-08-02 00:00:00",560317,2621
"2022-08-01 00:00:00",557696,2912
"2022-07-31 00:00:00",554784,3724
"2022-07-30 00:00:00",551060,4004
"2022-07-29 00:00:00",547056,3966
"2022-07-28 00:00:00",543090,4091
"2022-07-27 00:00:00",538999,4003
"2022-07-26 00:00:00",534996,3295
"2022-07-25 00:00:00",531701,3729
"2022-07-24 00:00:00",527972,4972
"2022-07-23 00:00:00",523000,5692
"2022-07-22 00:00:00",517308,5933
"2022-07-21 00:00:00",511375,4369
"2022-07-20 00:00:00",507006,4342
"2022-07-19 00:00:00",502664,3935
"2022-07-18 00:00:00",498729,4122
"2022-07-17 00:00:00",494607,5175
"2022-07-16 00:00:00",489432,5285
"2022-07-15 00:00:00",484147,4779
"2022-07-14 00:00:00",479368,9432
"2022-07-13 00:00:00",469936,0
"2022-07-12 00:00:00",469936,4016
"2022-07-11 00:00:00",465920,4603
"2022-07-10 00:00:00",461317,5451
"2022-07-09 00:00:00",455866,5703
"2022-07-08 00:00:00",450163,5958
"2022-07-07 00:00:00",444205,6293
"2022-07-06 00:00:00",437912,5720
"2022-07-05 00:00:00",432192,5469
"2022-07-04 00:00:00",426723,6630
"2022-07-03 00:00:00",420093,8343
"2022-07-02 00:00:00",411750,9287
"2022-07-01 00:00:00",402463,9963
"2022-06-30 00:00:00",392500,11079
"2022-06-29 00:00:00",381421,12123
"2022-06-28 00:00:00",369298,11095
"2022-06-27 00:00:00",358203,14297
"2022-06-26 00:00:00",343906,20123
"2022-06-25 00:00:00",323783,25266
"2022-06-24 00:00:00",298517,64006
"2022-06-23 00:00:00",234511,0
"2022-06-22 00:00:00",234511,39941
"2022-06-21 00:00:00",194570,39420
"2022-06-20 00:00:00",155150,58531
"2022-06-19 00:00:00",96619,95419
"2022-06-18 00:00:00",1200,0