﻿"DateTime","Spotify Streams","Change"
"2023-05-01 00:00:00",76827943,332716
"2023-04-30 00:00:00",76495227,182374
"2023-04-29 00:00:00",76312854,182374
"2023-04-28 00:00:00",76130480,174214
"2023-04-27 00:00:00",75956266,0
"2023-04-26 00:00:00",75956266,167706
"2023-04-25 00:00:00",75788560,226982
"2023-04-24 00:00:00",75561579,226982
"2023-04-23 00:00:00",75334597,0
"2023-04-22 00:00:00",75334597,355852
"2023-04-21 00:00:00",74978745,179175
"2023-04-20 00:00:00",74799571,179175
"2023-04-19 00:00:00",74620396,171828
"2023-04-18 00:00:00",74448568,151300
"2023-04-17 00:00:00",74297268,0
"2023-04-16 00:00:00",74297268,349988
"2023-04-15 00:00:00",73947280,143592
"2023-04-14 00:00:00",73803688,138364
"2023-04-13 00:00:00",73665324,138088
"2023-04-12 00:00:00",73527236,126781
"2023-04-11 00:00:00",73400455,107699
"2023-04-10 00:00:00",73292756,122021
"2023-04-09 00:00:00",73170735,127261
"2023-04-08 00:00:00",73043474,138577
"2023-04-07 00:00:00",72904897,138191
"2023-04-06 00:00:00",72766706,139696
"2023-04-05 00:00:00",72627010,134170
"2023-04-04 00:00:00",72492840,115791
"2023-04-03 00:00:00",72377049,126981
"2023-04-02 00:00:00",72250068,140317
"2023-04-01 00:00:00",72109751,143368
"2023-03-31 00:00:00",71966383,142361
"2023-03-30 00:00:00",71824022,141303
"2023-03-29 00:00:00",71682719,136929
"2023-03-28 00:00:00",71545790,121310
"2023-03-27 00:00:00",71424480,131285
"2023-03-26 00:00:00",71293195,142753
"2023-03-25 00:00:00",71150442,145510
"2023-03-24 00:00:00",71004932,148834
"2023-03-23 00:00:00",70856098,148589
"2023-03-22 00:00:00",70707509,142683
"2023-03-21 00:00:00",70564826,123113
"2023-03-20 00:00:00",70441713,135910
"2023-03-19 00:00:00",70305803,151752
"2023-03-18 00:00:00",70154051,149690
"2023-03-17 00:00:00",70004361,0
"2023-03-16 00:00:00",70004361,298244
"2023-03-15 00:00:00",69706117,142617
"2023-03-14 00:00:00",69563500,126016
"2023-03-13 00:00:00",69437484,139370
"2023-03-12 00:00:00",69298114,154053
"2023-03-11 00:00:00",69144061,0
"2023-03-10 00:00:00",69144061,315877
"2023-03-09 00:00:00",68828184,146778
"2023-03-08 00:00:00",68681406,142921
"2023-03-07 00:00:00",68538485,0
"2023-03-06 00:00:00",68538485,290504
"2023-03-05 00:00:00",68247981,173019
"2023-03-04 00:00:00",68074962,172755
"2023-03-03 00:00:00",67902207,170089
"2023-03-02 00:00:00",67732118,0
"2023-03-01 00:00:00",67732118,304787
"2023-02-28 00:00:00",67427331,126489
"2023-02-27 00:00:00",67300842,141455
"2023-02-26 00:00:00",67159387,154181
"2023-02-25 00:00:00",67005206,154779
"2023-02-24 00:00:00",66850427,154869
"2023-02-23 00:00:00",66695558,152913
"2023-02-22 00:00:00",66542645,147878
"2023-02-21 00:00:00",66394767,131476
"2023-02-20 00:00:00",66263291,145638
"2023-02-19 00:00:00",66117653,160001
"2023-02-18 00:00:00",65957652,160899
"2023-02-17 00:00:00",65796753,0
"2023-02-16 00:00:00",65796753,321568
"2023-02-15 00:00:00",65475185,153697
"2023-02-14 00:00:00",65321488,139994
"2023-02-13 00:00:00",65181494,155944
"2023-02-12 00:00:00",65025550,175080
"2023-02-11 00:00:00",64850470,179198
"2023-02-10 00:00:00",64671272,177894
"2023-02-09 00:00:00",64493378,177792
"2023-02-08 00:00:00",64315586,162638
"2023-02-07 00:00:00",64152948,137448
"2023-02-06 00:00:00",64015500,145525
"2023-02-05 00:00:00",63869975,159527
"2023-02-04 00:00:00",63710448,154507
"2023-02-03 00:00:00",63555941,147033
"2023-02-02 00:00:00",63408908,142099
"2023-02-01 00:00:00",63266809,136197
"2023-01-31 00:00:00",63130612,119987
"2023-01-30 00:00:00",63010625,134185
"2023-01-29 00:00:00",62876440,0
"2023-01-28 00:00:00",62876440,148980
"2023-01-27 00:00:00",62727460,300862
"2023-01-26 00:00:00",62426598,155063
"2023-01-25 00:00:00",62271535,132111
"2023-01-24 00:00:00",62139424,118546
"2023-01-23 00:00:00",62020878,144515
"2023-01-22 00:00:00",61876363,154021
"2023-01-21 00:00:00",61722342,146606
"2023-01-20 00:00:00",61575736,145617
"2023-01-19 00:00:00",61430119,143886
"2023-01-18 00:00:00",61286233,135957
"2023-01-17 00:00:00",61150276,119958
"2023-01-16 00:00:00",61030318,130259
"2023-01-15 00:00:00",60900059,147643
"2023-01-14 00:00:00",60752416,146531
"2023-01-13 00:00:00",60605885,141753
"2023-01-12 00:00:00",60464132,145249
"2023-01-11 00:00:00",60318883,142018
"2023-01-10 00:00:00",60176865,122939
"2023-01-09 00:00:00",60053926,134581
"2023-01-08 00:00:00",59919345,139996
"2023-01-07 00:00:00",59779349,139968
"2023-01-06 00:00:00",59639381,140112
"2023-01-05 00:00:00",59499269,137013
"2023-01-04 00:00:00",59362256,0
"2023-01-03 00:00:00",59362256,236746
"2023-01-02 00:00:00",59125510,135938
"2023-01-01 00:00:00",58989572,141216
"2022-12-31 00:00:00",58848356,139968
"2022-12-30 00:00:00",58708388,137459
"2022-12-29 00:00:00",58570929,134208
"2022-12-28 00:00:00",58436721,118043
"2022-12-27 00:00:00",58318678,95437
"2022-12-26 00:00:00",58223241,119739
"2022-12-25 00:00:00",58103502,135516
"2022-12-24 00:00:00",57967986,141419
"2022-12-23 00:00:00",57826567,145295
"2022-12-22 00:00:00",57681272,143645
"2022-12-21 00:00:00",57537627,138148
"2022-12-20 00:00:00",57399479,118075
"2022-12-19 00:00:00",57281404,140633
"2022-12-18 00:00:00",57140771,152203
"2022-12-17 00:00:00",56988568,152570
"2022-12-16 00:00:00",56835998,153704
"2022-12-15 00:00:00",56682294,149729
"2022-12-14 00:00:00",56532565,148665
"2022-12-13 00:00:00",56383900,131199
"2022-12-12 00:00:00",56252701,141500
"2022-12-11 00:00:00",56111201,154031
"2022-12-10 00:00:00",55957170,163948
"2022-12-09 00:00:00",55793222,167495
"2022-12-08 00:00:00",55625727,166813
"2022-12-07 00:00:00",55458914,161202
"2022-12-06 00:00:00",55297712,160257
"2022-12-05 00:00:00",55137455,160257
"2022-12-04 00:00:00",54977199,160257
"2022-12-03 00:00:00",54816942,160257
"2022-12-02 00:00:00",54656686,160257
"2022-12-01 00:00:00",54496429,142770
"2022-11-30 00:00:00",54353659,136835
"2022-11-29 00:00:00",54216824,121463
"2022-11-28 00:00:00",54095361,128341
"2022-11-27 00:00:00",53967020,130968
"2022-11-26 00:00:00",53836052,134065
"2022-11-25 00:00:00",53701987,152892
"2022-11-24 00:00:00",53549095,148122
"2022-11-23 00:00:00",53400973,142292
"2022-11-22 00:00:00",53258681,126497
"2022-11-21 00:00:00",53132184,144777
"2022-11-20 00:00:00",52987407,161721
"2022-11-19 00:00:00",52825686,173121
"2022-11-18 00:00:00",52652565,175173
"2022-11-17 00:00:00",52477392,169938
"2022-11-16 00:00:00",52307454,165465
"2022-11-15 00:00:00",52141989,139885
"2022-11-14 00:00:00",52002104,160593
"2022-11-13 00:00:00",51841511,176504
"2022-11-12 00:00:00",51665007,177324
"2022-11-11 00:00:00",51487683,173739
"2022-11-10 00:00:00",51313944,173097
"2022-11-09 00:00:00",51140847,167774
"2022-11-08 00:00:00",50973073,142539
"2022-11-07 00:00:00",50830534,159484
"2022-11-06 00:00:00",50671050,175370
"2022-11-05 00:00:00",50495680,178907
"2022-11-04 00:00:00",50316773,172739
"2022-11-03 00:00:00",50144034,167435
"2022-11-02 00:00:00",49976599,168835
"2022-11-01 00:00:00",49807764,148226
"2022-10-31 00:00:00",49659538,167754
"2022-10-30 00:00:00",49491784,191014
"2022-10-29 00:00:00",49300770,195526
"2022-10-28 00:00:00",49105244,198058
"2022-10-27 00:00:00",48907186,192269
"2022-10-26 00:00:00",48714917,187659
"2022-10-25 00:00:00",48527258,0
"2022-10-24 00:00:00",48527258,346777
"2022-10-23 00:00:00",48180481,204372
"2022-10-22 00:00:00",47976109,197358
"2022-10-21 00:00:00",47778751,188937
"2022-10-20 00:00:00",47589814,187101
"2022-10-19 00:00:00",47402713,176328
"2022-10-18 00:00:00",47226385,151384
"2022-10-17 00:00:00",47075001,172446
"2022-10-16 00:00:00",46902555,191072
"2022-10-15 00:00:00",46711483,189889
"2022-10-14 00:00:00",46521594,179426
"2022-10-13 00:00:00",46342168,177544
"2022-10-12 00:00:00",46164624,171544
"2022-10-11 00:00:00",45993080,146611
"2022-10-10 00:00:00",45846469,164567
"2022-10-09 00:00:00",45681902,187500
"2022-10-08 00:00:00",45494402,194964
"2022-10-07 00:00:00",45299438,187410
"2022-10-06 00:00:00",45112028,186463
"2022-10-05 00:00:00",44925565,181902
"2022-10-04 00:00:00",44743663,152980
"2022-10-03 00:00:00",44590683,171186
"2022-10-02 00:00:00",44419497,187428
"2022-10-01 00:00:00",44232069,188592
"2022-09-30 00:00:00",44043477,188647
"2022-09-29 00:00:00",43854830,188344
"2022-09-28 00:00:00",43666486,179593
"2022-09-27 00:00:00",43486893,154478
"2022-09-26 00:00:00",43332415,176471
"2022-09-25 00:00:00",43155944,199611
"2022-09-24 00:00:00",42956333,199521
"2022-09-23 00:00:00",42756812,198795
"2022-09-22 00:00:00",42558017,197620
"2022-09-21 00:00:00",42360397,190502
"2022-09-20 00:00:00",42169895,162974
"2022-09-19 00:00:00",42006921,180931
"2022-09-18 00:00:00",41825990,205975
"2022-09-17 00:00:00",41620015,209659
"2022-09-16 00:00:00",41410356,207748
"2022-09-15 00:00:00",41202608,208840
"2022-09-14 00:00:00",40993768,204443
"2022-09-13 00:00:00",40789325,166487
"2022-09-12 00:00:00",40622838,187946
"2022-09-11 00:00:00",40434892,207110
"2022-09-10 00:00:00",40227782,209398
"2022-09-09 00:00:00",40018384,205941
"2022-09-08 00:00:00",39812443,411914
"2022-09-07 00:00:00",39400529,0
"2022-09-06 00:00:00",39400529,171621
"2022-09-05 00:00:00",39228908,176959
"2022-09-04 00:00:00",39051949,197494
"2022-09-03 00:00:00",38854455,195183
"2022-09-02 00:00:00",38659272,194059
"2022-09-01 00:00:00",38465213,192479
"2022-08-31 00:00:00",38272734,186547
"2022-08-30 00:00:00",38086187,164501
"2022-08-29 00:00:00",37921686,180422
"2022-08-28 00:00:00",37741264,204448
"2022-08-27 00:00:00",37536816,201267
"2022-08-26 00:00:00",37335549,204666
"2022-08-25 00:00:00",37130883,203060
"2022-08-24 00:00:00",36927823,196247
"2022-08-23 00:00:00",36731576,0
"2022-08-22 00:00:00",36731576,265576
"2022-08-21 00:00:00",36466000,265576
"2022-08-20 00:00:00",36200424,265576
"2022-08-19 00:00:00",35934848,212269
"2022-08-18 00:00:00",35722579,210734
"2022-08-17 00:00:00",35511845,206734
"2022-08-16 00:00:00",35305111,188321
"2022-08-15 00:00:00",35116790,206942
"2022-08-14 00:00:00",34909848,226172
"2022-08-13 00:00:00",34683676,227618
"2022-08-12 00:00:00",34456058,231845
"2022-08-11 00:00:00",34224213,231202
"2022-08-10 00:00:00",33993011,228592
"2022-08-09 00:00:00",33764419,205124
"2022-08-08 00:00:00",33559295,224826
"2022-08-07 00:00:00",33334469,243884
"2022-08-06 00:00:00",33090585,243600
"2022-08-05 00:00:00",32846985,246671
"2022-08-04 00:00:00",32600314,248573
"2022-08-03 00:00:00",32351741,244639
"2022-08-02 00:00:00",32107102,222429
"2022-08-01 00:00:00",31884673,247892
"2022-07-31 00:00:00",31636781,273686
"2022-07-30 00:00:00",31363095,281545
"2022-07-29 00:00:00",31081550,269991
"2022-07-28 00:00:00",30811559,258485
"2022-07-27 00:00:00",30553074,249945
"2022-07-26 00:00:00",30303129,220868
"2022-07-25 00:00:00",30082261,247923
"2022-07-24 00:00:00",29834338,269857
"2022-07-23 00:00:00",29564481,272193
"2022-07-22 00:00:00",29292288,274411
"2022-07-21 00:00:00",29017877,274831
"2022-07-20 00:00:00",28743046,272568
"2022-07-19 00:00:00",28470478,247817
"2022-07-18 00:00:00",28222661,277456
"2022-07-17 00:00:00",27945205,306686
"2022-07-16 00:00:00",27638519,310195
"2022-07-15 00:00:00",27328324,312734
"2022-07-14 00:00:00",27015590,318238
"2022-07-13 00:00:00",26697352,319056
"2022-07-12 00:00:00",26378296,286281
"2022-07-11 00:00:00",26092015,320384
"2022-07-10 00:00:00",25771631,354073
"2022-07-09 00:00:00",25417558,374153
"2022-07-08 00:00:00",25043405,369981
"2022-07-07 00:00:00",24673424,371005
"2022-07-06 00:00:00",24302419,353443
"2022-07-05 00:00:00",23948976,328644
"2022-07-04 00:00:00",23620332,372107
"2022-07-03 00:00:00",23248225,424749
"2022-07-02 00:00:00",22823476,442329
"2022-07-01 00:00:00",22381147,448387
"2022-06-30 00:00:00",21932760,464918
"2022-06-29 00:00:00",21467842,460693
"2022-06-28 00:00:00",21007149,405789
"2022-06-27 00:00:00",20601360,447899
"2022-06-26 00:00:00",20153461,497036
"2022-06-25 00:00:00",19656425,514630
"2022-06-24 00:00:00",19141795,1073753
"2022-06-23 00:00:00",18068042,0
"2022-06-22 00:00:00",18068042,564324
"2022-06-21 00:00:00",17503718,509195
"2022-06-20 00:00:00",16994523,588763
"2022-06-19 00:00:00",16405760,681883
"2022-06-18 00:00:00",15723877,680960
"2022-06-17 00:00:00",15042917,763184
"2022-06-16 00:00:00",14279733,771179
"2022-06-15 00:00:00",13508554,790403
"2022-06-14 00:00:00",12718151,706964
"2022-06-13 00:00:00",12011187,825268
"2022-06-12 00:00:00",11185919,996901
"2022-06-11 00:00:00",10189018,1025274
"2022-06-10 00:00:00",9163744,1288453
"2022-06-09 00:00:00",7875291,1115452
"2022-06-08 00:00:00",6759839,1376095
"2022-06-07 00:00:00",5383744,1318376
"2022-06-06 00:00:00",4065368,1750860
"2022-06-05 00:00:00",2314508,2263216
"2022-06-04 00:00:00",51292,0