﻿"DateTime","Spotify Streams","Change"
"2023-05-10 00:00:00",9112445,16021
"2023-05-09 00:00:00",9096424,14307
"2023-05-08 00:00:00",9082117,15723
"2023-05-07 00:00:00",9066394,19740
"2023-05-06 00:00:00",9046654,22326
"2023-05-05 00:00:00",9024328,29672
"2023-05-04 00:00:00",8994656,9024
"2023-05-03 00:00:00",8985633,9024
"2023-05-02 00:00:00",8976609,21381
"2023-05-01 00:00:00",8955228,9513
"2023-04-30 00:00:00",8945715,11053
"2023-04-29 00:00:00",8934662,11181
"2023-04-28 00:00:00",8923481,11719
"2023-04-27 00:00:00",8911762,0
"2023-04-26 00:00:00",8911762,22975
"2023-04-25 00:00:00",8888787,8652
"2023-04-24 00:00:00",8880135,8717
"2023-04-23 00:00:00",8871418,8717
"2023-04-22 00:00:00",8862701,9401
"2023-04-21 00:00:00",8853300,9692
"2023-04-20 00:00:00",8843608,9916
"2023-04-19 00:00:00",8833693,9916
"2023-04-18 00:00:00",8823777,8354
"2023-04-17 00:00:00",8815423,8610
"2023-04-16 00:00:00",8806813,10125
"2023-04-15 00:00:00",8796688,10015
"2023-04-14 00:00:00",8786673,10090
"2023-04-13 00:00:00",8776583,10430
"2023-04-12 00:00:00",8766153,10218
"2023-04-11 00:00:00",8755935,8943
"2023-04-10 00:00:00",8746992,9313
"2023-04-09 00:00:00",8737679,9725
"2023-04-08 00:00:00",8727954,10559
"2023-04-07 00:00:00",8717395,10432
"2023-04-06 00:00:00",8706963,0
"2023-04-05 00:00:00",8706963,21062
"2023-04-04 00:00:00",8685901,9507
"2023-04-03 00:00:00",8676394,9455
"2023-04-02 00:00:00",8666939,10298
"2023-04-01 00:00:00",8656641,10912
"2023-03-31 00:00:00",8645729,0
"2023-03-30 00:00:00",8645729,22313
"2023-03-29 00:00:00",8623416,11355
"2023-03-28 00:00:00",8612061,10300
"2023-03-27 00:00:00",8601761,10407
"2023-03-26 00:00:00",8591354,0
"2023-03-25 00:00:00",8591354,23390
"2023-03-24 00:00:00",8567964,12065
"2023-03-23 00:00:00",8555899,0
"2023-03-22 00:00:00",8555899,25292
"2023-03-21 00:00:00",8530607,10944
"2023-03-20 00:00:00",8519663,11130
"2023-03-19 00:00:00",8508533,12804
"2023-03-18 00:00:00",8495729,0
"2023-03-17 00:00:00",8495729,28880
"2023-03-16 00:00:00",8466849,13981
"2023-03-15 00:00:00",8452868,12782
"2023-03-14 00:00:00",8440086,11407
"2023-03-13 00:00:00",8428679,11312
"2023-03-12 00:00:00",8417367,12712
"2023-03-11 00:00:00",8404655,13288
"2023-03-10 00:00:00",8391367,0
"2023-03-09 00:00:00",8391367,26682
"2023-03-08 00:00:00",8364685,13594
"2023-03-07 00:00:00",8351091,11075
"2023-03-06 00:00:00",8340016,11285
"2023-03-05 00:00:00",8328731,12200
"2023-03-04 00:00:00",8316531,12587
"2023-03-03 00:00:00",8303944,11817
"2023-03-02 00:00:00",8292127,11961
"2023-03-01 00:00:00",8280166,12575
"2023-02-28 00:00:00",8267591,11004
"2023-02-27 00:00:00",8256587,0
"2023-02-26 00:00:00",8256587,21484
"2023-02-25 00:00:00",8235103,10656
"2023-02-24 00:00:00",8224447,10608
"2023-02-23 00:00:00",8213839,20164
"2023-02-22 00:00:00",8193675,0
"2023-02-21 00:00:00",8193675,8850
"2023-02-20 00:00:00",8184825,0
"2023-02-19 00:00:00",8184825,18900
"2023-02-18 00:00:00",8165925,0
"2023-02-17 00:00:00",8165925,10309
"2023-02-16 00:00:00",8155616,20273
"2023-02-15 00:00:00",8135343,9713
"2023-02-14 00:00:00",8125630,8754
"2023-02-13 00:00:00",8116876,8656
"2023-02-12 00:00:00",8108220,10167
"2023-02-11 00:00:00",8098053,10998
"2023-02-10 00:00:00",8087055,0
"2023-02-09 00:00:00",8087055,24064
"2023-02-08 00:00:00",8062991,12739
"2023-02-07 00:00:00",8050252,10313
"2023-02-06 00:00:00",8039939,10069
"2023-02-05 00:00:00",8029870,11206
"2023-02-04 00:00:00",8018664,11648
"2023-02-03 00:00:00",8007016,11522
"2023-02-02 00:00:00",7995494,11931
"2023-02-01 00:00:00",7983563,12119
"2023-01-31 00:00:00",7971444,10671
"2023-01-30 00:00:00",7960773,10624
"2023-01-29 00:00:00",7950149,12630
"2023-01-28 00:00:00",7937519,13277
"2023-01-27 00:00:00",7924242,11756
"2023-01-26 00:00:00",7912486,12175
"2023-01-25 00:00:00",7900311,11758
"2023-01-24 00:00:00",7888553,10069
"2023-01-23 00:00:00",7878484,9791
"2023-01-22 00:00:00",7868693,11462
"2023-01-21 00:00:00",7857231,12651
"2023-01-20 00:00:00",7844580,0
"2023-01-19 00:00:00",7844580,26955
"2023-01-18 00:00:00",7817625,12151
"2023-01-17 00:00:00",7805474,11536
"2023-01-16 00:00:00",7793938,11048
"2023-01-15 00:00:00",7782890,12933
"2023-01-14 00:00:00",7769957,13894
"2023-01-13 00:00:00",7756063,13960
"2023-01-12 00:00:00",7742103,13931
"2023-01-11 00:00:00",7728172,13813
"2023-01-10 00:00:00",7714359,11669
"2023-01-09 00:00:00",7702690,11521
"2023-01-08 00:00:00",7691169,13133
"2023-01-07 00:00:00",7678036,13315
"2023-01-06 00:00:00",7664721,12949
"2023-01-05 00:00:00",7651772,12889
"2023-01-04 00:00:00",7638883,12078
"2023-01-03 00:00:00",7626805,9408
"2023-01-02 00:00:00",7617397,10521
"2023-01-01 00:00:00",7606876,11418
"2022-12-31 00:00:00",7595458,11377
"2022-12-30 00:00:00",7584081,11662
"2022-12-29 00:00:00",7572419,11406
"2022-12-28 00:00:00",7561013,9999
"2022-12-27 00:00:00",7551014,8254
"2022-12-26 00:00:00",7542760,0
"2022-12-25 00:00:00",7542760,21485
"2022-12-24 00:00:00",7521275,11690
"2022-12-23 00:00:00",7509585,12512
"2022-12-22 00:00:00",7497073,12708
"2022-12-21 00:00:00",7484365,12027
"2022-12-20 00:00:00",7472338,10334
"2022-12-19 00:00:00",7462004,10894
"2022-12-18 00:00:00",7451110,11662
"2022-12-17 00:00:00",7439448,11839
"2022-12-16 00:00:00",7427609,11964
"2022-12-15 00:00:00",7415645,12195
"2022-12-14 00:00:00",7403450,12665
"2022-12-13 00:00:00",7390785,10845
"2022-12-12 00:00:00",7379940,9909
"2022-12-11 00:00:00",7370031,11288
"2022-12-10 00:00:00",7358743,14038
"2022-12-09 00:00:00",7344705,14128
"2022-12-08 00:00:00",7330577,14362
"2022-12-07 00:00:00",7316215,13846
"2022-12-06 00:00:00",7302369,12854
"2022-12-05 00:00:00",7289515,12854
"2022-12-04 00:00:00",7276662,12854
"2022-12-03 00:00:00",7263808,12854
"2022-12-02 00:00:00",7250955,12854
"2022-12-01 00:00:00",7238101,12418
"2022-11-30 00:00:00",7225683,12728
"2022-11-29 00:00:00",7212955,10903
"2022-11-28 00:00:00",7202052,10414
"2022-11-27 00:00:00",7191638,9817
"2022-11-26 00:00:00",7181821,10789
"2022-11-25 00:00:00",7171032,11573
"2022-11-24 00:00:00",7159459,12329
"2022-11-23 00:00:00",7147130,12121
"2022-11-22 00:00:00",7135009,10671
"2022-11-21 00:00:00",7124338,10552
"2022-11-20 00:00:00",7113786,11821
"2022-11-19 00:00:00",7101965,12525
"2022-11-18 00:00:00",7089440,12797
"2022-11-17 00:00:00",7076643,13026
"2022-11-16 00:00:00",7063617,12794
"2022-11-15 00:00:00",7050823,10983
"2022-11-14 00:00:00",7039840,11077
"2022-11-13 00:00:00",7028763,11809
"2022-11-12 00:00:00",7016954,12585
"2022-11-11 00:00:00",7004369,13226
"2022-11-10 00:00:00",6991143,12901
"2022-11-09 00:00:00",6978242,13016
"2022-11-08 00:00:00",6965226,0
"2022-11-07 00:00:00",6965226,20914
"2022-11-06 00:00:00",6944312,11504
"2022-11-05 00:00:00",6932808,13502
"2022-11-04 00:00:00",6919306,12789
"2022-11-03 00:00:00",6906517,12349
"2022-11-02 00:00:00",6894168,12824
"2022-11-01 00:00:00",6881344,10682
"2022-10-31 00:00:00",6870662,10744
"2022-10-30 00:00:00",6859918,13179
"2022-10-29 00:00:00",6846739,13840
"2022-10-28 00:00:00",6832899,14192
"2022-10-27 00:00:00",6818707,13941
"2022-10-26 00:00:00",6804766,14327
"2022-10-25 00:00:00",6790439,12058
"2022-10-24 00:00:00",6778381,12213
"2022-10-23 00:00:00",6766168,14058
"2022-10-22 00:00:00",6752110,13867
"2022-10-21 00:00:00",6738243,13588
"2022-10-20 00:00:00",6724655,14913
"2022-10-19 00:00:00",6709742,14559
"2022-10-18 00:00:00",6695183,11876
"2022-10-17 00:00:00",6683307,11857
"2022-10-16 00:00:00",6671450,14254
"2022-10-15 00:00:00",6657196,29626
"2022-10-14 00:00:00",6627570,0
"2022-10-13 00:00:00",6627570,15385
"2022-10-12 00:00:00",6612185,14433
"2022-10-11 00:00:00",6597752,12884
"2022-10-10 00:00:00",6584868,13264
"2022-10-09 00:00:00",6571604,16312
"2022-10-08 00:00:00",6555292,17131
"2022-10-07 00:00:00",6538161,17431
"2022-10-06 00:00:00",6520730,17383
"2022-10-05 00:00:00",6503347,16915
"2022-10-04 00:00:00",6486432,13094
"2022-10-03 00:00:00",6473339,13094
"2022-10-02 00:00:00",6460245,15628
"2022-10-01 00:00:00",6444617,16142
"2022-09-30 00:00:00",6428475,16381
"2022-09-29 00:00:00",6412094,17702
"2022-09-28 00:00:00",6394392,18063
"2022-09-27 00:00:00",6376329,14660
"2022-09-26 00:00:00",6361669,15236
"2022-09-25 00:00:00",6346433,17805
"2022-09-24 00:00:00",6328628,18407
"2022-09-23 00:00:00",6310221,38603
"2022-09-22 00:00:00",6271618,0
"2022-09-21 00:00:00",6271618,19053
"2022-09-20 00:00:00",6252565,16294
"2022-09-19 00:00:00",6236272,16294
"2022-09-18 00:00:00",6219978,19113
"2022-09-17 00:00:00",6200865,19979
"2022-09-16 00:00:00",6180886,20091
"2022-09-15 00:00:00",6160795,20426
"2022-09-14 00:00:00",6140369,20789
"2022-09-13 00:00:00",6119580,18156
"2022-09-12 00:00:00",6101424,17961
"2022-09-11 00:00:00",6083463,20369
"2022-09-10 00:00:00",6063094,20572
"2022-09-09 00:00:00",6042522,19772
"2022-09-08 00:00:00",6022750,39285
"2022-09-07 00:00:00",5983465,0
"2022-09-06 00:00:00",5983465,18127
"2022-09-05 00:00:00",5965338,19320
"2022-09-04 00:00:00",5946018,21935
"2022-09-03 00:00:00",5924083,22018
"2022-09-02 00:00:00",5902065,22491
"2022-09-01 00:00:00",5879574,22347
"2022-08-31 00:00:00",5857227,22149
"2022-08-30 00:00:00",5835078,19256
"2022-08-29 00:00:00",5815822,19222
"2022-08-28 00:00:00",5796600,22414
"2022-08-27 00:00:00",5774186,24981
"2022-08-26 00:00:00",5749205,24907
"2022-08-25 00:00:00",5724298,25280
"2022-08-24 00:00:00",5699018,25068
"2022-08-23 00:00:00",5673950,25058
"2022-08-22 00:00:00",5648892,25058
"2022-08-21 00:00:00",5623834,25058
"2022-08-20 00:00:00",5598775,25058
"2022-08-19 00:00:00",5573717,28566
"2022-08-18 00:00:00",5545151,28566
"2022-08-17 00:00:00",5516585,27262
"2022-08-16 00:00:00",5489323,23367
"2022-08-15 00:00:00",5465956,23899
"2022-08-14 00:00:00",5442057,26703
"2022-08-13 00:00:00",5415354,28035
"2022-08-12 00:00:00",5387319,28503
"2022-08-11 00:00:00",5358816,29164
"2022-08-10 00:00:00",5329652,29987
"2022-08-09 00:00:00",5299665,28010
"2022-08-08 00:00:00",5271655,29790
"2022-08-07 00:00:00",5241865,31456
"2022-08-06 00:00:00",5210409,34125
"2022-08-05 00:00:00",5176284,35087
"2022-08-04 00:00:00",5141197,35574
"2022-08-03 00:00:00",5105623,37202
"2022-08-02 00:00:00",5068421,35188
"2022-08-01 00:00:00",5033233,36570
"2022-07-31 00:00:00",4996663,44376
"2022-07-30 00:00:00",4952287,55036
"2022-07-29 00:00:00",4897251,42289
"2022-07-28 00:00:00",4854962,44066
"2022-07-27 00:00:00",4810896,45593
"2022-07-26 00:00:00",4765303,43745
"2022-07-25 00:00:00",4721558,49031
"2022-07-24 00:00:00",4672527,56421
"2022-07-23 00:00:00",4616106,61608
"2022-07-22 00:00:00",4554498,67409
"2022-07-21 00:00:00",4487089,72482
"2022-07-20 00:00:00",4414607,242020
"2022-07-19 00:00:00",4172587,149771
"2022-07-18 00:00:00",4022816,278070
"2022-07-17 00:00:00",3744746,299524
"2022-07-16 00:00:00",3445222,221387
"2022-07-15 00:00:00",3223835,276041
"2022-07-14 00:00:00",2947794,694398
"2022-07-13 00:00:00",2253396,0
"2022-07-12 00:00:00",2253396,386611
"2022-07-11 00:00:00",1866785,537047
"2022-07-10 00:00:00",1329738,1266764
"2022-07-09 00:00:00",62974,0