﻿"DateTime","Spotify Streams","Change"
"2023-05-10 00:00:00",17487096,52713
"2023-05-09 00:00:00",17434383,48356
"2023-05-08 00:00:00",17386027,51473
"2023-05-07 00:00:00",17334554,62958
"2023-05-06 00:00:00",17271596,67190
"2023-05-05 00:00:00",17204406,76143
"2023-05-04 00:00:00",17128263,29879
"2023-05-03 00:00:00",17098385,29879
"2023-05-02 00:00:00",17068506,97911
"2023-05-01 00:00:00",16970595,45893
"2023-04-30 00:00:00",16924702,51657
"2023-04-29 00:00:00",16873045,51564
"2023-04-28 00:00:00",16821481,50880
"2023-04-27 00:00:00",16770601,0
"2023-04-26 00:00:00",16770601,100732
"2023-04-25 00:00:00",16669869,41914
"2023-04-24 00:00:00",16627955,44221
"2023-04-23 00:00:00",16583734,44221
"2023-04-22 00:00:00",16539513,52708
"2023-04-21 00:00:00",16486805,52415
"2023-04-20 00:00:00",16434390,53148
"2023-04-19 00:00:00",16381243,53148
"2023-04-18 00:00:00",16328095,44418
"2023-04-17 00:00:00",16283677,44381
"2023-04-16 00:00:00",16239296,50336
"2023-04-15 00:00:00",16188960,50180
"2023-04-14 00:00:00",16138780,48027
"2023-04-13 00:00:00",16090753,47170
"2023-04-12 00:00:00",16043583,46397
"2023-04-11 00:00:00",15997186,39622
"2023-04-10 00:00:00",15957564,42430
"2023-04-09 00:00:00",15915134,39769
"2023-04-08 00:00:00",15875365,41706
"2023-04-07 00:00:00",15833659,46983
"2023-04-06 00:00:00",15786676,0
"2023-04-05 00:00:00",15786676,103299
"2023-04-04 00:00:00",15683377,43777
"2023-04-03 00:00:00",15639600,43754
"2023-04-02 00:00:00",15595846,49670
"2023-04-01 00:00:00",15546176,48086
"2023-03-31 00:00:00",15498090,0
"2023-03-30 00:00:00",15498090,89629
"2023-03-29 00:00:00",15408461,44432
"2023-03-28 00:00:00",15364029,37758
"2023-03-27 00:00:00",15326271,37530
"2023-03-26 00:00:00",15288741,0
"2023-03-25 00:00:00",15288741,82681
"2023-03-24 00:00:00",15206060,50054
"2023-03-23 00:00:00",15156006,0
"2023-03-22 00:00:00",15156006,104548
"2023-03-21 00:00:00",15051458,45086
"2023-03-20 00:00:00",15006372,45120
"2023-03-19 00:00:00",14961252,50102
"2023-03-18 00:00:00",14911150,0
"2023-03-17 00:00:00",14911150,109156
"2023-03-16 00:00:00",14801994,52647
"2023-03-15 00:00:00",14749347,53449
"2023-03-14 00:00:00",14695898,46673
"2023-03-13 00:00:00",14649225,48234
"2023-03-12 00:00:00",14600991,54132
"2023-03-11 00:00:00",14546859,54071
"2023-03-10 00:00:00",14492788,0
"2023-03-09 00:00:00",14492788,102665
"2023-03-08 00:00:00",14390123,49434
"2023-03-07 00:00:00",14340689,41302
"2023-03-06 00:00:00",14299387,40984
"2023-03-05 00:00:00",14258403,46866
"2023-03-04 00:00:00",14211537,46939
"2023-03-03 00:00:00",14164598,44749
"2023-03-02 00:00:00",14119849,42190
"2023-03-01 00:00:00",14077659,46509
"2023-02-28 00:00:00",14031150,36944
"2023-02-27 00:00:00",13994206,0
"2023-02-26 00:00:00",13994206,76329
"2023-02-25 00:00:00",13917877,39931
"2023-02-24 00:00:00",13877946,40897
"2023-02-23 00:00:00",13837049,79541
"2023-02-22 00:00:00",13757508,0
"2023-02-21 00:00:00",13757508,33737
"2023-02-20 00:00:00",13723771,0
"2023-02-19 00:00:00",13723771,72819
"2023-02-18 00:00:00",13650952,0
"2023-02-17 00:00:00",13650952,41359
"2023-02-16 00:00:00",13609593,84323
"2023-02-15 00:00:00",13525270,40456
"2023-02-14 00:00:00",13484814,36882
"2023-02-13 00:00:00",13447932,36571
"2023-02-12 00:00:00",13411361,43245
"2023-02-11 00:00:00",13368116,45653
"2023-02-10 00:00:00",13322463,0
"2023-02-09 00:00:00",13322463,86061
"2023-02-08 00:00:00",13236402,43147
"2023-02-07 00:00:00",13193255,36249
"2023-02-06 00:00:00",13157006,35808
"2023-02-05 00:00:00",13121198,40034
"2023-02-04 00:00:00",13081164,42458
"2023-02-03 00:00:00",13038706,43645
"2023-02-02 00:00:00",12995061,43347
"2023-02-01 00:00:00",12951714,43417
"2023-01-31 00:00:00",12908297,38327
"2023-01-30 00:00:00",12869970,39093
"2023-01-29 00:00:00",12830877,46236
"2023-01-28 00:00:00",12784641,47202
"2023-01-27 00:00:00",12737439,43692
"2023-01-26 00:00:00",12693747,48380
"2023-01-25 00:00:00",12645367,47729
"2023-01-24 00:00:00",12597638,40260
"2023-01-23 00:00:00",12557378,39333
"2023-01-22 00:00:00",12518045,47406
"2023-01-21 00:00:00",12470639,72721
"2023-01-20 00:00:00",12397918,0
"2023-01-19 00:00:00",12397918,152798
"2023-01-18 00:00:00",12245120,62824
"2023-01-17 00:00:00",12182296,56400
"2023-01-16 00:00:00",12125896,61911
"2023-01-15 00:00:00",12063985,71178
"2023-01-14 00:00:00",11992807,77811
"2023-01-13 00:00:00",11914996,78342
"2023-01-12 00:00:00",11836654,51454
"2023-01-11 00:00:00",11785200,41901
"2023-01-10 00:00:00",11743299,35400
"2023-01-09 00:00:00",11707899,34409
"2023-01-08 00:00:00",11673490,40023
"2023-01-07 00:00:00",11633467,39660
"2023-01-06 00:00:00",11593807,37522
"2023-01-05 00:00:00",11556285,38387
"2023-01-04 00:00:00",11517898,34765
"2023-01-03 00:00:00",11483133,29077
"2023-01-02 00:00:00",11454056,30675
"2023-01-01 00:00:00",11423381,31247
"2022-12-31 00:00:00",11392134,31807
"2022-12-30 00:00:00",11360327,31879
"2022-12-29 00:00:00",11328448,31411
"2022-12-28 00:00:00",11297037,29904
"2022-12-27 00:00:00",11267133,24342
"2022-12-26 00:00:00",11242791,0
"2022-12-25 00:00:00",11242791,59823
"2022-12-24 00:00:00",11182968,31760
"2022-12-23 00:00:00",11151208,33579
"2022-12-22 00:00:00",11117629,34379
"2022-12-21 00:00:00",11083250,34392
"2022-12-20 00:00:00",11048858,28889
"2022-12-19 00:00:00",11019969,31915
"2022-12-18 00:00:00",10988054,33400
"2022-12-17 00:00:00",10954654,35325
"2022-12-16 00:00:00",10919329,32229
"2022-12-15 00:00:00",10887100,35507
"2022-12-14 00:00:00",10851593,36050
"2022-12-13 00:00:00",10815543,29803
"2022-12-12 00:00:00",10785740,27139
"2022-12-11 00:00:00",10758601,31547
"2022-12-10 00:00:00",10727054,37105
"2022-12-09 00:00:00",10689949,37838
"2022-12-08 00:00:00",10652111,37898
"2022-12-07 00:00:00",10614213,33553
"2022-12-06 00:00:00",10580660,33108
"2022-12-05 00:00:00",10547552,33108
"2022-12-04 00:00:00",10514443,33108
"2022-12-03 00:00:00",10481335,33108
"2022-12-02 00:00:00",10448226,33108
"2022-12-01 00:00:00",10415118,32772
"2022-11-30 00:00:00",10382346,33539
"2022-11-29 00:00:00",10348807,27207
"2022-11-28 00:00:00",10321600,27189
"2022-11-27 00:00:00",10294411,26845
"2022-11-26 00:00:00",10267566,28420
"2022-11-25 00:00:00",10239146,29854
"2022-11-24 00:00:00",10209292,30841
"2022-11-23 00:00:00",10178451,30039
"2022-11-22 00:00:00",10148412,27984
"2022-11-21 00:00:00",10120428,28282
"2022-11-20 00:00:00",10092146,30974
"2022-11-19 00:00:00",10061172,32881
"2022-11-18 00:00:00",10028291,33315
"2022-11-17 00:00:00",9994976,34421
"2022-11-16 00:00:00",9960555,35860
"2022-11-15 00:00:00",9924695,28516
"2022-11-14 00:00:00",9896179,29750
"2022-11-13 00:00:00",9866429,32899
"2022-11-12 00:00:00",9833530,35598
"2022-11-11 00:00:00",9797932,36035
"2022-11-10 00:00:00",9761897,35334
"2022-11-09 00:00:00",9726563,34338
"2022-11-08 00:00:00",9692225,0
"2022-11-07 00:00:00",9692225,54754
"2022-11-06 00:00:00",9637471,31799
"2022-11-05 00:00:00",9605672,35480
"2022-11-04 00:00:00",9570192,34481
"2022-11-03 00:00:00",9535711,31874
"2022-11-02 00:00:00",9503837,34287
"2022-11-01 00:00:00",9469550,28413
"2022-10-31 00:00:00",9441137,29355
"2022-10-30 00:00:00",9411782,35219
"2022-10-29 00:00:00",9376563,36135
"2022-10-28 00:00:00",9340428,33834
"2022-10-27 00:00:00",9306594,32502
"2022-10-26 00:00:00",9274092,34194
"2022-10-25 00:00:00",9239898,29126
"2022-10-24 00:00:00",9210772,28836
"2022-10-23 00:00:00",9181936,32979
"2022-10-22 00:00:00",9148957,34463
"2022-10-21 00:00:00",9114494,34633
"2022-10-20 00:00:00",9079861,36057
"2022-10-19 00:00:00",9043804,35877
"2022-10-18 00:00:00",9007927,28837
"2022-10-17 00:00:00",8979090,28650
"2022-10-16 00:00:00",8950440,33441
"2022-10-15 00:00:00",8916999,71602
"2022-10-14 00:00:00",8845397,0
"2022-10-13 00:00:00",8845397,34563
"2022-10-12 00:00:00",8810834,34079
"2022-10-11 00:00:00",8776755,30803
"2022-10-10 00:00:00",8745952,30270
"2022-10-09 00:00:00",8715682,36446
"2022-10-08 00:00:00",8679236,37978
"2022-10-07 00:00:00",8641258,37194
"2022-10-06 00:00:00",8604064,38114
"2022-10-05 00:00:00",8565950,38710
"2022-10-04 00:00:00",8527240,31643
"2022-10-03 00:00:00",8495598,31643
"2022-10-02 00:00:00",8463955,34068
"2022-10-01 00:00:00",8429887,33899
"2022-09-30 00:00:00",8395988,35118
"2022-09-29 00:00:00",8360870,36652
"2022-09-28 00:00:00",8324218,37816
"2022-09-27 00:00:00",8286402,33339
"2022-09-26 00:00:00",8253063,34615
"2022-09-25 00:00:00",8218448,42343
"2022-09-24 00:00:00",8176105,42257
"2022-09-23 00:00:00",8133848,85454
"2022-09-22 00:00:00",8048394,0
"2022-09-21 00:00:00",8048394,42383
"2022-09-20 00:00:00",8006011,36218
"2022-09-19 00:00:00",7969793,36218
"2022-09-18 00:00:00",7933575,43852
"2022-09-17 00:00:00",7889723,49107
"2022-09-16 00:00:00",7840616,47957
"2022-09-15 00:00:00",7792659,47302
"2022-09-14 00:00:00",7745357,49358
"2022-09-13 00:00:00",7695999,39066
"2022-09-12 00:00:00",7656933,37234
"2022-09-11 00:00:00",7619699,43384
"2022-09-10 00:00:00",7576315,43059
"2022-09-09 00:00:00",7533256,43777
"2022-09-08 00:00:00",7489479,82165
"2022-09-07 00:00:00",7407314,0
"2022-09-06 00:00:00",7407314,37783
"2022-09-05 00:00:00",7369531,39214
"2022-09-04 00:00:00",7330317,45016
"2022-09-03 00:00:00",7285301,46662
"2022-09-02 00:00:00",7238639,46365
"2022-09-01 00:00:00",7192274,47955
"2022-08-31 00:00:00",7144319,47126
"2022-08-30 00:00:00",7097193,40695
"2022-08-29 00:00:00",7056498,41498
"2022-08-28 00:00:00",7015000,48231
"2022-08-27 00:00:00",6966769,51718
"2022-08-26 00:00:00",6915051,50755
"2022-08-25 00:00:00",6864296,52069
"2022-08-24 00:00:00",6812227,51964
"2022-08-23 00:00:00",6760263,48154
"2022-08-22 00:00:00",6712109,48154
"2022-08-21 00:00:00",6663955,48154
"2022-08-20 00:00:00",6615800,48154
"2022-08-19 00:00:00",6567646,52159
"2022-08-18 00:00:00",6515488,52159
"2022-08-17 00:00:00",6463329,50917
"2022-08-16 00:00:00",6412412,43202
"2022-08-15 00:00:00",6369210,45875
"2022-08-14 00:00:00",6323335,50603
"2022-08-13 00:00:00",6272732,52254
"2022-08-12 00:00:00",6220478,52200
"2022-08-11 00:00:00",6168278,52646
"2022-08-10 00:00:00",6115632,54247
"2022-08-09 00:00:00",6061385,51782
"2022-08-08 00:00:00",6009603,53936
"2022-08-07 00:00:00",5955667,58506
"2022-08-06 00:00:00",5897161,61006
"2022-08-05 00:00:00",5836155,58831
"2022-08-04 00:00:00",5777324,58867
"2022-08-03 00:00:00",5718457,60050
"2022-08-02 00:00:00",5658407,57636
"2022-08-01 00:00:00",5600771,60201
"2022-07-31 00:00:00",5540570,67343
"2022-07-30 00:00:00",5473227,77294
"2022-07-29 00:00:00",5395933,70971
"2022-07-28 00:00:00",5324962,72788
"2022-07-27 00:00:00",5252174,77365
"2022-07-26 00:00:00",5174809,72891
"2022-07-25 00:00:00",5101918,77747
"2022-07-24 00:00:00",5024171,87717
"2022-07-23 00:00:00",4936454,94043
"2022-07-22 00:00:00",4842411,100597
"2022-07-21 00:00:00",4741814,108617
"2022-07-20 00:00:00",4633197,223117
"2022-07-19 00:00:00",4410080,181702
"2022-07-18 00:00:00",4228378,258503
"2022-07-17 00:00:00",3969875,332662
"2022-07-16 00:00:00",3637213,263527
"2022-07-15 00:00:00",3373686,326207
"2022-07-14 00:00:00",3047479,824652
"2022-07-13 00:00:00",2222827,0
"2022-07-12 00:00:00",2222827,450578
"2022-07-11 00:00:00",1772249,592331
"2022-07-10 00:00:00",1179918,1132459
"2022-07-09 00:00:00",47459,0