﻿"DateTime","Spotify Streams","Change"
"2023-05-15 00:00:00",1269097,973
"2023-05-14 00:00:00",1268125,973
"2023-05-13 00:00:00",1267152,959
"2023-05-12 00:00:00",1266193,931
"2023-05-11 00:00:00",1265262,890
"2023-05-10 00:00:00",1264372,0
"2023-05-09 00:00:00",1264372,1464
"2023-05-08 00:00:00",1262908,966
"2023-05-07 00:00:00",1261942,966
"2023-05-06 00:00:00",1260977,966
"2023-05-05 00:00:00",1260011,966
"2023-05-04 00:00:00",1259045,960
"2023-05-03 00:00:00",1258085,789
"2023-05-02 00:00:00",1257296,0
"2023-05-01 00:00:00",1257296,1679
"2023-04-30 00:00:00",1255617,935
"2023-04-29 00:00:00",1254683,935
"2023-04-28 00:00:00",1253748,935
"2023-04-27 00:00:00",1252814,935
"2023-04-26 00:00:00",1251879,884
"2023-04-25 00:00:00",1250995,884
"2023-04-24 00:00:00",1250112,884
"2023-04-23 00:00:00",1249228,884
"2023-04-22 00:00:00",1248345,884
"2023-04-21 00:00:00",1247461,1034
"2023-04-20 00:00:00",1246427,982
"2023-04-19 00:00:00",1245445,919
"2023-04-18 00:00:00",1244527,919
"2023-04-17 00:00:00",1243608,919
"2023-04-16 00:00:00",1242690,919
"2023-04-15 00:00:00",1241771,1009
"2023-04-14 00:00:00",1240762,1007
"2023-04-13 00:00:00",1239755,970
"2023-04-12 00:00:00",1238785,841
"2023-04-11 00:00:00",1237944,841
"2023-04-10 00:00:00",1237103,841
"2023-04-09 00:00:00",1236262,1014
"2023-04-08 00:00:00",1235249,1014
"2023-04-07 00:00:00",1234235,958
"2023-04-06 00:00:00",1233277,958
"2023-04-05 00:00:00",1232319,839
"2023-04-04 00:00:00",1231481,839
"2023-04-03 00:00:00",1230642,0
"2023-04-02 00:00:00",1230642,2022
"2023-04-01 00:00:00",1228620,1114
"2023-03-31 00:00:00",1227506,0
"2023-03-30 00:00:00",1227506,2049
"2023-03-29 00:00:00",1225457,972
"2023-03-28 00:00:00",1224485,869
"2023-03-27 00:00:00",1223616,869
"2023-03-26 00:00:00",1222747,1097
"2023-03-25 00:00:00",1221650,1097
"2023-03-24 00:00:00",1220553,1027
"2023-03-23 00:00:00",1219526,907
"2023-03-22 00:00:00",1218619,907
"2023-03-21 00:00:00",1217711,907
"2023-03-20 00:00:00",1216804,1061
"2023-03-19 00:00:00",1215743,1061
"2023-03-18 00:00:00",1214682,1061
"2023-03-17 00:00:00",1213620,1061
"2023-03-16 00:00:00",1212559,1104
"2023-03-15 00:00:00",1211455,940
"2023-03-14 00:00:00",1210515,0
"2023-03-13 00:00:00",1210515,1497
"2023-03-12 00:00:00",1209019,1497
"2023-03-11 00:00:00",1207522,1037
"2023-03-10 00:00:00",1206485,1037
"2023-03-09 00:00:00",1205449,1037
"2023-03-08 00:00:00",1204412,1037
"2023-03-07 00:00:00",1203376,1037
"2023-03-06 00:00:00",1202339,1084
"2023-03-05 00:00:00",1201255,0
"2023-03-04 00:00:00",1201255,1728
"2023-03-03 00:00:00",1199528,1728
"2023-03-02 00:00:00",1197800,1124
"2023-03-01 00:00:00",1196676,1004
"2023-02-28 00:00:00",1195672,987
"2023-02-27 00:00:00",1194686,987
"2023-02-26 00:00:00",1193699,1208
"2023-02-25 00:00:00",1192491,1090
"2023-02-24 00:00:00",1191401,1216
"2023-02-23 00:00:00",1190185,1104
"2023-02-22 00:00:00",1189081,1042
"2023-02-21 00:00:00",1188039,1024
"2023-02-20 00:00:00",1187015,1067
"2023-02-19 00:00:00",1185948,0
"2023-02-18 00:00:00",1185948,2510
"2023-02-17 00:00:00",1183438,0
"2023-02-16 00:00:00",1183438,2266
"2023-02-15 00:00:00",1181172,995
"2023-02-14 00:00:00",1180177,1088
"2023-02-13 00:00:00",1179090,1088
"2023-02-12 00:00:00",1178002,1376
"2023-02-11 00:00:00",1176626,1372
"2023-02-10 00:00:00",1175254,2753
"2023-02-09 00:00:00",1172501,0
"2023-02-08 00:00:00",1172501,0
"2023-02-07 00:00:00",1172501,1215
"2023-02-06 00:00:00",1171286,1215
"2023-02-05 00:00:00",1170071,1215
"2023-02-04 00:00:00",1168856,1987
"2023-02-03 00:00:00",1166869,1987
"2023-02-02 00:00:00",1164882,1248
"2023-02-01 00:00:00",1163634,1193
"2023-01-31 00:00:00",1162441,962
"2023-01-30 00:00:00",1161479,1235
"2023-01-29 00:00:00",1160244,1380
"2023-01-28 00:00:00",1158865,1380
"2023-01-27 00:00:00",1157485,1348
"2023-01-26 00:00:00",1156137,0
"2023-01-25 00:00:00",1156137,2575
"2023-01-24 00:00:00",1153562,1033
"2023-01-23 00:00:00",1152529,1228
"2023-01-22 00:00:00",1151301,1365
"2023-01-21 00:00:00",1149936,1463
"2023-01-20 00:00:00",1148473,1397
"2023-01-19 00:00:00",1147077,1397
"2023-01-18 00:00:00",1145680,1217
"2023-01-17 00:00:00",1144463,1217
"2023-01-16 00:00:00",1143246,1217
"2023-01-15 00:00:00",1142029,1542
"2023-01-14 00:00:00",1140487,1414
"2023-01-13 00:00:00",1139073,1449
"2023-01-12 00:00:00",1137624,1424
"2023-01-11 00:00:00",1136200,1341
"2023-01-10 00:00:00",1134859,1173
"2023-01-09 00:00:00",1133686,0
"2023-01-08 00:00:00",1133686,2849
"2023-01-07 00:00:00",1130837,1353
"2023-01-06 00:00:00",1129485,1353
"2023-01-05 00:00:00",1128132,1202
"2023-01-04 00:00:00",1126930,1105
"2023-01-03 00:00:00",1125825,1050
"2023-01-02 00:00:00",1124775,1311
"2023-01-01 00:00:00",1123464,1405
"2022-12-31 00:00:00",1122059,1360
"2022-12-30 00:00:00",1120699,1360
"2022-12-29 00:00:00",1119339,1261
"2022-12-28 00:00:00",1118078,0
"2022-12-27 00:00:00",1118078,1966
"2022-12-26 00:00:00",1116112,1295
"2022-12-25 00:00:00",1114817,1512
"2022-12-24 00:00:00",1113305,1588
"2022-12-23 00:00:00",1111717,1605
"2022-12-22 00:00:00",1110112,1605
"2022-12-21 00:00:00",1108507,1351
"2022-12-20 00:00:00",1107156,1221
"2022-12-19 00:00:00",1105935,1528
"2022-12-18 00:00:00",1104407,1632
"2022-12-17 00:00:00",1102776,1632
"2022-12-16 00:00:00",1101144,1589
"2022-12-15 00:00:00",1099555,1603
"2022-12-14 00:00:00",1097952,1486
"2022-12-13 00:00:00",1096466,1251
"2022-12-12 00:00:00",1095215,1510
"2022-12-11 00:00:00",1093705,1731
"2022-12-10 00:00:00",1091974,1800
"2022-12-09 00:00:00",1090174,1699
"2022-12-08 00:00:00",1088475,1752
"2022-12-07 00:00:00",1086723,1797
"2022-12-06 00:00:00",1084926,1797
"2022-12-05 00:00:00",1083129,1797
"2022-12-04 00:00:00",1081333,1797
"2022-12-03 00:00:00",1079536,1797
"2022-12-02 00:00:00",1077739,1797
"2022-12-01 00:00:00",1075942,1798
"2022-11-30 00:00:00",1074144,1606
"2022-11-29 00:00:00",1072538,1407
"2022-11-28 00:00:00",1071131,1701
"2022-11-27 00:00:00",1069430,1621
"2022-11-26 00:00:00",1067809,1903
"2022-11-25 00:00:00",1065907,1903
"2022-11-24 00:00:00",1064004,1931
"2022-11-23 00:00:00",1062073,1755
"2022-11-22 00:00:00",1060318,1643
"2022-11-21 00:00:00",1058675,2013
"2022-11-20 00:00:00",1056662,2124
"2022-11-19 00:00:00",1054538,2061
"2022-11-18 00:00:00",1052477,2177
"2022-11-17 00:00:00",1050300,2071
"2022-11-16 00:00:00",1048229,1932
"2022-11-15 00:00:00",1046297,1654
"2022-11-14 00:00:00",1044643,2132
"2022-11-13 00:00:00",1042511,2336
"2022-11-12 00:00:00",1040175,2433
"2022-11-11 00:00:00",1037742,2299
"2022-11-10 00:00:00",1035443,2136
"2022-11-09 00:00:00",1033307,1902
"2022-11-08 00:00:00",1031405,1713
"2022-11-07 00:00:00",1029692,2017
"2022-11-06 00:00:00",1027675,2428
"2022-11-05 00:00:00",1025247,2455
"2022-11-04 00:00:00",1022792,2334
"2022-11-03 00:00:00",1020458,2288
"2022-11-02 00:00:00",1018170,2194
"2022-11-01 00:00:00",1015976,1991
"2022-10-31 00:00:00",1013985,2334
"2022-10-30 00:00:00",1011651,2693
"2022-10-29 00:00:00",1008958,2817
"2022-10-28 00:00:00",1006141,2912
"2022-10-27 00:00:00",1003229,2818
"2022-10-26 00:00:00",1000411,2584
"2022-10-25 00:00:00",997827,2179
"2022-10-24 00:00:00",995648,2803
"2022-10-23 00:00:00",992845,3284
"2022-10-22 00:00:00",989561,2953
"2022-10-21 00:00:00",986608,3087
"2022-10-20 00:00:00",983521,3052
"2022-10-19 00:00:00",980469,2872
"2022-10-18 00:00:00",977597,2444
"2022-10-17 00:00:00",975153,3291
"2022-10-16 00:00:00",971862,3478
"2022-10-15 00:00:00",968384,3497
"2022-10-14 00:00:00",964887,3563
"2022-10-13 00:00:00",961324,3570
"2022-10-12 00:00:00",957754,3257
"2022-10-11 00:00:00",954497,2957
"2022-10-10 00:00:00",951540,3726
"2022-10-09 00:00:00",947814,3966
"2022-10-08 00:00:00",943848,4149
"2022-10-07 00:00:00",939699,3985
"2022-10-06 00:00:00",935714,3997
"2022-10-05 00:00:00",931717,3715
"2022-10-04 00:00:00",928002,3129
"2022-10-03 00:00:00",924873,4000
"2022-10-02 00:00:00",920873,4677
"2022-10-01 00:00:00",916196,4797
"2022-09-30 00:00:00",911399,4634
"2022-09-29 00:00:00",906765,4617
"2022-09-28 00:00:00",902148,4338
"2022-09-27 00:00:00",897810,3793
"2022-09-26 00:00:00",894017,4586
"2022-09-25 00:00:00",889431,5056
"2022-09-24 00:00:00",884375,5201
"2022-09-23 00:00:00",879174,10623
"2022-09-22 00:00:00",868551,0
"2022-09-21 00:00:00",868551,5076
"2022-09-20 00:00:00",863475,4586
"2022-09-19 00:00:00",858889,5731
"2022-09-18 00:00:00",853158,6472
"2022-09-17 00:00:00",846686,5837
"2022-09-16 00:00:00",840849,5753
"2022-09-15 00:00:00",835096,5866
"2022-09-14 00:00:00",829230,5474
"2022-09-13 00:00:00",823757,5474
"2022-09-12 00:00:00",818283,6740
"2022-09-11 00:00:00",811543,7838
"2022-09-10 00:00:00",803705,8052
"2022-09-09 00:00:00",795653,8483
"2022-09-08 00:00:00",787170,16812
"2022-09-07 00:00:00",770358,0
"2022-09-06 00:00:00",770358,7927
"2022-09-05 00:00:00",762431,9307
"2022-09-04 00:00:00",753124,11083
"2022-09-03 00:00:00",742041,11348
"2022-09-02 00:00:00",730693,11853
"2022-09-01 00:00:00",718840,12249
"2022-08-31 00:00:00",706591,12139
"2022-08-30 00:00:00",694452,11342
"2022-08-29 00:00:00",683110,14149
"2022-08-28 00:00:00",668961,16758
"2022-08-27 00:00:00",652203,17999
"2022-08-26 00:00:00",634204,18866
"2022-08-25 00:00:00",615338,21651
"2022-08-24 00:00:00",593687,23278
"2022-08-23 00:00:00",570409,0
"2022-08-22 00:00:00",570409,43706
"2022-08-21 00:00:00",526703,43706
"2022-08-20 00:00:00",482997,45056
"2022-08-19 00:00:00",437941,47924
"2022-08-18 00:00:00",390017,58419
"2022-08-17 00:00:00",331598,58485
"2022-08-16 00:00:00",273113,55915
"2022-08-15 00:00:00",217198,188786
"2022-08-14 00:00:00",28412,25635
"2022-08-13 00:00:00",2777,0