﻿"DateTime","Spotify Streams","Change"
"2023-05-14 00:00:00",6255843,9826
"2023-05-13 00:00:00",6246017,10188
"2023-05-12 00:00:00",6235829,10188
"2023-05-11 00:00:00",6225641,9966
"2023-05-10 00:00:00",6215675,9994
"2023-05-09 00:00:00",6205681,0
"2023-05-08 00:00:00",6205681,19105
"2023-05-07 00:00:00",6186576,10599
"2023-05-06 00:00:00",6175977,0
"2023-05-05 00:00:00",6175977,21363
"2023-05-04 00:00:00",6154614,10981
"2023-05-03 00:00:00",6143633,10793
"2023-05-02 00:00:00",6132840,10302
"2023-05-01 00:00:00",6122538,10302
"2023-04-30 00:00:00",6112236,10302
"2023-04-29 00:00:00",6101934,10717
"2023-04-28 00:00:00",6091217,10717
"2023-04-27 00:00:00",6080500,10384
"2023-04-26 00:00:00",6070116,10250
"2023-04-25 00:00:00",6059867,10250
"2023-04-24 00:00:00",6049617,10513
"2023-04-23 00:00:00",6039104,11103
"2023-04-22 00:00:00",6028001,11284
"2023-04-21 00:00:00",6016717,11032
"2023-04-20 00:00:00",6005686,11032
"2023-04-19 00:00:00",5994654,11156
"2023-04-18 00:00:00",5983498,9928
"2023-04-17 00:00:00",5973570,10877
"2023-04-16 00:00:00",5962693,11350
"2023-04-15 00:00:00",5951343,11461
"2023-04-14 00:00:00",5939882,11422
"2023-04-13 00:00:00",5928460,11530
"2023-04-12 00:00:00",5916930,11147
"2023-04-11 00:00:00",5905783,10505
"2023-04-10 00:00:00",5895278,11875
"2023-04-09 00:00:00",5883403,12742
"2023-04-08 00:00:00",5870661,13318
"2023-04-07 00:00:00",5857343,12775
"2023-04-06 00:00:00",5844568,12531
"2023-04-05 00:00:00",5832037,12578
"2023-04-04 00:00:00",5819459,11332
"2023-04-03 00:00:00",5808127,12096
"2023-04-02 00:00:00",5796031,12762
"2023-04-01 00:00:00",5783269,12157
"2023-03-31 00:00:00",5771112,11746
"2023-03-30 00:00:00",5759366,11433
"2023-03-29 00:00:00",5747933,11420
"2023-03-28 00:00:00",5736513,10453
"2023-03-27 00:00:00",5726060,11048
"2023-03-26 00:00:00",5715012,11616
"2023-03-25 00:00:00",5703396,11445
"2023-03-24 00:00:00",5691951,11876
"2023-03-23 00:00:00",5680075,11754
"2023-03-22 00:00:00",5668321,12344
"2023-03-21 00:00:00",5655977,11244
"2023-03-20 00:00:00",5644733,11793
"2023-03-19 00:00:00",5632940,12189
"2023-03-18 00:00:00",5620751,12075
"2023-03-17 00:00:00",5608676,12067
"2023-03-16 00:00:00",5596609,12054
"2023-03-15 00:00:00",5584555,11987
"2023-03-14 00:00:00",5572568,0
"2023-03-13 00:00:00",5572568,11184
"2023-03-12 00:00:00",5561384,23639
"2023-03-11 00:00:00",5537745,12003
"2023-03-10 00:00:00",5525742,11587
"2023-03-09 00:00:00",5514155,11489
"2023-03-08 00:00:00",5502666,11338
"2023-03-07 00:00:00",5491328,10207
"2023-03-06 00:00:00",5481121,11556
"2023-03-05 00:00:00",5469565,12283
"2023-03-04 00:00:00",5457282,12147
"2023-03-03 00:00:00",5445135,11687
"2023-03-02 00:00:00",5433448,11744
"2023-03-01 00:00:00",5421704,11910
"2023-02-28 00:00:00",5409794,10687
"2023-02-27 00:00:00",5399107,11518
"2023-02-26 00:00:00",5387589,12171
"2023-02-25 00:00:00",5375418,11944
"2023-02-24 00:00:00",5363474,12496
"2023-02-23 00:00:00",5350978,12388
"2023-02-22 00:00:00",5338590,11778
"2023-02-21 00:00:00",5326812,11195
"2023-02-20 00:00:00",5315617,11503
"2023-02-19 00:00:00",5304114,12474
"2023-02-18 00:00:00",5291640,12502
"2023-02-17 00:00:00",5279138,12400
"2023-02-16 00:00:00",5266738,12503
"2023-02-15 00:00:00",5254235,11692
"2023-02-14 00:00:00",5242543,11580
"2023-02-13 00:00:00",5230963,12014
"2023-02-12 00:00:00",5218949,12901
"2023-02-11 00:00:00",5206048,12709
"2023-02-10 00:00:00",5193339,12752
"2023-02-09 00:00:00",5180587,12800
"2023-02-08 00:00:00",5167787,13046
"2023-02-07 00:00:00",5154741,11849
"2023-02-06 00:00:00",5142892,12677
"2023-02-05 00:00:00",5130215,13989
"2023-02-04 00:00:00",5116226,14103
"2023-02-03 00:00:00",5102123,0
"2023-02-02 00:00:00",5102123,28001
"2023-02-01 00:00:00",5074122,14297
"2023-01-31 00:00:00",5059825,12611
"2023-01-30 00:00:00",5047214,13146
"2023-01-29 00:00:00",5034068,14469
"2023-01-28 00:00:00",5019599,0
"2023-01-27 00:00:00",5019599,28943
"2023-01-26 00:00:00",4990656,14690
"2023-01-25 00:00:00",4975966,14705
"2023-01-24 00:00:00",4961261,13240
"2023-01-23 00:00:00",4948021,13810
"2023-01-22 00:00:00",4934211,14932
"2023-01-21 00:00:00",4919279,15352
"2023-01-20 00:00:00",4903927,15258
"2023-01-19 00:00:00",4888669,15295
"2023-01-18 00:00:00",4873374,14262
"2023-01-17 00:00:00",4859112,13649
"2023-01-16 00:00:00",4845463,13376
"2023-01-15 00:00:00",4832087,15747
"2023-01-14 00:00:00",4816340,15210
"2023-01-13 00:00:00",4801130,15276
"2023-01-12 00:00:00",4785854,15437
"2023-01-11 00:00:00",4770417,15353
"2023-01-10 00:00:00",4755064,0
"2023-01-09 00:00:00",4755064,28625
"2023-01-08 00:00:00",4726439,15305
"2023-01-07 00:00:00",4711134,15843
"2023-01-06 00:00:00",4695291,15651
"2023-01-05 00:00:00",4679640,0
"2023-01-04 00:00:00",4679640,31072
"2023-01-03 00:00:00",4648568,0
"2023-01-02 00:00:00",4648568,29088
"2023-01-01 00:00:00",4619480,16260
"2022-12-31 00:00:00",4603220,16754
"2022-12-30 00:00:00",4586466,17088
"2022-12-29 00:00:00",4569378,17188
"2022-12-28 00:00:00",4552190,14892
"2022-12-27 00:00:00",4537298,14081
"2022-12-26 00:00:00",4523217,15464
"2022-12-25 00:00:00",4507753,16363
"2022-12-24 00:00:00",4491390,17112
"2022-12-23 00:00:00",4474278,16963
"2022-12-22 00:00:00",4457315,0
"2022-12-21 00:00:00",4457315,33506
"2022-12-20 00:00:00",4423809,14646
"2022-12-19 00:00:00",4409163,16151
"2022-12-18 00:00:00",4393012,16735
"2022-12-17 00:00:00",4376277,16683
"2022-12-16 00:00:00",4359594,16411
"2022-12-15 00:00:00",4343183,16769
"2022-12-14 00:00:00",4326414,16839
"2022-12-13 00:00:00",4309575,15409
"2022-12-12 00:00:00",4294166,15701
"2022-12-11 00:00:00",4278465,16666
"2022-12-10 00:00:00",4261799,17771
"2022-12-09 00:00:00",4244028,18117
"2022-12-08 00:00:00",4225911,17970
"2022-12-07 00:00:00",4207941,18025
"2022-12-06 00:00:00",4189916,17476
"2022-12-05 00:00:00",4172440,17476
"2022-12-04 00:00:00",4154964,17476
"2022-12-03 00:00:00",4137488,17476
"2022-12-02 00:00:00",4120012,17476
"2022-12-01 00:00:00",4102536,17422
"2022-11-30 00:00:00",4085114,17596
"2022-11-29 00:00:00",4067518,15695
"2022-11-28 00:00:00",4051823,16117
"2022-11-27 00:00:00",4035706,16047
"2022-11-26 00:00:00",4019659,17884
"2022-11-25 00:00:00",4001775,20006
"2022-11-24 00:00:00",3981769,20128
"2022-11-23 00:00:00",3961641,19534
"2022-11-22 00:00:00",3942107,18176
"2022-11-21 00:00:00",3923931,19131
"2022-11-20 00:00:00",3904800,20243
"2022-11-19 00:00:00",3884557,20700
"2022-11-18 00:00:00",3863857,20232
"2022-11-17 00:00:00",3843625,19602
"2022-11-16 00:00:00",3824023,19738
"2022-11-15 00:00:00",3804285,17872
"2022-11-14 00:00:00",3786413,18889
"2022-11-13 00:00:00",3767524,20604
"2022-11-12 00:00:00",3746920,20762
"2022-11-11 00:00:00",3726158,20308
"2022-11-10 00:00:00",3705850,20058
"2022-11-09 00:00:00",3685792,19846
"2022-11-08 00:00:00",3665946,18281
"2022-11-07 00:00:00",3647665,18696
"2022-11-06 00:00:00",3628969,19960
"2022-11-05 00:00:00",3609009,21340
"2022-11-04 00:00:00",3587669,20976
"2022-11-03 00:00:00",3566693,19251
"2022-11-02 00:00:00",3547442,19414
"2022-11-01 00:00:00",3528028,18034
"2022-10-31 00:00:00",3509994,19166
"2022-10-30 00:00:00",3490828,21147
"2022-10-29 00:00:00",3469681,21684
"2022-10-28 00:00:00",3447997,21997
"2022-10-27 00:00:00",3426000,21481
"2022-10-26 00:00:00",3404519,22357
"2022-10-25 00:00:00",3382162,20234
"2022-10-24 00:00:00",3361928,21169
"2022-10-23 00:00:00",3340759,23743
"2022-10-22 00:00:00",3317016,23478
"2022-10-21 00:00:00",3293538,22640
"2022-10-20 00:00:00",3270898,23135
"2022-10-19 00:00:00",3247763,23057
"2022-10-18 00:00:00",3224706,21073
"2022-10-17 00:00:00",3203633,21926
"2022-10-16 00:00:00",3181707,24052
"2022-10-15 00:00:00",3157655,26479
"2022-10-14 00:00:00",3131176,25334
"2022-10-13 00:00:00",3105842,25517
"2022-10-12 00:00:00",3080325,25889
"2022-10-11 00:00:00",3054436,23495
"2022-10-10 00:00:00",3030941,25633
"2022-10-09 00:00:00",3005308,27195
"2022-10-08 00:00:00",2978113,28678
"2022-10-07 00:00:00",2949435,29323
"2022-10-06 00:00:00",2920112,29329
"2022-10-05 00:00:00",2890783,28542
"2022-10-04 00:00:00",2862241,24786
"2022-10-03 00:00:00",2837455,26601
"2022-10-02 00:00:00",2810854,27419
"2022-10-01 00:00:00",2783435,28007
"2022-09-30 00:00:00",2755428,27826
"2022-09-29 00:00:00",2727602,28413
"2022-09-28 00:00:00",2699189,28923
"2022-09-27 00:00:00",2670266,26996
"2022-09-26 00:00:00",2643270,28362
"2022-09-25 00:00:00",2614908,31192
"2022-09-24 00:00:00",2583716,31628
"2022-09-23 00:00:00",2552088,57885
"2022-09-22 00:00:00",2494203,0
"2022-09-21 00:00:00",2494203,29267
"2022-09-20 00:00:00",2464936,27899
"2022-09-19 00:00:00",2437037,29550
"2022-09-18 00:00:00",2407487,31460
"2022-09-17 00:00:00",2376027,32503
"2022-09-16 00:00:00",2343524,33486
"2022-09-15 00:00:00",2310038,33372
"2022-09-14 00:00:00",2276666,34395
"2022-09-13 00:00:00",2242271,31817
"2022-09-12 00:00:00",2210454,33652
"2022-09-11 00:00:00",2176802,34709
"2022-09-10 00:00:00",2142093,35759
"2022-09-09 00:00:00",2106334,36817
"2022-09-08 00:00:00",2069517,74822
"2022-09-07 00:00:00",1994695,0
"2022-09-06 00:00:00",1994695,36191
"2022-09-05 00:00:00",1958504,37342
"2022-09-04 00:00:00",1921162,42568
"2022-09-03 00:00:00",1878594,44031
"2022-09-02 00:00:00",1834563,44566
"2022-09-01 00:00:00",1789997,45653
"2022-08-31 00:00:00",1744344,46995
"2022-08-30 00:00:00",1697349,44516
"2022-08-29 00:00:00",1652833,48291
"2022-08-28 00:00:00",1604542,53628
"2022-08-27 00:00:00",1550914,57036
"2022-08-26 00:00:00",1493878,60606
"2022-08-25 00:00:00",1433272,63800
"2022-08-24 00:00:00",1369472,65432
"2022-08-23 00:00:00",1304040,72642
"2022-08-22 00:00:00",1231398,72642
"2022-08-21 00:00:00",1158756,72642
"2022-08-20 00:00:00",1086114,93223
"2022-08-19 00:00:00",992891,100862
"2022-08-18 00:00:00",892029,114453
"2022-08-17 00:00:00",777576,135735
"2022-08-16 00:00:00",641841,141863
"2022-08-15 00:00:00",499978,191204
"2022-08-14 00:00:00",308774,0