﻿"DateTime","Spotify Streams","Change"
"2023-05-14 00:00:00",1021584,3500
"2023-05-13 00:00:00",1018084,3526
"2023-05-12 00:00:00",1014558,3474
"2023-05-11 00:00:00",1011084,3382
"2023-05-10 00:00:00",1007702,3789
"2023-05-09 00:00:00",1003913,2904
"2023-05-08 00:00:00",1001009,2996
"2023-05-07 00:00:00",998013,3957
"2023-05-06 00:00:00",994056,3657
"2023-05-05 00:00:00",990399,3588
"2023-05-04 00:00:00",986811,3475
"2023-05-03 00:00:00",983336,3788
"2023-05-02 00:00:00",979548,2813
"2023-05-01 00:00:00",976735,3061
"2023-04-30 00:00:00",973674,3381
"2023-04-29 00:00:00",970293,3563
"2023-04-28 00:00:00",966730,3616
"2023-04-27 00:00:00",963114,3702
"2023-04-26 00:00:00",959412,3988
"2023-04-25 00:00:00",955424,3085
"2023-04-24 00:00:00",952339,3227
"2023-04-23 00:00:00",949112,3538
"2023-04-22 00:00:00",945574,3831
"2023-04-21 00:00:00",941743,4047
"2023-04-20 00:00:00",937696,4470
"2023-04-19 00:00:00",933226,4562
"2023-04-18 00:00:00",928664,2759
"2023-04-17 00:00:00",925905,2675
"2023-04-16 00:00:00",923230,2951
"2023-04-15 00:00:00",920279,3139
"2023-04-14 00:00:00",917140,3021
"2023-04-13 00:00:00",914119,3388
"2023-04-12 00:00:00",910731,3385
"2023-04-11 00:00:00",907346,2869
"2023-04-10 00:00:00",904477,2819
"2023-04-09 00:00:00",901658,3039
"2023-04-08 00:00:00",898619,3143
"2023-04-07 00:00:00",895476,3340
"2023-04-06 00:00:00",892136,3664
"2023-04-05 00:00:00",888472,3571
"2023-04-04 00:00:00",884901,2586
"2023-04-03 00:00:00",882315,2669
"2023-04-02 00:00:00",879646,3070
"2023-04-01 00:00:00",876576,3437
"2023-03-31 00:00:00",873139,3326
"2023-03-30 00:00:00",869813,3160
"2023-03-29 00:00:00",866653,3503
"2023-03-28 00:00:00",863150,2973
"2023-03-27 00:00:00",860177,2917
"2023-03-26 00:00:00",857260,3285
"2023-03-25 00:00:00",853975,3445
"2023-03-24 00:00:00",850530,3448
"2023-03-23 00:00:00",847082,3810
"2023-03-22 00:00:00",843272,3995
"2023-03-21 00:00:00",839277,3295
"2023-03-20 00:00:00",835982,3200
"2023-03-19 00:00:00",832782,3650
"2023-03-18 00:00:00",829132,3662
"2023-03-17 00:00:00",825470,3889
"2023-03-16 00:00:00",821581,4138
"2023-03-15 00:00:00",817443,4494
"2023-03-14 00:00:00",812949,3067
"2023-03-13 00:00:00",809882,3079
"2023-03-12 00:00:00",806803,3494
"2023-03-11 00:00:00",803309,3710
"2023-03-10 00:00:00",799599,3612
"2023-03-09 00:00:00",795987,3644
"2023-03-08 00:00:00",792343,3728
"2023-03-07 00:00:00",788615,3091
"2023-03-06 00:00:00",785524,3341
"2023-03-05 00:00:00",782183,4026
"2023-03-04 00:00:00",778157,4213
"2023-03-03 00:00:00",773944,4115
"2023-03-02 00:00:00",769829,4646
"2023-03-01 00:00:00",765183,5559
"2023-02-28 00:00:00",759624,3816
"2023-02-27 00:00:00",755808,3525
"2023-02-26 00:00:00",752283,3939
"2023-02-25 00:00:00",748344,4169
"2023-02-24 00:00:00",744175,4514
"2023-02-23 00:00:00",739661,4362
"2023-02-22 00:00:00",735299,4085
"2023-02-21 00:00:00",731214,3756
"2023-02-20 00:00:00",727458,3882
"2023-02-19 00:00:00",723576,4265
"2023-02-18 00:00:00",719311,4596
"2023-02-17 00:00:00",714715,4425
"2023-02-16 00:00:00",710290,4478
"2023-02-15 00:00:00",705812,4539
"2023-02-14 00:00:00",701273,3578
"2023-02-13 00:00:00",697695,3762
"2023-02-12 00:00:00",693933,4002
"2023-02-11 00:00:00",689931,4419
"2023-02-10 00:00:00",685512,4818
"2023-02-09 00:00:00",680694,5219
"2023-02-08 00:00:00",675475,4305
"2023-02-07 00:00:00",671170,3639
"2023-02-06 00:00:00",667531,3994
"2023-02-05 00:00:00",663537,4541
"2023-02-04 00:00:00",658996,5014
"2023-02-03 00:00:00",653982,4916
"2023-02-02 00:00:00",649066,5092
"2023-02-01 00:00:00",643974,5134
"2023-01-31 00:00:00",638840,4223
"2023-01-30 00:00:00",634617,4221
"2023-01-29 00:00:00",630396,4695
"2023-01-28 00:00:00",625701,4695
"2023-01-27 00:00:00",621006,5256
"2023-01-26 00:00:00",615750,5003
"2023-01-25 00:00:00",610747,5092
"2023-01-24 00:00:00",605655,4988
"2023-01-23 00:00:00",600667,4965
"2023-01-22 00:00:00",595702,4673
"2023-01-21 00:00:00",591029,5155
"2023-01-20 00:00:00",585874,5314
"2023-01-19 00:00:00",580560,5158
"2023-01-18 00:00:00",575402,4933
"2023-01-17 00:00:00",570469,4304
"2023-01-16 00:00:00",566165,3906
"2023-01-15 00:00:00",562259,4654
"2023-01-14 00:00:00",557605,4916
"2023-01-13 00:00:00",552689,5579
"2023-01-12 00:00:00",547110,4840
"2023-01-11 00:00:00",542270,5137
"2023-01-10 00:00:00",537133,4313
"2023-01-09 00:00:00",532820,4475
"2023-01-08 00:00:00",528345,4189
"2023-01-07 00:00:00",524156,4345
"2023-01-06 00:00:00",519811,4352
"2023-01-05 00:00:00",515459,5325
"2023-01-04 00:00:00",510134,4789
"2023-01-03 00:00:00",505345,3926
"2023-01-02 00:00:00",501419,3951
"2023-01-01 00:00:00",497468,4070
"2022-12-31 00:00:00",493398,4282
"2022-12-30 00:00:00",489116,3951
"2022-12-29 00:00:00",485165,3681
"2022-12-28 00:00:00",481484,3499
"2022-12-27 00:00:00",477985,3177
"2022-12-26 00:00:00",474808,3697
"2022-12-25 00:00:00",471111,4267
"2022-12-24 00:00:00",466844,5143
"2022-12-23 00:00:00",461701,4984
"2022-12-22 00:00:00",456717,5413
"2022-12-21 00:00:00",451304,6640
"2022-12-20 00:00:00",444664,3791
"2022-12-19 00:00:00",440873,4063
"2022-12-18 00:00:00",436810,3381
"2022-12-17 00:00:00",433429,3343
"2022-12-16 00:00:00",430086,3491
"2022-12-15 00:00:00",426595,3454
"2022-12-14 00:00:00",423141,4046
"2022-12-13 00:00:00",419095,3321
"2022-12-12 00:00:00",415774,3212
"2022-12-11 00:00:00",412562,3551
"2022-12-10 00:00:00",409011,4049
"2022-12-09 00:00:00",404962,4269
"2022-12-08 00:00:00",400693,4536
"2022-12-07 00:00:00",396157,5098
"2022-12-06 00:00:00",391059,3527
"2022-12-05 00:00:00",387532,3527
"2022-12-04 00:00:00",384005,3527
"2022-12-03 00:00:00",380478,3527
"2022-12-02 00:00:00",376951,3527
"2022-12-01 00:00:00",373424,3527
"2022-11-30 00:00:00",369897,3498
"2022-11-29 00:00:00",366399,2845
"2022-11-28 00:00:00",363554,2976
"2022-11-27 00:00:00",360578,2692
"2022-11-26 00:00:00",357886,2842
"2022-11-25 00:00:00",355044,3172
"2022-11-24 00:00:00",351872,3394
"2022-11-23 00:00:00",348478,3600
"2022-11-22 00:00:00",344878,3213
"2022-11-21 00:00:00",341665,3423
"2022-11-20 00:00:00",338242,3770
"2022-11-19 00:00:00",334472,3770
"2022-11-18 00:00:00",330702,4061
"2022-11-17 00:00:00",326641,4002
"2022-11-16 00:00:00",322639,4286
"2022-11-15 00:00:00",318353,3004
"2022-11-14 00:00:00",315349,3131
"2022-11-13 00:00:00",312218,3307
"2022-11-12 00:00:00",308911,3468
"2022-11-11 00:00:00",305443,3550
"2022-11-10 00:00:00",301893,3263
"2022-11-09 00:00:00",298630,3604
"2022-11-08 00:00:00",295026,2909
"2022-11-07 00:00:00",292117,2777
"2022-11-06 00:00:00",289340,3118
"2022-11-05 00:00:00",286222,3519
"2022-11-04 00:00:00",282703,3333
"2022-11-03 00:00:00",279370,3119
"2022-11-02 00:00:00",276251,3483
"2022-11-01 00:00:00",272768,2740
"2022-10-31 00:00:00",270028,2896
"2022-10-30 00:00:00",267132,3368
"2022-10-29 00:00:00",263764,3584
"2022-10-28 00:00:00",260180,3430
"2022-10-27 00:00:00",256750,3575
"2022-10-26 00:00:00",253175,3748
"2022-10-25 00:00:00",249427,3304
"2022-10-24 00:00:00",246123,3309
"2022-10-23 00:00:00",242814,3561
"2022-10-22 00:00:00",239253,3799
"2022-10-21 00:00:00",235454,4221
"2022-10-20 00:00:00",231233,4007
"2022-10-19 00:00:00",227226,4156
"2022-10-18 00:00:00",223070,2759
"2022-10-17 00:00:00",220311,2728
"2022-10-16 00:00:00",217583,2816
"2022-10-15 00:00:00",214767,2737
"2022-10-14 00:00:00",212030,2782
"2022-10-13 00:00:00",209248,2780
"2022-10-12 00:00:00",206468,2725
"2022-10-11 00:00:00",203743,2512
"2022-10-10 00:00:00",201231,2682
"2022-10-09 00:00:00",198549,2658
"2022-10-08 00:00:00",195891,3099
"2022-10-07 00:00:00",192792,3104
"2022-10-06 00:00:00",189688,3522
"2022-10-05 00:00:00",186166,3369
"2022-10-04 00:00:00",182797,2675
"2022-10-03 00:00:00",180122,2678
"2022-10-02 00:00:00",177444,3299
"2022-10-01 00:00:00",174145,3644
"2022-09-30 00:00:00",170501,3661
"2022-09-29 00:00:00",166840,3428
"2022-09-28 00:00:00",163412,3405
"2022-09-27 00:00:00",160007,3140
"2022-09-26 00:00:00",156867,3366
"2022-09-25 00:00:00",153501,3882
"2022-09-24 00:00:00",149619,4103
"2022-09-23 00:00:00",145516,4510
"2022-09-22 00:00:00",141006,4762
"2022-09-21 00:00:00",136244,5184
"2022-09-20 00:00:00",131060,3732
"2022-09-19 00:00:00",127328,3972
"2022-09-18 00:00:00",123356,4779
"2022-09-17 00:00:00",118577,4724
"2022-09-16 00:00:00",113853,5722
"2022-09-15 00:00:00",108131,5475
"2022-09-14 00:00:00",102656,5440
"2022-09-13 00:00:00",97216,4219
"2022-09-12 00:00:00",92998,4219
"2022-09-11 00:00:00",88779,5450
"2022-09-10 00:00:00",83329,5777
"2022-09-09 00:00:00",77552,6561
"2022-09-08 00:00:00",70991,13674
"2022-09-07 00:00:00",57317,0
"2022-09-06 00:00:00",57317,4764
"2022-09-05 00:00:00",52553,4882
"2022-09-04 00:00:00",47671,5820
"2022-09-03 00:00:00",41851,5389
"2022-09-02 00:00:00",36462,1613
"2022-09-01 00:00:00",34849,1223
"2022-08-31 00:00:00",33626,1192
"2022-08-30 00:00:00",32434,1033
"2022-08-29 00:00:00",31401,1228
"2022-08-28 00:00:00",30173,1034
"2022-08-27 00:00:00",29139,975
"2022-08-26 00:00:00",28164,1221
"2022-08-25 00:00:00",26943,1196
"2022-08-24 00:00:00",25747,1290
"2022-08-23 00:00:00",24457,1138
"2022-08-22 00:00:00",23319,1286
"2022-08-21 00:00:00",22033,1456
"2022-08-20 00:00:00",20577,1657
"2022-08-19 00:00:00",18920,1688
"2022-08-18 00:00:00",17232,1869
"2022-08-17 00:00:00",15363,2180
"2022-08-16 00:00:00",13183,1865
"2022-08-15 00:00:00",11318,0