﻿"DateTime","Spotify Streams","Change"
"2023-05-15 00:00:00",1547739,2388
"2023-05-14 00:00:00",1545351,2591
"2023-05-13 00:00:00",1542760,2591
"2023-05-12 00:00:00",1540169,2504
"2023-05-11 00:00:00",1537666,2504
"2023-05-10 00:00:00",1535162,2481
"2023-05-09 00:00:00",1532681,2212
"2023-05-08 00:00:00",1530469,0
"2023-05-07 00:00:00",1530469,4198
"2023-05-06 00:00:00",1526271,4198
"2023-05-05 00:00:00",1522073,2767
"2023-05-04 00:00:00",1519306,0
"2023-05-03 00:00:00",1519306,5030
"2023-05-02 00:00:00",1514276,0
"2023-05-01 00:00:00",1514276,2202
"2023-04-30 00:00:00",1512074,5018
"2023-04-29 00:00:00",1507056,2501
"2023-04-28 00:00:00",1504555,0
"2023-04-27 00:00:00",1504555,5114
"2023-04-26 00:00:00",1499441,2376
"2023-04-25 00:00:00",1497065,2090
"2023-04-24 00:00:00",1494975,0
"2023-04-23 00:00:00",1494975,3869
"2023-04-22 00:00:00",1491107,3869
"2023-04-21 00:00:00",1487238,2622
"2023-04-20 00:00:00",1484617,2622
"2023-04-19 00:00:00",1481995,2663
"2023-04-18 00:00:00",1479332,2240
"2023-04-17 00:00:00",1477092,2541
"2023-04-16 00:00:00",1474551,2902
"2023-04-15 00:00:00",1471649,2891
"2023-04-14 00:00:00",1468758,2743
"2023-04-13 00:00:00",1466015,2980
"2023-04-12 00:00:00",1463035,3067
"2023-04-11 00:00:00",1459968,2228
"2023-04-10 00:00:00",1457740,2563
"2023-04-09 00:00:00",1455177,2843
"2023-04-08 00:00:00",1452334,2892
"2023-04-07 00:00:00",1449442,2891
"2023-04-06 00:00:00",1446551,3111
"2023-04-05 00:00:00",1443440,0
"2023-04-04 00:00:00",1443440,5229
"2023-04-03 00:00:00",1438211,2824
"2023-04-02 00:00:00",1435387,2903
"2023-04-01 00:00:00",1432484,0
"2023-03-31 00:00:00",1432484,6163
"2023-03-30 00:00:00",1426321,2995
"2023-03-29 00:00:00",1423326,2761
"2023-03-28 00:00:00",1420565,2543
"2023-03-27 00:00:00",1418022,2884
"2023-03-26 00:00:00",1415138,3109
"2023-03-25 00:00:00",1412029,3114
"2023-03-24 00:00:00",1408915,3219
"2023-03-23 00:00:00",1405696,3229
"2023-03-22 00:00:00",1402467,3252
"2023-03-21 00:00:00",1399215,0
"2023-03-20 00:00:00",1399215,6092
"2023-03-19 00:00:00",1393123,3577
"2023-03-18 00:00:00",1389546,3630
"2023-03-17 00:00:00",1385916,3560
"2023-03-16 00:00:00",1382356,3798
"2023-03-15 00:00:00",1378558,3423
"2023-03-14 00:00:00",1375135,0
"2023-03-13 00:00:00",1375135,6266
"2023-03-12 00:00:00",1368869,0
"2023-03-11 00:00:00",1368869,6823
"2023-03-10 00:00:00",1362046,3396
"2023-03-09 00:00:00",1358650,3337
"2023-03-08 00:00:00",1355313,3340
"2023-03-07 00:00:00",1351973,3123
"2023-03-06 00:00:00",1348850,3338
"2023-03-05 00:00:00",1345512,3595
"2023-03-04 00:00:00",1341917,3634
"2023-03-03 00:00:00",1338283,0
"2023-03-02 00:00:00",1338283,7149
"2023-03-01 00:00:00",1331134,3384
"2023-02-28 00:00:00",1327750,2996
"2023-02-27 00:00:00",1324754,0
"2023-02-26 00:00:00",1324754,7076
"2023-02-25 00:00:00",1317678,3339
"2023-02-24 00:00:00",1314339,3309
"2023-02-23 00:00:00",1311030,3388
"2023-02-22 00:00:00",1307642,3218
"2023-02-21 00:00:00",1304424,0
"2023-02-20 00:00:00",1304424,6258
"2023-02-19 00:00:00",1298166,3658
"2023-02-18 00:00:00",1294508,0
"2023-02-17 00:00:00",1294508,7151
"2023-02-16 00:00:00",1287357,3566
"2023-02-15 00:00:00",1283791,3151
"2023-02-14 00:00:00",1280640,3001
"2023-02-13 00:00:00",1277639,3429
"2023-02-12 00:00:00",1274210,3751
"2023-02-11 00:00:00",1270459,0
"2023-02-10 00:00:00",1270459,7024
"2023-02-09 00:00:00",1263435,3624
"2023-02-08 00:00:00",1259811,0
"2023-02-07 00:00:00",1259811,6518
"2023-02-06 00:00:00",1253293,3431
"2023-02-05 00:00:00",1249862,3782
"2023-02-04 00:00:00",1246080,3929
"2023-02-03 00:00:00",1242151,3988
"2023-02-02 00:00:00",1238163,3828
"2023-02-01 00:00:00",1234335,3751
"2023-01-31 00:00:00",1230584,3344
"2023-01-30 00:00:00",1227240,3831
"2023-01-29 00:00:00",1223409,2028
"2023-01-28 00:00:00",1221381,2028
"2023-01-27 00:00:00",1219353,7356
"2023-01-26 00:00:00",1211997,0
"2023-01-25 00:00:00",1211997,7121
"2023-01-24 00:00:00",1204876,3246
"2023-01-23 00:00:00",1201630,3493
"2023-01-22 00:00:00",1198137,3760
"2023-01-21 00:00:00",1194377,3789
"2023-01-20 00:00:00",1190588,3824
"2023-01-19 00:00:00",1186764,3844
"2023-01-18 00:00:00",1182920,3443
"2023-01-17 00:00:00",1179477,3299
"2023-01-16 00:00:00",1176178,3669
"2023-01-15 00:00:00",1172509,4215
"2023-01-14 00:00:00",1168294,4204
"2023-01-13 00:00:00",1164090,4035
"2023-01-12 00:00:00",1160055,4219
"2023-01-11 00:00:00",1155836,4043
"2023-01-10 00:00:00",1151793,3574
"2023-01-09 00:00:00",1148219,4016
"2023-01-08 00:00:00",1144203,4231
"2023-01-07 00:00:00",1139972,4277
"2023-01-06 00:00:00",1135695,4234
"2023-01-05 00:00:00",1131461,4083
"2023-01-04 00:00:00",1127378,3763
"2023-01-03 00:00:00",1123615,3444
"2023-01-02 00:00:00",1120171,4015
"2023-01-01 00:00:00",1116156,4420
"2022-12-31 00:00:00",1111736,0
"2022-12-30 00:00:00",1111736,8371
"2022-12-29 00:00:00",1103365,3848
"2022-12-28 00:00:00",1099517,3466
"2022-12-27 00:00:00",1096051,3236
"2022-12-26 00:00:00",1092815,3783
"2022-12-25 00:00:00",1089032,3974
"2022-12-24 00:00:00",1085058,4299
"2022-12-23 00:00:00",1080759,4310
"2022-12-22 00:00:00",1076449,4190
"2022-12-21 00:00:00",1072259,4185
"2022-12-20 00:00:00",1068074,3572
"2022-12-19 00:00:00",1064502,4379
"2022-12-18 00:00:00",1060123,4510
"2022-12-17 00:00:00",1055613,4703
"2022-12-16 00:00:00",1050910,4862
"2022-12-15 00:00:00",1046048,4566
"2022-12-14 00:00:00",1041482,4449
"2022-12-13 00:00:00",1037033,3887
"2022-12-12 00:00:00",1033146,4415
"2022-12-11 00:00:00",1028731,4799
"2022-12-10 00:00:00",1023932,5101
"2022-12-09 00:00:00",1018831,5376
"2022-12-08 00:00:00",1013455,5361
"2022-12-07 00:00:00",1008094,5303
"2022-12-06 00:00:00",1002791,5548
"2022-12-05 00:00:00",997243,5548
"2022-12-04 00:00:00",991694,5548
"2022-12-03 00:00:00",986146,5548
"2022-12-02 00:00:00",980597,5548
"2022-12-01 00:00:00",975049,5437
"2022-11-30 00:00:00",969612,5352
"2022-11-29 00:00:00",964260,4754
"2022-11-28 00:00:00",959506,5105
"2022-11-27 00:00:00",954401,4945
"2022-11-26 00:00:00",949456,5217
"2022-11-25 00:00:00",944239,6007
"2022-11-24 00:00:00",938232,5821
"2022-11-23 00:00:00",932411,5538
"2022-11-22 00:00:00",926873,4947
"2022-11-21 00:00:00",921926,5580
"2022-11-20 00:00:00",916346,6010
"2022-11-19 00:00:00",910336,6439
"2022-11-18 00:00:00",903897,6037
"2022-11-17 00:00:00",897860,6127
"2022-11-16 00:00:00",891733,5990
"2022-11-15 00:00:00",885743,5325
"2022-11-14 00:00:00",880418,6227
"2022-11-13 00:00:00",874191,6357
"2022-11-12 00:00:00",867834,6622
"2022-11-11 00:00:00",861212,6458
"2022-11-10 00:00:00",854754,6415
"2022-11-09 00:00:00",848339,6452
"2022-11-08 00:00:00",841887,5432
"2022-11-07 00:00:00",836455,6222
"2022-11-06 00:00:00",830233,6958
"2022-11-05 00:00:00",823275,7509
"2022-11-04 00:00:00",815766,7390
"2022-11-03 00:00:00",808376,7289
"2022-11-02 00:00:00",801087,7382
"2022-11-01 00:00:00",793705,6757
"2022-10-31 00:00:00",786948,7988
"2022-10-30 00:00:00",778960,8752
"2022-10-29 00:00:00",770208,8866
"2022-10-28 00:00:00",761342,8732
"2022-10-27 00:00:00",752610,8965
"2022-10-26 00:00:00",743645,8602
"2022-10-25 00:00:00",735043,7721
"2022-10-24 00:00:00",727322,8947
"2022-10-23 00:00:00",718375,9795
"2022-10-22 00:00:00",708580,9750
"2022-10-21 00:00:00",698830,9758
"2022-10-20 00:00:00",689072,10144
"2022-10-19 00:00:00",678928,10634
"2022-10-18 00:00:00",668294,9794
"2022-10-17 00:00:00",658500,11255
"2022-10-16 00:00:00",647245,11656
"2022-10-15 00:00:00",635589,27426
"2022-10-14 00:00:00",608163,0
"2022-10-13 00:00:00",608163,13392
"2022-10-12 00:00:00",594771,11994
"2022-10-11 00:00:00",582777,10691
"2022-10-10 00:00:00",572086,12742
"2022-10-09 00:00:00",559344,14047
"2022-10-08 00:00:00",545297,15428
"2022-10-07 00:00:00",529869,15048
"2022-10-06 00:00:00",514821,14032
"2022-10-05 00:00:00",500789,13894
"2022-10-04 00:00:00",486895,12682
"2022-10-03 00:00:00",474213,14400
"2022-10-02 00:00:00",459813,15946
"2022-10-01 00:00:00",443867,17243
"2022-09-30 00:00:00",426624,17519
"2022-09-29 00:00:00",409105,19368
"2022-09-28 00:00:00",389738,19368
"2022-09-27 00:00:00",370370,18254
"2022-09-26 00:00:00",352116,23058
"2022-09-25 00:00:00",329058,30192
"2022-09-24 00:00:00",298866,32533
"2022-09-23 00:00:00",266333,71551
"2022-09-22 00:00:00",194782,0
"2022-09-21 00:00:00",194782,36774
"2022-09-20 00:00:00",158008,34608
"2022-09-19 00:00:00",123400,49278
"2022-09-18 00:00:00",74122,0